\nSimulated Annealing...Discreted\n

	 Fitness Limit : -Inf
Diagnostic information.
	objective function = @sa_cav_y_4dof
	X0 = [  1 9 0.7 1.34 ]
Modified options:
	options.AnnealingFcn = @d_annealing_c4
	options.TemperatureFcn = @temperatureexp
	options.StallIterLimit = 1000
	options.InitialTemperature = [  100 100 100 100 ]
	options.Display = 'diagnose'
	options.ReannealInterval = 10
	options.DisplayInterval = 1 
	options.AcceptanceFcn = @acceptancesa
End of diagnostic information.


                           Best        Current           Mean
Iteration   f-count         f(x)         f(x)         temperature
     0          1      0.0932996      0.0932996            100
     1          2      0.0932996      0.0932996          90.25
     2          3      0.0932996      0.0932996        85.7375
     3          4      0.0932996      0.0932996        81.4506
     4          5      0.0932996      0.0932996        77.3781
     5          6      0.0932996      0.0932996        73.5092
     6          7      0.0932996      0.0932996        69.8337
     7          8      0.0932996      0.0932996         66.342
     8          9      0.0932996      0.0932996        63.0249
     9         10      0.0932996      0.0932996        59.8737
    10         11      0.0932996      0.0932996          56.88
    11         12      0.0932996      0.0932996         54.036
    12         13      0.0932996      0.0932996        51.3342
    13         14      0.0932996      0.0932996        48.7675
    14         15      0.0932996      0.0932996        46.3291
    15         16      0.0932996      0.0932996        44.0127
    16         17      0.0932996      0.0932996         41.812
    17         18      0.0932996       0.122195        39.7214
    18         19      0.0932996       0.122195        37.7354
    19         20      0.0932996       0.122195        35.8486
    20         21      0.0932996       0.122195        34.0562
    21         22      0.0932996       0.121029        32.3534
    22         23      0.0932996       0.121029        30.7357
    23         24      0.0932996        0.16117        29.1989
    24         25      0.0932996       0.107541         27.739
    25         26      0.0932996       0.107541         26.352
    26         27      0.0932996       0.107541        25.0344
    27         28      0.0932996       0.107541        23.7827
    28         29      0.0912975      0.0912975        22.5936
    29         30      0.0912975      0.0912975        21.4639
    30         31      0.0890412      0.0890412        20.3907

                           Best        Current           Mean
Iteration   f-count         f(x)         f(x)         temperature
    31         32      0.0890412      0.0890412        19.3711
    32         33      0.0890412      0.0890412        18.4026
    33         34      0.0890412      0.0890412        17.4825
    34         35      0.0890412      0.0890412        16.6083
    35         36      0.0890412      0.0890412        15.7779
    36         37      0.0890412      0.0890412         14.989
    37         38      0.0890412      0.0890412        14.2396
    38         39      0.0890412      0.0890412        13.5276
    39         40      0.0890412      0.0890412        12.8512
    40         41      0.0890412      0.0890412        12.2087
    41         42      0.0890412       0.119666        11.5982
    42         43      0.0890412       0.119666        11.0183
    43         44      0.0890412       0.257343        10.4674
    44         45      0.0890412       0.257343        9.94403
    45         46      0.0890412       0.257343        9.44682
    46         47      0.0890412       0.257343        8.97448
    47         48      0.0890412       0.257343        8.52576
    48         49      0.0890412       0.257343        8.09947
    49         50      0.0890412       0.257343         7.6945
*   50         51      0.0890412       0.128676             95
    51         52      0.0890412       0.128676          90.25
    52         53      0.0890412       0.128676        85.7375
    53         54      0.0890412       0.128676        81.4506
    54         55      0.0890412       0.128676        77.3781
    55         56      0.0890412       0.128676        73.5092
    56         57      0.0890412       0.128676        69.8337
    57         58      0.0890412       0.128676         66.342
    58         59      0.0890412       0.128676        63.0249
    59         60      0.0890412       0.128676        59.8737
    60         61      0.0890412       0.128676          56.88

                           Best        Current           Mean
Iteration   f-count         f(x)         f(x)         temperature
    61         62      0.0890412       0.128676         54.036
    62         63      0.0890412       0.128676        51.3342
    63         64      0.0890412       0.128676        48.7675
    64         65      0.0890412       0.128676        46.3291
    65         66      0.0890412       0.536572        44.0127
    66         67      0.0890412       0.536572         41.812
    67         68      0.0890412       0.536572        39.7214
    68         69      0.0890412       0.536572        37.7354
    69         70      0.0890412       0.386886        35.8486
    70         71      0.0890412       0.267134        34.0562
    71         72      0.0890412         0.1411        32.3534
    72         73      0.0890412       0.176958        30.7357
    73         74      0.0890412       0.176958        29.1989
    74         75      0.0890412       0.176958         27.739
    75         76      0.0890412       0.176958         26.352
    76         77      0.0890412       0.176958        25.0344
    77         78      0.0890412       0.168691        23.7827
    78         79      0.0890412       0.168691        22.5936
    79         80      0.0890412        0.44024        21.4639
    80         81      0.0890412        0.44024        20.3907
    81         82      0.0890412       0.171398        19.3711
    82         83      0.0890412       0.171398        18.4026
    83         84      0.0890412       0.154803        17.4825
    84         85      0.0890412       0.154803        16.6083
    85         86      0.0890412       0.154803        15.7779
    86         87      0.0890412       0.154803         14.989
*   87         88      0.0890412       0.133928             95
    88         89      0.0890412       0.333199          90.25
    89         90      0.0890412       0.333199        85.7375
    90         91      0.0890412       0.333199        81.4506

                           Best        Current           Mean
Iteration   f-count         f(x)         f(x)         temperature
    91         92      0.0890412       0.333199        77.3781
    92         93      0.0890412       0.333199        73.5092
    93         94      0.0890412       0.333199        69.8337
    94         95      0.0890412       0.333199         66.342
    95         96      0.0890412       0.333199        63.0249
    96         97      0.0890412       0.333199        59.8737
    97         98      0.0890412       0.191368          56.88
    98         99      0.0890412       0.191368         54.036
    99        100      0.0890412       0.191368        51.3342
   100        101      0.0890412       0.191368        48.7675
   101        102      0.0890412       0.191368        46.3291
   102        103      0.0890412       0.191368        44.0127
   103        104      0.0890412       0.191368         41.812
   104        105      0.0890412       0.191368        39.7214
   105        106      0.0890412       0.132808        37.7354
   106        107      0.0890412       0.132808        35.8486
   107        108      0.0890412       0.132808        34.0562
   108        109      0.0890412        1.30497        32.3534
   109        110      0.0890412        1.16602        30.7357
   110        111      0.0890412        1.16602        29.1989
   111        112      0.0890412       0.111838         27.739
   112        113      0.0890412       0.111838         26.352
   113        114      0.0890412       0.111838        25.0344
   114        115      0.0890412       0.111838        23.7827
   115        116      0.0890412       0.111838        22.5936
   116        117      0.0890412      0.0939706        21.4639
   117        118      0.0890412      0.0939706        20.3907
   118        119      0.0890412      0.0939706        19.3711
   119        120      0.0890412      0.0939706        18.4026
   120        121      0.0890412      0.0939706        17.4825

                           Best        Current           Mean
Iteration   f-count         f(x)         f(x)         temperature
   121        122      0.0890412       0.168198        16.6083
   122        123      0.0890412       0.168198        15.7779
   123        124      0.0890412       0.166985         14.989
   124        125      0.0890412       0.166985        14.2396
   125        126      0.0890412       0.166985        13.5276
*  126        127      0.0890412       0.254876             95
   127        128      0.0890412       0.254876          90.25
   128        129      0.0890412       0.254876        85.7375
   129        130      0.0890412       0.254876        81.4506
   130        131      0.0890412         3.7567        77.3781
   131        132      0.0890412         3.7567        73.5092
   132        133      0.0890412      0.0906668        69.8337
   133        134      0.0890412      0.0906668         66.342
   134        135      0.0890412      0.0906668        63.0249
   135        136      0.0890412      0.0906668        59.8737
   136        137      0.0890412      0.0906668          56.88
   137        138      0.0890412      0.0906668         54.036
   138        139      0.0890412      0.0906668        51.3342
   139        140      0.0890412      0.0906668        48.7675
   140        141      0.0890412      0.0906668        46.3291
   141        142      0.0890412      0.0906668        44.0127
   142        143      0.0890412      0.0906668         41.812
   143        144      0.0890412      0.0906668        39.7214
   144        145      0.0890412      0.0906668        37.7354
   145        146      0.0890412      0.0906668        35.8486
   146        147      0.0890412       0.130855        34.0562
   147        148      0.0890412       0.130855        32.3534
   148        149      0.0890412       0.130855        30.7357
   149        150      0.0890412       0.130855        29.1989
   150        151      0.0890412       0.130855         27.739

                           Best        Current           Mean
Iteration   f-count         f(x)         f(x)         temperature
   151        152      0.0890412       0.130855         26.352
   152        153      0.0890412       0.120142        25.0344
   153        154      0.0890412       0.120142        23.7827
   154        155      0.0882901      0.0882901        22.5936
   155        156      0.0882901      0.0882901        21.4639
   156        157      0.0882901      0.0882901        20.3907
   157        158      0.0882901      0.0882901        19.3711
   158        159      0.0882901      0.0882901        18.4026
   159        160      0.0882901      0.0882901        17.4825
   160        161      0.0882901      0.0882901        16.6083
   161        162      0.0882901      0.0882901        15.7779
   162        163      0.0882901      0.0882901         14.989
   163        164      0.0882901      0.0882901        14.2396
   164        165      0.0882901      0.0882901        13.5276
   165        166      0.0882901      0.0882901        12.8512
   166        167      0.0882901       0.309066        12.2087
   167        168      0.0882901       0.175869        11.5982
   168        169      0.0882901      0.0882901        11.0183
   169        170      0.0882901      0.0882901        10.4674
   170        171      0.0882901      0.0882901        9.94403
   171        172      0.0882901      0.0882901        9.44682
   172        173      0.0768773      0.0768773        8.97448
*  173        174      0.0768773       0.914946             95
   174        175      0.0768773       0.914946          90.25
   175        176      0.0768773       0.914946        85.7375
   176        177      0.0768773       0.914946        81.4506
   177        178      0.0768773       0.914946        77.3781
   178        179      0.0768773       0.287358        73.5092
   179        180      0.0768773       0.287358        69.8337
   180        181      0.0768773       0.287358         66.342

                           Best        Current           Mean
Iteration   f-count         f(x)         f(x)         temperature
   181        182      0.0768773       0.287358        63.0249
   182        183      0.0768773       0.287358        59.8737
   183        184      0.0768773       0.287358          56.88
   184        185      0.0768773       0.287358         54.036
   185        186      0.0768773       0.287358        51.3342
   186        187      0.0768773       0.287358        48.7675
   187        188      0.0768773       0.287358        46.3291
   188        189      0.0768773       0.287358        44.0127
   189        190      0.0768773       0.287358         41.812
   190        191      0.0768773       0.287358        39.7214
   191        192      0.0768773       0.242017        37.7354
   192        193      0.0768773       0.242017        35.8486
   193        194      0.0768773       0.242017        34.0562
   194        195      0.0768773        2.27443        32.3534
   195        196      0.0768773        2.27443        30.7357
   196        197      0.0768773        2.27443        29.1989
   197        198      0.0768773        2.27443         27.739
   198        199      0.0768773       0.370597         26.352
   199        200      0.0768773       0.370597        25.0344
   200        201      0.0768773       0.370597        23.7827
   201        202      0.0768773        2.15165        22.5936
   202        203      0.0768773       0.767245        21.4639
   203        204      0.0768773      0.0938241        20.3907
   204        205      0.0768773      0.0938241        19.3711
   205        206      0.0768773      0.0938241        18.4026
   206        207      0.0768773        0.30535        17.4825
   207        208      0.0768773        0.22023        16.6083
   208        209      0.0768773        0.22023        15.7779
   209        210      0.0768773        0.22023         14.989
   210        211      0.0768773        0.22023        14.2396

                           Best        Current           Mean
Iteration   f-count         f(x)         f(x)         temperature
   211        212      0.0768773        0.22023        13.5276
   212        213      0.0768773        0.22023        12.8512
*  213        214      0.0768773       0.205451             95
   214        215      0.0768773       0.205451          90.25
   215        216      0.0768773       0.205451        85.7375
   216        217      0.0768773       0.205451        81.4506
   217        218      0.0768773       0.205451        77.3781
   218        219      0.0768773       0.209589        73.5092
   219        220      0.0768773       0.209589        69.8337
   220        221      0.0768773       0.209589         66.342
   221        222      0.0768773       0.209589        63.0249
   222        223      0.0768773       0.209589        59.8737
   223        224      0.0768773       0.209589          56.88
   224        225      0.0768773       0.209589         54.036
   225        226      0.0768773       0.209589        51.3342
   226        227      0.0768773       0.209589        48.7675
   227        228      0.0768773       0.209589        46.3291
   228        229      0.0768773       0.209589        44.0127
   229        230      0.0768773       0.209589         41.812
   230        231      0.0768773       0.209589        39.7214
   231        232      0.0768773       0.219129        37.7354
   232        233      0.0768773       0.219129        35.8486
   233        234      0.0768773       0.219129        34.0562
   234        235      0.0768773       0.219129        32.3534
   235        236      0.0768773       0.219129        30.7357
   236        237      0.0768773       0.219129        29.1989
   237        238      0.0768773       0.219129         27.739
   238        239      0.0768773       0.219129         26.352
   239        240      0.0768773       0.219129        25.0344
   240        241      0.0768773       0.219129        23.7827

                           Best        Current           Mean
Iteration   f-count         f(x)         f(x)         temperature
   241        242      0.0768773       0.219129        22.5936
   242        243      0.0768773       0.219129        21.4639
   243        244      0.0768773       0.219129        20.3907
   244        245      0.0768773       0.219129        19.3711
   245        246      0.0768773       0.219129        18.4026
   246        247      0.0768773       0.219129        17.4825
   247        248      0.0768773       0.219129        16.6083
   248        249      0.0768773       0.219129        15.7779
   249        250      0.0768773       0.219129         14.989
   250        251      0.0768773       0.219129        14.2396
   251        252      0.0768773       0.219129        13.5276
   252        253      0.0768773       0.219129        12.8512
   253        254      0.0768773       0.219129        12.2087
   254        255      0.0768773       0.219129        11.5982
   255        256      0.0768773       0.219129        11.0183
   256        257      0.0768773       0.219129        10.4674
   257        258      0.0768773       0.219129        9.94403
   258        259      0.0768773       0.219129        9.44682
   259        260      0.0768773       0.219129        8.97448
   260        261      0.0768773       0.219129        8.52576
   261        262      0.0768773       0.219129        8.09947
   262        263      0.0768773       0.219129         7.6945
   263        264      0.0768773       0.219129        7.30977
   264        265      0.0768773       0.219129        6.94428
   265        266      0.0768773       0.219129        6.59707
   266        267      0.0768773       0.219129        6.26722
   267        268      0.0768773       0.219129        5.95386
   268        269      0.0768773       0.219129        5.65616
   269        270      0.0768773       0.219129        5.37335
   270        271      0.0768773       0.219129        5.10469

                           Best        Current           Mean
Iteration   f-count         f(x)         f(x)         temperature
   271        272      0.0768773       0.219129        4.84945
   272        273      0.0768773       0.219129        4.60698
   273        274      0.0768773       0.219129        4.37663
   274        275      0.0768773       0.219129         4.1578
   275        276      0.0768773       0.219129        3.94991
   276        277      0.0768773       0.219129        3.75241
   277        278      0.0768773       0.219129        3.56479
   278        279      0.0768773       0.219129        3.38655
   279        280      0.0768773       0.219129        3.21723
   280        281      0.0768773       0.219129        3.05636
   281        282      0.0768773       0.219129        2.90355
   282        283      0.0768773       0.219129        2.75837
   283        284      0.0768773       0.219129        2.62045
   284        285      0.0768773       0.219129        2.48943
   285        286      0.0768773       0.219129        2.36496
   286        287      0.0768773       0.219129        2.24671
   287        288      0.0768773       0.219129        2.13437
   288        289      0.0768773       0.219129        2.02765
   289        290      0.0768773       0.219129        1.92627
   290        291      0.0768773       0.219129        1.82996
   291        292      0.0768773       0.219129        1.73846
   292        293      0.0768773       0.219129        1.65154
   293        294      0.0768773       0.219129        1.56896
   294        295      0.0768773       0.219129        1.49051
   295        296      0.0768773       0.219129        1.41599
   296        297      0.0768773       0.219129        1.34519
   297        298      0.0768773       0.219129        1.27793
   298        299      0.0768773       0.219129        1.21403
   299        300      0.0768773       0.219129        1.15333
   300        301      0.0768773       0.219129        1.09566

                           Best        Current           Mean
Iteration   f-count         f(x)         f(x)         temperature
   301        302      0.0768773       0.219129        1.04088
   302        303      0.0768773       0.219129       0.988836
   303        304      0.0768773       0.219129       0.939395
   304        305      0.0768773       0.219129       0.892425
   305        306      0.0768773       0.219129       0.847804
   306        307      0.0768773       0.219129       0.805413
   307        308      0.0768773       0.219129       0.765143
   308        309      0.0768773       0.219129       0.726886
   309        310      0.0768773       0.219129       0.690541
   310        311      0.0768773       0.219129       0.656014
   311        312      0.0768773       0.219129       0.623214
   312        313      0.0768773       0.219129       0.592053
   313        314      0.0768773       0.219129        0.56245
   314        315      0.0768773       0.219129       0.534328
   315        316      0.0768773       0.219129       0.507611
   316        317      0.0768773       0.219129       0.482231
   317        318      0.0768773       0.219129       0.458119
   318        319      0.0768773       0.219129       0.435213
   319        320      0.0768773       0.219129       0.413453
   320        321      0.0768773       0.219129        0.39278
   321        322      0.0768773       0.219129       0.373141
   322        323      0.0768773       0.219129       0.354484
   323        324      0.0768773       0.219129        0.33676
   324        325      0.0768773       0.219129       0.319922
   325        326      0.0768773       0.219129       0.303926
   326        327      0.0768773       0.219129       0.288729
   327        328      0.0768773       0.219129       0.274293
   328        329      0.0768773       0.219129       0.260578
   329        330      0.0768773       0.219129       0.247549
   330        331      0.0768773       0.219129       0.235172

                           Best        Current           Mean
Iteration   f-count         f(x)         f(x)         temperature
   331        332      0.0768773       0.219129       0.223413
   332        333      0.0768773       0.219129       0.212243
   333        334      0.0768773       0.219129       0.201631
   334        335      0.0768773       0.219129       0.191549
   335        336      0.0768773       0.219129       0.181972
   336        337      0.0768773       0.219129       0.172873
   337        338      0.0768773       0.219129       0.164229
   338        339      0.0768773       0.219129       0.156018
   339        340      0.0768773       0.219129       0.148217
   340        341      0.0768773       0.219129       0.140806
   341        342      0.0768773       0.219129       0.133766
   342        343      0.0768773       0.219129       0.127078
   343        344      0.0768773       0.219129       0.120724
   344        345      0.0768773       0.219129       0.114687
   345        346      0.0768773       0.219129       0.108953
   346        347      0.0768773       0.219129       0.103505
   347        348      0.0768773       0.219129      0.0983302
   348        349      0.0768773       0.219129      0.0934136
   349        350      0.0768773       0.219129       0.088743
   350        351      0.0768773       0.219129      0.0843058
   351        352      0.0768773       0.219129      0.0800905
   352        353      0.0768773       0.219129       0.076086
   353        354      0.0768773       0.219129      0.0722817
   354        355      0.0768773       0.219129      0.0686676
   355        356      0.0768773       0.219129      0.0652342
   356        357      0.0768773       0.219129      0.0619725
   357        358      0.0768773       0.219129      0.0588739
   358        359      0.0768773       0.219129      0.0559302
   359        360      0.0768773       0.219129      0.0531337
   360        361      0.0768773       0.219129       0.050477

                           Best        Current           Mean
Iteration   f-count         f(x)         f(x)         temperature
   361        362      0.0768773       0.219129      0.0479532
   362        363      0.0768773       0.219129      0.0455555
   363        364      0.0768773       0.219129      0.0432777
   364        365      0.0768773       0.219129      0.0411138
   365        366      0.0768773       0.219129      0.0390581
   366        367      0.0768773       0.219129      0.0371052
   367        368      0.0768773       0.219129        0.03525
   368        369      0.0768773       0.219129      0.0334875
   369        370      0.0768773       0.219129      0.0318131
   370        371      0.0768773       0.219129      0.0302224
   371        372      0.0768773       0.219129      0.0287113
   372        373      0.0768773       0.219129      0.0272758
   373        374      0.0768773       0.219129       0.025912
   374        375      0.0768773       0.219129      0.0246164
   375        376      0.0768773       0.219129      0.0233856
   376        377      0.0768773       0.219129      0.0222163
   377        378      0.0768773       0.219129      0.0211055
   378        379      0.0768773       0.219129      0.0200502
   379        380      0.0768773       0.219129      0.0190477
   380        381      0.0768773       0.219129      0.0180953
   381        382      0.0768773       0.219129      0.0171905
   382        383      0.0768773       0.219129       0.016331
   383        384      0.0768773       0.219129      0.0155145
   384        385      0.0768773       0.219129      0.0147387
   385        386      0.0768773       0.219129      0.0140018
   386        387      0.0768773       0.219129      0.0133017
   387        388      0.0768773       0.219129      0.0126366
   388        389      0.0768773       0.219129      0.0120048
   389        390      0.0768773       0.219129      0.0114045
   390        391      0.0768773       0.219129      0.0108343

                           Best        Current           Mean
Iteration   f-count         f(x)         f(x)         temperature
   391        392      0.0768773       0.219129      0.0102926
   392        393      0.0768773       0.219129     0.00977798
   393        394      0.0768773       0.219129     0.00928908
   394        395      0.0768773       0.219129     0.00882462
   395        396      0.0768773       0.219129     0.00838339
   396        397      0.0768773       0.219129     0.00796422
   397        398      0.0768773       0.219129     0.00756601
   398        399      0.0768773       0.219129     0.00718771
   399        400      0.0768773       0.219129     0.00682833
   400        401      0.0768773       0.219129     0.00648691
   401        402      0.0768773       0.219129     0.00616256
   402        403      0.0768773       0.219129     0.00585444
   403        404      0.0768773       0.219129     0.00556171
   404        405      0.0768773       0.219129     0.00528363
   405        406      0.0768773       0.219129     0.00501945
   406        407      0.0768773       0.219129     0.00476847
   407        408      0.0768773       0.219129     0.00453005
   408        409      0.0768773       0.219129     0.00430355
   409        410      0.0768773       0.219129     0.00408837
   410        411      0.0768773       0.219129     0.00388395
   411        412      0.0768773       0.219129     0.00368975
   412        413      0.0768773       0.219129     0.00350527
   413        414      0.0768773       0.219129        0.00333
   414        415      0.0768773       0.219129      0.0031635
   415        416      0.0768773       0.219129     0.00300533
   416        417      0.0768773       0.219129     0.00285506
   417        418      0.0768773       0.219129     0.00271231
   418        419      0.0768773       0.219129     0.00257669
   419        420      0.0768773       0.219129     0.00244786
   420        421      0.0768773       0.219129     0.00232547

                           Best        Current           Mean
Iteration   f-count         f(x)         f(x)         temperature
   421        422      0.0768773       0.219129     0.00220919
   422        423      0.0768773       0.219129     0.00209873
   423        424      0.0768773       0.219129      0.0019938
   424        425      0.0768773       0.219129     0.00189411
   425        426      0.0768773       0.219129      0.0017994
   426        427      0.0768773       0.219129     0.00170943
   427        428      0.0768773       0.219129     0.00162396
   428        429      0.0768773       0.219129     0.00154276
   429        430      0.0768773       0.219129     0.00146562
   430        431      0.0768773       0.219129     0.00139234
   431        432      0.0768773       0.219129     0.00132272
   432        433      0.0768773       0.219129     0.00125659
   433        434      0.0768773       0.219129     0.00119376
   434        435      0.0768773       0.219129     0.00113407
   435        436      0.0768773       0.219129     0.00107737
   436        437      0.0768773       0.219129      0.0010235
   437        438      0.0768773       0.219129    0.000972324
   438        439      0.0768773       0.219129    0.000923708
   439        440      0.0768773       0.219129    0.000877523
   440        441      0.0768773       0.219129    0.000833647
   441        442      0.0768773       0.219129    0.000791964
   442        443      0.0768773       0.219129    0.000752366
   443        444      0.0768773       0.219129    0.000714748
   444        445      0.0768773       0.219129     0.00067901
   445        446      0.0768773       0.219129     0.00064506
   446        447      0.0768773       0.219129    0.000612807
   447        448      0.0768773       0.219129    0.000582167
   448        449      0.0768773       0.219129    0.000553058
   449        450      0.0768773       0.219129    0.000525405
   450        451      0.0768773       0.219129    0.000499135

                           Best        Current           Mean
Iteration   f-count         f(x)         f(x)         temperature
   451        452      0.0768773       0.219129    0.000474178
   452        453      0.0768773       0.219129    0.000450469
   453        454      0.0768773       0.219129    0.000427946
   454        455      0.0768773       0.219129    0.000406549
   455        456      0.0768773       0.219129    0.000386221
   456        457      0.0768773       0.219129     0.00036691
   457        458      0.0768773       0.219129    0.000348565
   458        459      0.0768773       0.219129    0.000331136
   459        460      0.0768773       0.219129     0.00031458
   460        461      0.0768773       0.219129    0.000298851
   461        462      0.0768773       0.219129    0.000283908
   462        463      0.0768773       0.219129    0.000269713
   463        464      0.0768773       0.219129    0.000256227
   464        465      0.0768773       0.219129    0.000243416
   465        466      0.0768773       0.219129    0.000231245
   466        467      0.0768773       0.219129    0.000219683
   467        468      0.0768773       0.219129    0.000208699
   468        469      0.0768773       0.219129    0.000198264
   469        470      0.0768773       0.219129     0.00018835
   470        471      0.0768773       0.219129    0.000178933
   471        472      0.0768773       0.219129    0.000169986
   472        473      0.0768773       0.219129    0.000161487
   473        474      0.0768773       0.219129    0.000153413
   474        475      0.0768773       0.219129    0.000145742
   475        476      0.0768773       0.219129    0.000138455
   476        477      0.0768773       0.219129    0.000131532
   477        478      0.0768773       0.219129    0.000124956
   478        479      0.0768773       0.219129    0.000118708
   479        480      0.0768773       0.219129    0.000112772
   480        481      0.0768773       0.219129    0.000107134

                           Best        Current           Mean
Iteration   f-count         f(x)         f(x)         temperature
   481        482      0.0768773       0.219129    0.000101777
   482        483      0.0768773       0.219129    9.66882e-05
   483        484      0.0768773       0.219129    9.18538e-05
   484        485      0.0768773       0.219129    8.72611e-05
   485        486      0.0768773       0.219129     8.2898e-05
   486        487      0.0768773       0.219129    7.87531e-05
   487        488      0.0768773       0.219129    7.48155e-05
   488        489      0.0768773       0.219129    7.10747e-05
   489        490      0.0768773       0.219129     6.7521e-05
   490        491      0.0768773       0.219129    6.41449e-05
   491        492      0.0768773       0.219129    6.09377e-05
   492        493      0.0768773       0.219129    5.78908e-05
   493        494      0.0768773       0.219129    5.49963e-05
   494        495      0.0768773       0.219129    5.22464e-05
   495        496      0.0768773       0.219129    4.96341e-05
   496        497      0.0768773       0.219129    4.71524e-05
   497        498      0.0768773       0.219129    4.47948e-05
   498        499      0.0768773       0.219129    4.25551e-05
   499        500      0.0768773       0.219129    4.04273e-05
   500        501      0.0768773       0.219129    3.84059e-05
   501        502      0.0768773       0.219129    3.64856e-05
   502        503      0.0768773       0.219129    3.46614e-05
   503        504      0.0768773       0.219129    3.29283e-05
   504        505      0.0768773       0.219129    3.12819e-05
   505        506      0.0768773       0.219129    2.97178e-05
   506        507      0.0768773       0.219129    2.82319e-05
   507        508      0.0768773       0.219129    2.68203e-05
   508        509      0.0768773       0.219129    2.54793e-05
   509        510      0.0768773       0.219129    2.42053e-05
   510        511      0.0768773       0.219129    2.29951e-05

                           Best        Current           Mean
Iteration   f-count         f(x)         f(x)         temperature
   511        512      0.0768773       0.219129    2.18453e-05
   512        513      0.0768773       0.219129     2.0753e-05
   513        514      0.0768773       0.219129    1.97154e-05
   514        515      0.0768773       0.219129    1.87296e-05
   515        516      0.0768773       0.219129    1.77931e-05
   516        517      0.0768773       0.219129    1.69035e-05
   517        518      0.0768773       0.219129    1.60583e-05
   518        519      0.0768773       0.219129    1.52554e-05
   519        520      0.0768773       0.219129    1.44926e-05
   520        521      0.0768773       0.219129     1.3768e-05
   521        522      0.0768773       0.219129    1.30796e-05
   522        523      0.0768773       0.219129    1.24256e-05
   523        524      0.0768773       0.219129    1.18043e-05
   524        525      0.0768773       0.219129    1.12141e-05
   525        526      0.0768773       0.219129    1.06534e-05
   526        527      0.0768773       0.219129    1.01207e-05
   527        528      0.0768773       0.219129     9.6147e-06
   528        529      0.0768773       0.219129    9.13396e-06
   529        530      0.0768773       0.219129    8.67727e-06
   530        531      0.0768773       0.219129     8.2434e-06
   531        532      0.0768773       0.219129    7.83123e-06
   532        533      0.0768773       0.219129    7.43967e-06
   533        534      0.0768773       0.219129    7.06769e-06
   534        535      0.0768773       0.219129     6.7143e-06
   535        536      0.0768773       0.219129    6.37859e-06
   536        537      0.0768773       0.219129    6.05966e-06
   537        538      0.0768773       0.219129    5.75668e-06
   538        539      0.0768773       0.219129    5.46884e-06
   539        540      0.0768773       0.219129     5.1954e-06
   540        541      0.0768773       0.219129    4.93563e-06

                           Best        Current           Mean
Iteration   f-count         f(x)         f(x)         temperature
   541        542      0.0768773       0.219129    4.68885e-06
   542        543      0.0768773       0.219129    4.45441e-06
   543        544      0.0768773       0.219129    4.23169e-06
   544        545      0.0768773       0.219129     4.0201e-06
   545        546      0.0768773       0.219129     3.8191e-06
   546        547      0.0768773       0.219129    3.62814e-06
   547        548      0.0768773       0.219129    3.44673e-06
   548        549      0.0768773       0.219129     3.2744e-06
   549        550      0.0768773       0.219129    3.11068e-06
   550        551      0.0768773       0.219129    2.95514e-06
   551        552      0.0768773       0.219129    2.80739e-06
   552        553      0.0768773       0.219129    2.66702e-06
   553        554      0.0768773       0.219129    2.53367e-06
   554        555      0.0768773       0.219129    2.40698e-06
   555        556      0.0768773       0.219129    2.28663e-06
   556        557      0.0768773       0.219129     2.1723e-06
   557        558      0.0768773       0.219129    2.06369e-06
   558        559      0.0768773       0.219129     1.9605e-06
   559        560      0.0768773       0.219129    1.86248e-06
   560        561      0.0768773       0.219129    1.76935e-06
   561        562      0.0768773       0.219129    1.68089e-06
   562        563      0.0768773       0.219129    1.59684e-06
   563        564      0.0768773       0.219129      1.517e-06
   564        565      0.0768773       0.219129    1.44115e-06
   565        566      0.0768773       0.219129    1.36909e-06
   566        567      0.0768773       0.219129    1.30064e-06
   567        568      0.0768773       0.219129    1.23561e-06
   568        569      0.0768773       0.219129    1.17383e-06
   569        570      0.0768773       0.219129    1.11513e-06
   570        571      0.0768773       0.219129    1.05938e-06

                           Best        Current           Mean
Iteration   f-count         f(x)         f(x)         temperature
   571        572      0.0768773       0.219129    1.00641e-06
   572        573      0.0768773       0.219129    9.56088e-07
   573        574      0.0768773       0.219129    9.08284e-07
   574        575      0.0768773       0.219129    8.62869e-07
   575        576      0.0768773       0.219129    8.19726e-07
   576        577      0.0768773       0.219129     7.7874e-07
   577        578      0.0768773       0.219129    7.39803e-07
   578        579      0.0768773       0.219129    7.02813e-07
   579        580      0.0768773       0.219129    6.67672e-07
   580        581      0.0768773       0.219129    6.34288e-07
   581        582      0.0768773       0.219129    6.02574e-07
   582        583      0.0768773       0.219129    5.72445e-07
   583        584      0.0768773       0.219129    5.43823e-07
   584        585      0.0768773       0.219129    5.16632e-07
   585        586      0.0768773       0.219129      4.908e-07
   586        587      0.0768773       0.219129     4.6626e-07
   587        588      0.0768773       0.219129    4.42947e-07
   588        589      0.0768773       0.219129      4.208e-07
   589        590      0.0768773       0.219129     3.9976e-07
   590        591      0.0768773       0.219129    3.79772e-07
   591        592      0.0768773       0.219129    3.60783e-07
   592        593      0.0768773       0.219129    3.42744e-07
   593        594      0.0768773       0.219129    3.25607e-07
   594        595      0.0768773       0.219129    3.09327e-07
   595        596      0.0768773       0.219129     2.9386e-07
   596        597      0.0768773       0.219129    2.79167e-07
   597        598      0.0768773       0.219129    2.65209e-07
   598        599      0.0768773       0.219129    2.51948e-07
   599        600      0.0768773       0.219129    2.39351e-07
   600        601      0.0768773       0.219129    2.27383e-07

                           Best        Current           Mean
Iteration   f-count         f(x)         f(x)         temperature
   601        602      0.0768773       0.219129    2.16014e-07
   602        603      0.0768773       0.219129    2.05214e-07
   603        604      0.0768773       0.219129    1.94953e-07
   604        605      0.0768773       0.219129    1.85205e-07
   605        606      0.0768773       0.219129    1.75945e-07
   606        607      0.0768773       0.219129    1.67148e-07
   607        608      0.0768773       0.219129     1.5879e-07
   608        609      0.0768773       0.219129    1.50851e-07
   609        610      0.0768773       0.219129    1.43308e-07
   610        611      0.0768773       0.219129    1.36143e-07
   611        612      0.0768773       0.219129    1.29336e-07
   612        613      0.0768773       0.219129    1.22869e-07
   613        614      0.0768773       0.219129    1.16725e-07
   614        615      0.0768773       0.219129    1.10889e-07
   615        616      0.0768773       0.219129    1.05345e-07
   616        617      0.0768773       0.219129    1.00078e-07
   617        618      0.0768773       0.219129    9.50736e-08
   618        619      0.0768773       0.219129      9.032e-08
   619        620      0.0768773       0.219129     8.5804e-08
   620        621      0.0768773       0.219129    8.15138e-08
   621        622      0.0768773       0.219129    7.74381e-08
   622        623      0.0768773       0.219129    7.35662e-08
   623        624      0.0768773       0.219129    6.98879e-08
   624        625      0.0768773       0.219129    6.63935e-08
   625        626      0.0768773       0.219129    6.30738e-08
   626        627      0.0768773       0.219129    5.99201e-08
   627        628      0.0768773       0.219129    5.69241e-08
   628        629      0.0768773       0.219129    5.40779e-08
   629        630      0.0768773       0.219129     5.1374e-08
   630        631      0.0768773       0.219129    4.88053e-08

                           Best        Current           Mean
Iteration   f-count         f(x)         f(x)         temperature
   631        632      0.0768773       0.219129     4.6365e-08
   632        633      0.0768773       0.219129    4.40468e-08
   633        634      0.0768773       0.219129    4.18444e-08
   634        635      0.0768773       0.219129    3.97522e-08
   635        636      0.0768773       0.219129    3.77646e-08
   636        637      0.0768773       0.219129    3.58764e-08
   637        638      0.0768773       0.219129    3.40826e-08
   638        639      0.0768773       0.219129    3.23784e-08
   639        640      0.0768773       0.219129    3.07595e-08
   640        641      0.0768773       0.219129    2.92215e-08
   641        642      0.0768773       0.219129    2.77605e-08
   642        643      0.0768773       0.219129    2.63724e-08
   643        644      0.0768773       0.219129    2.50538e-08
   644        645      0.0768773       0.219129    2.38011e-08
   645        646      0.0768773       0.219129    2.26111e-08
   646        647      0.0768773       0.219129    2.14805e-08
   647        648      0.0768773       0.219129    2.04065e-08
   648        649      0.0768773       0.219129    1.93862e-08
   649        650      0.0768773       0.219129    1.84169e-08
   650        651      0.0768773       0.219129     1.7496e-08
   651        652      0.0768773       0.219129    1.66212e-08
   652        653      0.0768773       0.219129    1.57902e-08
   653        654      0.0768773       0.219129    1.50006e-08
   654        655      0.0768773       0.219129    1.42506e-08
   655        656      0.0768773       0.219129    1.35381e-08
   656        657      0.0768773       0.219129    1.28612e-08
   657        658      0.0768773       0.219129    1.22181e-08
   658        659      0.0768773       0.219129    1.16072e-08
   659        660      0.0768773       0.219129    1.10269e-08
   660        661      0.0768773       0.219129    1.04755e-08

                           Best        Current           Mean
Iteration   f-count         f(x)         f(x)         temperature
   661        662      0.0768773       0.219129    9.95173e-09
   662        663      0.0768773       0.219129    9.45415e-09
   663        664      0.0768773       0.219129    8.98144e-09
   664        665      0.0768773       0.219129    8.53237e-09
   665        666      0.0768773       0.219129    8.10575e-09
   666        667      0.0768773       0.219129    7.70046e-09
   667        668      0.0768773       0.219129    7.31544e-09
   668        669      0.0768773       0.219129    6.94967e-09
   669        670      0.0768773       0.219129    6.60218e-09
   670        671      0.0768773       0.219129    6.27207e-09
   671        672      0.0768773       0.219129    5.95847e-09
   672        673      0.0768773       0.219129    5.66055e-09
   673        674      0.0768773       0.219129    5.37752e-09
   674        675      0.0768773       0.219129    5.10864e-09
   675        676      0.0768773       0.219129    4.85321e-09
   676        677      0.0768773       0.219129    4.61055e-09
   677        678      0.0768773       0.219129    4.38002e-09
   678        679      0.0768773       0.219129    4.16102e-09
   679        680      0.0768773       0.219129    3.95297e-09
   680        681      0.0768773       0.219129    3.75532e-09
   681        682      0.0768773       0.219129    3.56756e-09
   682        683      0.0768773       0.219129    3.38918e-09
   683        684      0.0768773       0.219129    3.21972e-09
   684        685      0.0768773       0.219129    3.05873e-09
   685        686      0.0768773       0.219129     2.9058e-09
   686        687      0.0768773       0.219129    2.76051e-09
   687        688      0.0768773       0.219129    2.62248e-09
   688        689      0.0768773       0.219129    2.49136e-09
   689        690      0.0768773       0.219129    2.36679e-09
   690        691      0.0768773       0.219129    2.24845e-09

                           Best        Current           Mean
Iteration   f-count         f(x)         f(x)         temperature
   691        692      0.0768773       0.219129    2.13603e-09
   692        693      0.0768773       0.219129    2.02923e-09
   693        694      0.0768773       0.219129    1.92777e-09
   694        695      0.0768773       0.219129    1.83138e-09
   695        696      0.0768773       0.219129    1.73981e-09
   696        697      0.0768773       0.219129    1.65282e-09
   697        698      0.0768773       0.219129    1.57018e-09
   698        699      0.0768773       0.219129    1.49167e-09
   699        700      0.0768773       0.219129    1.41708e-09
   700        701      0.0768773       0.219129    1.34623e-09
   701        702      0.0768773       0.219129    1.27892e-09
   702        703      0.0768773       0.219129    1.21497e-09
   703        704      0.0768773       0.219129    1.15422e-09
   704        705      0.0768773       0.219129    1.09651e-09
   705        706      0.0768773       0.219129    1.04169e-09
   706        707      0.0768773       0.219129    9.89603e-10
   707        708      0.0768773       0.219129    9.40123e-10
   708        709      0.0768773       0.219129    8.93117e-10
   709        710      0.0768773       0.219129    8.48461e-10
   710        711      0.0768773       0.219129    8.06038e-10
   711        712      0.0768773       0.219129    7.65736e-10
   712        713      0.0768773       0.219129    7.27449e-10
   713        714      0.0768773       0.219129    6.91077e-10
   714        715      0.0768773       0.219129    6.56523e-10
   715        716      0.0768773       0.219129    6.23697e-10
   716        717      0.0768773       0.219129    5.92512e-10
   717        718      0.0768773       0.219129    5.62886e-10
   718        719      0.0768773       0.219129    5.34742e-10
   719        720      0.0768773       0.219129    5.08005e-10
   720        721      0.0768773       0.219129    4.82605e-10

                           Best        Current           Mean
Iteration   f-count         f(x)         f(x)         temperature
   721        722      0.0768773       0.219129    4.58474e-10
   722        723      0.0768773       0.219129    4.35551e-10
   723        724      0.0768773       0.219129    4.13773e-10
   724        725      0.0768773       0.219129    3.93084e-10
   725        726      0.0768773       0.219129     3.7343e-10
   726        727      0.0768773       0.219129    3.54759e-10
   727        728      0.0768773       0.219129    3.37021e-10
   728        729      0.0768773       0.219129     3.2017e-10
   729        730      0.0768773       0.219129    3.04161e-10
   730        731      0.0768773       0.219129    2.88953e-10
   731        732      0.0768773       0.219129    2.74506e-10
   732        733      0.0768773       0.219129     2.6078e-10
   733        734      0.0768773       0.219129    2.47741e-10
   734        735      0.0768773       0.219129    2.35354e-10
   735        736      0.0768773       0.219129    2.23586e-10
   736        737      0.0768773       0.219129    2.12407e-10
   737        738      0.0768773       0.219129    2.01787e-10
   738        739      0.0768773       0.219129    1.91697e-10
   739        740      0.0768773       0.219129    1.82113e-10
   740        741      0.0768773       0.219129    1.73007e-10
   741        742      0.0768773       0.219129    1.64357e-10
   742        743      0.0768773       0.219129    1.56139e-10
   743        744      0.0768773       0.219129    1.48332e-10
   744        745      0.0768773       0.219129    1.40915e-10
   745        746      0.0768773       0.219129    1.33869e-10
   746        747      0.0768773       0.219129    1.27176e-10
   747        748      0.0768773       0.219129    1.20817e-10
   748        749      0.0768773       0.219129    1.14776e-10
   749        750      0.0768773       0.219129    1.09038e-10
   750        751      0.0768773       0.219129    1.03586e-10

                           Best        Current           Mean
Iteration   f-count         f(x)         f(x)         temperature
   751        752      0.0768773       0.219129    9.84064e-11
   752        753      0.0768773       0.219129    9.34861e-11
   753        754      0.0768773       0.219129    8.88118e-11
   754        755      0.0768773       0.219129    8.43712e-11
   755        756      0.0768773       0.219129    8.01526e-11
   756        757      0.0768773       0.219129     7.6145e-11
   757        758      0.0768773       0.219129    7.23377e-11
   758        759      0.0768773       0.219129    6.87208e-11
   759        760      0.0768773       0.219129    6.52848e-11
   760        761      0.0768773       0.219129    6.20206e-11
   761        762      0.0768773       0.219129    5.89195e-11
   762        763      0.0768773       0.219129    5.59736e-11
   763        764      0.0768773       0.219129    5.31749e-11
   764        765      0.0768773       0.219129    5.05161e-11
   765        766      0.0768773       0.219129    4.79903e-11
   766        767      0.0768773       0.219129    4.55908e-11
   767        768      0.0768773       0.219129    4.33113e-11
   768        769      0.0768773       0.219129    4.11457e-11
   769        770      0.0768773       0.219129    3.90884e-11
   770        771      0.0768773       0.219129     3.7134e-11
   771        772      0.0768773       0.219129    3.52773e-11
   772        773      0.0768773       0.219129    3.35134e-11
   773        774      0.0768773       0.219129    3.18378e-11
   774        775      0.0768773       0.219129    3.02459e-11
   775        776      0.0768773       0.219129    2.87336e-11
   776        777      0.0768773       0.219129    2.72969e-11
   777        778      0.0768773       0.219129    2.59321e-11
   778        779      0.0768773       0.219129    2.46355e-11
   779        780      0.0768773       0.219129    2.34037e-11
   780        781      0.0768773       0.219129    2.22335e-11

                           Best        Current           Mean
Iteration   f-count         f(x)         f(x)         temperature
   781        782      0.0768773       0.219129    2.11218e-11
   782        783      0.0768773       0.219129    2.00657e-11
   783        784      0.0768773       0.219129    1.90624e-11
   784        785      0.0768773       0.219129    1.81093e-11
   785        786      0.0768773       0.219129    1.72039e-11
   786        787      0.0768773       0.219129    1.63437e-11
   787        788      0.0768773       0.219129    1.55265e-11
   788        789      0.0768773       0.219129    1.47502e-11
   789        790      0.0768773       0.219129    1.40126e-11
   790        791      0.0768773       0.219129     1.3312e-11
   791        792      0.0768773       0.219129    1.26464e-11
   792        793      0.0768773       0.219129    1.20141e-11
   793        794      0.0768773       0.219129    1.14134e-11
   794        795      0.0768773       0.219129    1.08427e-11
   795        796      0.0768773       0.219129    1.03006e-11
   796        797      0.0768773       0.219129    9.78556e-12
   797        798      0.0768773       0.219129    9.29628e-12
   798        799      0.0768773       0.219129    8.83146e-12
   799        800      0.0768773       0.219129    8.38989e-12
   800        801      0.0768773       0.219129     7.9704e-12
   801        802      0.0768773       0.219129    7.57188e-12
   802        803      0.0768773       0.219129    7.19328e-12
   803        804      0.0768773       0.219129    6.83362e-12
   804        805      0.0768773       0.219129    6.49194e-12
   805        806      0.0768773       0.219129    6.16734e-12
   806        807      0.0768773       0.219129    5.85897e-12
   807        808      0.0768773       0.219129    5.56602e-12
   808        809      0.0768773       0.219129    5.28772e-12
   809        810      0.0768773       0.219129    5.02334e-12
   810        811      0.0768773       0.219129    4.77217e-12

                           Best        Current           Mean
Iteration   f-count         f(x)         f(x)         temperature
   811        812      0.0768773       0.219129    4.53356e-12
   812        813      0.0768773       0.219129    4.30688e-12
   813        814      0.0768773       0.219129    4.09154e-12
   814        815      0.0768773       0.219129    3.88696e-12
   815        816      0.0768773       0.219129    3.69261e-12
   816        817      0.0768773       0.219129    3.50798e-12
   817        818      0.0768773       0.219129    3.33258e-12
   818        819      0.0768773       0.219129    3.16596e-12
   819        820      0.0768773       0.219129    3.00766e-12
   820        821      0.0768773       0.219129    2.85727e-12
   821        822      0.0768773       0.219129    2.71441e-12
   822        823      0.0768773       0.219129    2.57869e-12
   823        824      0.0768773       0.219129    2.44976e-12
   824        825      0.0768773       0.219129    2.32727e-12
   825        826      0.0768773       0.219129     2.2109e-12
   826        827      0.0768773       0.219129    2.10036e-12
   827        828      0.0768773       0.219129    1.99534e-12
   828        829      0.0768773       0.219129    1.89557e-12
   829        830      0.0768773       0.219129     1.8008e-12
   830        831      0.0768773       0.219129    1.71076e-12
   831        832      0.0768773       0.219129    1.62522e-12
   832        833      0.0768773       0.219129    1.54396e-12
   833        834      0.0768773       0.219129    1.46676e-12
   834        835      0.0768773       0.219129    1.39342e-12
   835        836      0.0768773       0.219129    1.32375e-12
   836        837      0.0768773       0.219129    1.25756e-12
   837        838      0.0768773       0.219129    1.19468e-12
   838        839      0.0768773       0.219129    1.13495e-12
   839        840      0.0768773       0.219129     1.0782e-12
   840        841      0.0768773       0.219129    1.02429e-12

                           Best        Current           Mean
Iteration   f-count         f(x)         f(x)         temperature
   841        842      0.0768773       0.219129    9.73078e-13
   842        843      0.0768773       0.219129    9.24424e-13
   843        844      0.0768773       0.219129    8.78203e-13
   844        845      0.0768773       0.219129    8.34293e-13
   845        846      0.0768773       0.219129    7.92578e-13
   846        847      0.0768773       0.219129    7.52949e-13
   847        848      0.0768773       0.219129    7.15302e-13
   848        849      0.0768773       0.219129    6.79537e-13
   849        850      0.0768773       0.219129     6.4556e-13
   850        851      0.0768773       0.219129    6.13282e-13
   851        852      0.0768773       0.219129    5.82618e-13
   852        853      0.0768773       0.219129    5.53487e-13
   853        854      0.0768773       0.219129    5.25813e-13
   854        855      0.0768773       0.219129    4.99522e-13
   855        856      0.0768773       0.219129    4.74546e-13
   856        857      0.0768773       0.219129    4.50819e-13
   857        858      0.0768773       0.219129    4.28278e-13
   858        859      0.0768773       0.219129    4.06864e-13
   859        860      0.0768773       0.219129    3.86521e-13
   860        861      0.0768773       0.219129    3.67195e-13
   861        862      0.0768773       0.219129    3.48835e-13
   862        863      0.0768773       0.219129    3.31393e-13
   863        864      0.0768773       0.219129    3.14823e-13
   864        865      0.0768773       0.219129    2.99082e-13
   865        866      0.0768773       0.219129    2.84128e-13
   866        867      0.0768773       0.219129    2.69922e-13
   867        868      0.0768773       0.219129    2.56426e-13
   868        869      0.0768773       0.219129    2.43604e-13
   869        870      0.0768773       0.219129    2.31424e-13
   870        871      0.0768773       0.219129    2.19853e-13

                           Best        Current           Mean
Iteration   f-count         f(x)         f(x)         temperature
   871        872      0.0768773       0.219129     2.0886e-13
   872        873      0.0768773       0.219129    1.98417e-13
   873        874      0.0768773       0.219129    1.88496e-13
   874        875      0.0768773       0.219129    1.79072e-13
   875        876      0.0768773       0.219129    1.70118e-13
   876        877      0.0768773       0.219129    1.61612e-13
   877        878      0.0768773       0.219129    1.53532e-13
   878        879      0.0768773       0.219129    1.45855e-13
   879        880      0.0768773       0.219129    1.38562e-13
   880        881      0.0768773       0.219129    1.31634e-13
   881        882      0.0768773       0.219129    1.25052e-13
   882        883      0.0768773       0.219129      1.188e-13
   883        884      0.0768773       0.219129     1.1286e-13
   884        885      0.0768773       0.219129    1.07217e-13
   885        886      0.0768773       0.219129    1.01856e-13
   886        887      0.0768773       0.219129    9.67631e-14
   887        888      0.0768773       0.219129     9.1925e-14
   888        889      0.0768773       0.219129    8.73287e-14
   889        890      0.0768773       0.219129    8.29623e-14
   890        891      0.0768773       0.219129    7.88142e-14
   891        892      0.0768773       0.219129    7.48735e-14
   892        893      0.0768773       0.219129    7.11298e-14
   893        894      0.0768773       0.219129    6.75733e-14
   894        895      0.0768773       0.219129    6.41946e-14
   895        896      0.0768773       0.219129    6.09849e-14
   896        897      0.0768773       0.219129    5.79357e-14
   897        898      0.0768773       0.219129    5.50389e-14
   898        899      0.0768773       0.219129    5.22869e-14
   899        900      0.0768773       0.219129    4.96726e-14
   900        901      0.0768773       0.219129     4.7189e-14

                           Best        Current           Mean
Iteration   f-count         f(x)         f(x)         temperature
   901        902      0.0768773       0.219129    4.48295e-14
   902        903      0.0768773       0.219129     4.2588e-14
   903        904      0.0768773       0.219129    4.04586e-14
   904        905      0.0768773       0.219129    3.84357e-14
   905        906      0.0768773       0.219129    3.65139e-14
   906        907      0.0768773       0.219129    3.46882e-14
   907        908      0.0768773       0.219129    3.29538e-14
   908        909      0.0768773       0.219129    3.13061e-14
   909        910      0.0768773       0.219129    2.97408e-14
   910        911      0.0768773       0.219129    2.82538e-14
   911        912      0.0768773       0.219129    2.68411e-14
   912        913      0.0768773       0.219129     2.5499e-14
   913        914      0.0768773       0.219129    2.42241e-14
   914        915      0.0768773       0.219129    2.30129e-14
   915        916      0.0768773       0.219129    2.18622e-14
   916        917      0.0768773       0.219129    2.07691e-14
   917        918      0.0768773       0.219129    1.97307e-14
   918        919      0.0768773       0.219129    1.87441e-14
   919        920      0.0768773       0.219129    1.78069e-14
   920        921      0.0768773       0.219129    1.69166e-14
   921        922      0.0768773       0.219129    1.60708e-14
   922        923      0.0768773       0.219129    1.52672e-14
   923        924      0.0768773       0.219129    1.45039e-14
   924        925      0.0768773       0.219129    1.37787e-14
   925        926      0.0768773       0.219129    1.30897e-14
   926        927      0.0768773       0.219129    1.24352e-14
   927        928      0.0768773       0.219129    1.18135e-14
   928        929      0.0768773       0.219129    1.12228e-14
   929        930      0.0768773       0.219129    1.06617e-14
   930        931      0.0768773       0.219129    1.01286e-14

                           Best        Current           Mean
Iteration   f-count         f(x)         f(x)         temperature
   931        932      0.0768773       0.219129    9.62215e-15
   932        933      0.0768773       0.219129    9.14104e-15
   933        934      0.0768773       0.219129    8.68399e-15
   934        935      0.0768773       0.219129    8.24979e-15
   935        936      0.0768773       0.219129     7.8373e-15
   936        937      0.0768773       0.219129    7.44544e-15
   937        938      0.0768773       0.219129    7.07317e-15
   938        939      0.0768773       0.219129    6.71951e-15
   939        940      0.0768773       0.219129    6.38353e-15
   940        941      0.0768773       0.219129    6.06436e-15
   941        942      0.0768773       0.219129    5.76114e-15
   942        943      0.0768773       0.219129    5.47308e-15
   943        944      0.0768773       0.219129    5.19943e-15
   944        945      0.0768773       0.219129    4.93946e-15
   945        946      0.0768773       0.219129    4.69248e-15
   946        947      0.0768773       0.219129    4.45786e-15
   947        948      0.0768773       0.219129    4.23497e-15
   948        949      0.0768773       0.219129    4.02322e-15
   949        950      0.0768773       0.219129    3.82206e-15
   950        951      0.0768773       0.219129    3.63095e-15
   951        952      0.0768773       0.219129    3.44941e-15
   952        953      0.0768773       0.219129    3.27694e-15
   953        954      0.0768773       0.219129    3.11309e-15
   954        955      0.0768773       0.219129    2.95743e-15
   955        956      0.0768773       0.219129    2.80956e-15
   956        957      0.0768773       0.219129    2.66908e-15
   957        958      0.0768773       0.219129    2.53563e-15
   958        959      0.0768773       0.219129    2.40885e-15
   959        960      0.0768773       0.219129    2.28841e-15
   960        961      0.0768773       0.219129    2.17399e-15

                           Best        Current           Mean
Iteration   f-count         f(x)         f(x)         temperature
   961        962      0.0768773       0.219129    2.06529e-15
   962        963      0.0768773       0.219129    1.96202e-15
   963        964      0.0768773       0.219129    1.86392e-15
   964        965      0.0768773       0.219129    1.77073e-15
   965        966      0.0768773       0.219129    1.68219e-15
   966        967      0.0768773       0.219129    1.59808e-15
   967        968      0.0768773       0.219129    1.51818e-15
   968        969      0.0768773       0.219129    1.44227e-15
   969        970      0.0768773       0.219129    1.37015e-15
   970        971      0.0768773       0.219129    1.30165e-15
   971        972      0.0768773       0.219129    1.23656e-15
   972        973      0.0768773       0.219129    1.17474e-15
   973        974      0.0768773       0.219129      1.116e-15
   974        975      0.0768773       0.219129     1.0602e-15
   975        976      0.0768773       0.219129    1.00719e-15
   976        977      0.0768773       0.219129    9.56829e-16
   977        978      0.0768773       0.219129    9.08988e-16
   978        979      0.0768773       0.219129    8.63538e-16
   979        980      0.0768773       0.219129    8.20361e-16
   980        981      0.0768773       0.219129    7.79343e-16
   981        982      0.0768773       0.219129    7.40376e-16
   982        983      0.0768773       0.219129    7.03357e-16
   983        984      0.0768773       0.219129     6.6819e-16
   984        985      0.0768773       0.219129     6.3478e-16
   985        986      0.0768773       0.219129    6.03041e-16
   986        987      0.0768773       0.219129    5.72889e-16
   987        988      0.0768773       0.219129    5.44245e-16
   988        989      0.0768773       0.219129    5.17032e-16
   989        990      0.0768773       0.219129    4.91181e-16
   990        991      0.0768773       0.219129    4.66622e-16

                           Best        Current           Mean
Iteration   f-count         f(x)         f(x)         temperature
   991        992      0.0768773       0.219129    4.43291e-16
   992        993      0.0768773       0.219129    4.21126e-16
   993        994      0.0768773       0.219129     4.0007e-16
   994        995      0.0768773       0.219129    3.80066e-16
   995        996      0.0768773       0.219129    3.61063e-16
   996        997      0.0768773       0.219129     3.4301e-16
   997        998      0.0768773       0.219129    3.25859e-16
   998        999      0.0768773       0.219129    3.09566e-16
   999       1000      0.0768773       0.219129    2.94088e-16
  1000       1001      0.0768773       0.219129    2.79384e-16
  1001       1002      0.0768773       0.219129    2.65414e-16
  1002       1003      0.0768773       0.219129    2.52144e-16
  1003       1004      0.0768773       0.219129    2.39537e-16
  1004       1005      0.0768773       0.219129     2.2756e-16
  1005       1006      0.0768773       0.219129    2.22045e-16
  1006       1007      0.0768773       0.219129    2.22045e-16
  1007       1008      0.0768773       0.219129    2.22045e-16
  1008       1009      0.0768773       0.219129    2.22045e-16
  1009       1010      0.0768773       0.219129    2.22045e-16
  1010       1011      0.0768773       0.219129    2.22045e-16
  1011       1012      0.0768773       0.219129    2.22045e-16
  1012       1013      0.0768773       0.219129    2.22045e-16
  1013       1014      0.0768773       0.219129    2.22045e-16
  1014       1015      0.0768773       0.219129    2.22045e-16
  1015       1016      0.0768773       0.219129    2.22045e-16
  1016       1017      0.0768773       0.219129    2.22045e-16
  1017       1018      0.0768773       0.219129    2.22045e-16
  1018       1019      0.0768773       0.219129    2.22045e-16
  1019       1020      0.0768773       0.219129    2.22045e-16
  1020       1021      0.0768773       0.219129    2.22045e-16

                           Best        Current           Mean
Iteration   f-count         f(x)         f(x)         temperature
  1021       1022      0.0768773       0.219129    2.22045e-16
  1022       1023      0.0768773       0.219129    2.22045e-16
  1023       1024      0.0768773       0.219129    2.22045e-16
  1024       1025      0.0768773       0.219129    2.22045e-16
  1025       1026      0.0768773       0.219129    2.22045e-16
  1026       1027      0.0768773       0.219129    2.22045e-16
  1027       1028      0.0768773       0.219129    2.22045e-16
  1028       1029      0.0768773       0.219129    2.22045e-16
  1029       1030      0.0768773       0.219129    2.22045e-16
  1030       1031      0.0768773       0.219129    2.22045e-16
  1031       1032      0.0768773       0.219129    2.22045e-16
  1032       1033      0.0768773       0.219129    2.22045e-16
  1033       1034      0.0768773       0.219129    2.22045e-16
  1034       1035      0.0768773       0.219129    2.22045e-16
  1035       1036      0.0768773       0.219129    2.22045e-16
  1036       1037      0.0768773       0.219129    2.22045e-16
  1037       1038      0.0768773       0.219129    2.22045e-16
  1038       1039      0.0768773       0.219129    2.22045e-16
  1039       1040      0.0768773       0.219129    2.22045e-16
  1040       1041      0.0768773       0.219129    2.22045e-16
  1041       1042      0.0768773       0.219129    2.22045e-16
  1042       1043      0.0768773       0.219129    2.22045e-16
  1043       1044      0.0768773       0.219129    2.22045e-16
  1044       1045      0.0768773       0.219129    2.22045e-16
  1045       1046      0.0768773       0.219129    2.22045e-16
  1046       1047      0.0768773       0.219129    2.22045e-16
  1047       1048      0.0768773       0.219129    2.22045e-16
  1048       1049      0.0768773       0.219129    2.22045e-16
  1049       1050      0.0768773       0.219129    2.22045e-16
  1050       1051      0.0768773       0.219129    2.22045e-16

                           Best        Current           Mean
Iteration   f-count         f(x)         f(x)         temperature
  1051       1052      0.0768773       0.219129    2.22045e-16
  1052       1053      0.0768773       0.219129    2.22045e-16
  1053       1054      0.0768773       0.219129    2.22045e-16
  1054       1055      0.0768773       0.219129    2.22045e-16
  1055       1056      0.0768773       0.219129    2.22045e-16
  1056       1057      0.0768773       0.219129    2.22045e-16
  1057       1058      0.0768773       0.219129    2.22045e-16
  1058       1059      0.0768773       0.219129    2.22045e-16
  1059       1060      0.0768773       0.219129    2.22045e-16
  1060       1061      0.0768773       0.219129    2.22045e-16
  1061       1062      0.0768773       0.219129    2.22045e-16
  1062       1063      0.0768773       0.219129    2.22045e-16
  1063       1064      0.0768773       0.219129    2.22045e-16
  1064       1065      0.0768773       0.219129    2.22045e-16
  1065       1066      0.0768773       0.219129    2.22045e-16
  1066       1067      0.0768773       0.219129    2.22045e-16
  1067       1068      0.0768773       0.219129    2.22045e-16
  1068       1069      0.0768773       0.219129    2.22045e-16
  1069       1070      0.0768773       0.219129    2.22045e-16
  1070       1071      0.0768773       0.219129    2.22045e-16
  1071       1072      0.0768773       0.219129    2.22045e-16
  1072       1073      0.0768773       0.219129    2.22045e-16
  1073       1074      0.0768773       0.219129    2.22045e-16
  1074       1075      0.0768773       0.219129    2.22045e-16
  1075       1076      0.0768773       0.219129    2.22045e-16
  1076       1077      0.0768773       0.219129    2.22045e-16
  1077       1078      0.0768773       0.219129    2.22045e-16
  1078       1079      0.0768773       0.219129    2.22045e-16
  1079       1080      0.0768773       0.219129    2.22045e-16
  1080       1081      0.0768773       0.219129    2.22045e-16

                           Best        Current           Mean
Iteration   f-count         f(x)         f(x)         temperature
  1081       1082      0.0768773       0.219129    2.22045e-16
  1082       1083      0.0768773       0.219129    2.22045e-16
  1083       1084      0.0768773       0.219129    2.22045e-16
  1084       1085      0.0768773       0.219129    2.22045e-16
  1085       1086      0.0768773       0.219129    2.22045e-16
  1086       1087      0.0768773       0.219129    2.22045e-16
  1087       1088      0.0768773       0.219129    2.22045e-16
  1088       1089      0.0768773       0.219129    2.22045e-16
  1089       1090      0.0768773       0.219129    2.22045e-16
  1090       1091      0.0768773       0.219129    2.22045e-16
  1091       1092      0.0768773       0.219129    2.22045e-16
  1092       1093      0.0768773       0.219129    2.22045e-16
  1093       1094      0.0768773       0.219129    2.22045e-16
  1094       1095      0.0768773       0.219129    2.22045e-16
  1095       1096      0.0768773       0.219129    2.22045e-16
  1096       1097      0.0768773       0.219129    2.22045e-16
  1097       1098      0.0768773       0.219129    2.22045e-16
  1098       1099      0.0768773       0.219129    2.22045e-16
  1099       1100      0.0768773       0.219129    2.22045e-16
  1100       1101      0.0768773       0.219129    2.22045e-16
  1101       1102      0.0768773       0.219129    2.22045e-16
  1102       1103      0.0768773       0.219129    2.22045e-16
  1103       1104      0.0768773       0.219129    2.22045e-16
  1104       1105      0.0768773       0.219129    2.22045e-16
  1105       1106      0.0768773       0.219129    2.22045e-16
  1106       1107      0.0768773       0.219129    2.22045e-16
  1107       1108      0.0768773       0.219129    2.22045e-16
  1108       1109      0.0768773       0.219129    2.22045e-16
  1109       1110      0.0768773       0.219129    2.22045e-16
  1110       1111      0.0768773       0.219129    2.22045e-16

                           Best        Current           Mean
Iteration   f-count         f(x)         f(x)         temperature
  1111       1112      0.0768773       0.219129    2.22045e-16
  1112       1113      0.0768773       0.219129    2.22045e-16
  1113       1114      0.0768773       0.219129    2.22045e-16
  1114       1115      0.0768773       0.219129    2.22045e-16
  1115       1116      0.0768773       0.219129    2.22045e-16
  1116       1117      0.0768773       0.219129    2.22045e-16
  1117       1118      0.0768773       0.219129    2.22045e-16
  1118       1119      0.0768773       0.219129    2.22045e-16
  1119       1120      0.0768773       0.219129    2.22045e-16
  1120       1121      0.0768773       0.219129    2.22045e-16
  1121       1122      0.0768773       0.219129    2.22045e-16
  1122       1123      0.0768773       0.219129    2.22045e-16
  1123       1124      0.0768773       0.219129    2.22045e-16
  1124       1125      0.0768773       0.219129    2.22045e-16
  1125       1126      0.0768773       0.219129    2.22045e-16
  1126       1127      0.0768773       0.219129    2.22045e-16
  1127       1128      0.0768773       0.219129    2.22045e-16
  1128       1129      0.0768773       0.219129    2.22045e-16
  1129       1130      0.0768773       0.219129    2.22045e-16
  1130       1131      0.0768773       0.219129    2.22045e-16
  1131       1132      0.0768773       0.219129    2.22045e-16
  1132       1133      0.0768773       0.219129    2.22045e-16
  1133       1134      0.0768773       0.219129    2.22045e-16
  1134       1135      0.0768773       0.219129    2.22045e-16
  1135       1136      0.0768773       0.219129    2.22045e-16
  1136       1137      0.0768773       0.219129    2.22045e-16
  1137       1138      0.0768773       0.219129    2.22045e-16
  1138       1139      0.0768773       0.219129    2.22045e-16
  1139       1140      0.0768773       0.219129    2.22045e-16
  1140       1141      0.0768773       0.219129    2.22045e-16

                           Best        Current           Mean
Iteration   f-count         f(x)         f(x)         temperature
  1141       1142      0.0768773       0.219129    2.22045e-16
  1142       1143      0.0768773       0.219129    2.22045e-16
  1143       1144      0.0768773       0.219129    2.22045e-16
  1144       1145      0.0768773       0.219129    2.22045e-16
  1145       1146      0.0768773       0.219129    2.22045e-16
  1146       1147      0.0768773       0.219129    2.22045e-16
  1147       1148      0.0768773       0.219129    2.22045e-16
  1148       1149      0.0768773       0.219129    2.22045e-16
  1149       1150      0.0768773       0.219129    2.22045e-16
  1150       1151      0.0768773       0.219129    2.22045e-16
  1151       1152      0.0768773       0.219129    2.22045e-16
  1152       1153      0.0768773       0.219129    2.22045e-16
  1153       1154      0.0768773       0.219129    2.22045e-16
  1154       1155      0.0768773       0.219129    2.22045e-16
  1155       1156      0.0768773       0.219129    2.22045e-16
  1156       1157      0.0768773       0.219129    2.22045e-16
  1157       1158      0.0768773       0.219129    2.22045e-16
  1158       1159      0.0768773       0.219129    2.22045e-16
  1159       1160      0.0768773       0.219129    2.22045e-16
  1160       1161      0.0768773       0.219129    2.22045e-16
  1161       1162      0.0768773       0.219129    2.22045e-16
  1162       1163      0.0768773       0.219129    2.22045e-16
  1163       1164      0.0768773       0.219129    2.22045e-16
  1164       1165      0.0768773       0.219129    2.22045e-16
  1165       1166      0.0768773       0.219129    2.22045e-16
  1166       1167      0.0768773       0.219129    2.22045e-16
  1167       1168      0.0768773       0.219129    2.22045e-16
  1168       1169      0.0768773       0.219129    2.22045e-16
  1169       1170      0.0768773       0.219129    2.22045e-16
  1170       1171      0.0768773       0.219129    2.22045e-16

                           Best        Current           Mean
Iteration   f-count         f(x)         f(x)         temperature
  1171       1172      0.0768773       0.219129    2.22045e-16
  1172       1173      0.0768773       0.219129    2.22045e-16
Optimization terminated: change in best function value less than options.TolFun.

vetor =

    1.0000   18.0000    0.3000    1.4400


	 HdL: 1.000  t1dt0: 18.000  L1dL0: 0.300  Alpha: 1.440
