\nSimulated Annealing...Discreted\n

	 Fitness Limit : -Inf
Diagnostic information.
	objective function = @sa_cav_y_4dof
	X0 = [  1 9 0.7 1.34 ]
Modified options:
	options.AnnealingFcn = @d_annealing_c4
	options.TemperatureFcn = @temphsa
	options.StallIterLimit = 1000
	options.InitialTemperature = [  100 100 100 100 ]
	options.Display = 'diagnose'
	options.ReannealInterval = 10
	options.DisplayInterval = 1 
	options.AcceptanceFcn = @acceptancesa
End of diagnostic information.


                           Best        Current           Mean
Iteration   f-count         f(x)         f(x)         temperature
     0          1      0.0932996      0.0932996            100
     1          2      0.0932996      0.0932996            100
     2          3      0.0932996      0.0932996            100
     3          4      0.0932996      0.0932996            100
     4          5      0.0932996      0.0932996            100
     5          6      0.0932996      0.0932996            100
     6          7      0.0932996      0.0932996            100
     7          8      0.0932996      0.0932996            100
     8          9      0.0932996      0.0932996            100
     9         10      0.0932996      0.0932996            100
    10         11      0.0932996      0.0932996            100
    11         12      0.0932996      0.0932996            100
    12         13      0.0932996      0.0932996            100
    13         14      0.0932996      0.0932996            100
    14         15      0.0932996      0.0932996            100
    15         16      0.0932996      0.0932996            100
    16         17      0.0932996      0.0932996            100
    17         18      0.0932996      0.0932996            100
    18         19      0.0932996      0.0932996            100
    19         20      0.0932996      0.0932996            100
    20         21      0.0932996      0.0932996            100
    21         22      0.0932996      0.0932996            100
    22         23      0.0932996      0.0932996            100
    23         24      0.0932996      0.0932996            100
    24         25      0.0932996      0.0932996            100
    25         26      0.0932996        0.11382            100
    26         27      0.0932996        0.11382            100
    27         28      0.0932996        0.11382            100
    28         29      0.0932996        0.11382            100
    29         30      0.0932996        0.11382            100
    30         31      0.0932996        0.11382            100

                           Best        Current           Mean
Iteration   f-count         f(x)         f(x)         temperature
    31         32      0.0932996        0.11382            100
    32         33      0.0932996        0.11382            100
    33         34      0.0932996        0.11382            100
    34         35      0.0932996        0.11382            100
    35         36      0.0932996        0.11382            100
    36         37      0.0932996        0.11382            100
    37         38      0.0932996        0.11382            100
    38         39      0.0932996        0.11382            100
    39         40      0.0932996        0.11382            100
    40         41      0.0932996        0.11382            100
    41         42      0.0932996        0.11382            100
    42         43      0.0932996        0.11382            100
    43         44      0.0932996       0.139912            100
    44         45      0.0932996       0.139912            100
    45         46      0.0932996       0.139912            100
    46         47      0.0932996       0.139912            100
    47         48      0.0932996       0.139912            100
    48         49      0.0932996       0.139912            100
    49         50      0.0932996       0.232194            100
    50         51      0.0932996       0.232194            100
    51         52      0.0932996       0.232194            100
    52         53      0.0932996       0.232194            100
    53         54      0.0932996       0.232194            100
    54         55      0.0932996       0.232194            100
    55         56      0.0932996       0.232194            100
    56         57      0.0932996       0.232194            100
    57         58      0.0932996       0.232194            100
    58         59      0.0932996       0.232194            100
    59         60      0.0932996       0.232194            100
    60         61      0.0932996       0.232194            100

                           Best        Current           Mean
Iteration   f-count         f(x)         f(x)         temperature
    61         62      0.0932996       0.232194            100
    62         63      0.0932996       0.232194            100
    63         64      0.0932996       0.232194            100
    64         65      0.0932996       0.232194            100
    65         66      0.0932996       0.232194            100
    66         67      0.0932996       0.232194            100
    67         68      0.0932996       0.232194            100
    68         69      0.0932996       0.232194            100
    69         70      0.0932996       0.232194            100
    70         71      0.0932996       0.232194            100
    71         72      0.0932996       0.104258            100
    72         73      0.0932996       0.104258            100
    73         74      0.0932996       0.104258            100
    74         75      0.0932996       0.104258            100
    75         76      0.0932996       0.104258            100
    76         77      0.0932996       0.104258            100
    77         78      0.0932996       0.104258            100
    78         79      0.0932996       0.104258            100
    79         80      0.0932996       0.104258            100
    80         81      0.0932996       0.104258            100
    81         82      0.0932996       0.104258            100
    82         83      0.0932996       0.104258            100
    83         84      0.0932996       0.104258            100
    84         85      0.0932996       0.104258            100
    85         86      0.0932996       0.104258            100
    86         87      0.0932996       0.104258            100
    87         88      0.0932996       0.104258            100
    88         89      0.0932996       0.104258            100
    89         90      0.0932996       0.104258            100
    90         91      0.0932996       0.104258            100

                           Best        Current           Mean
Iteration   f-count         f(x)         f(x)         temperature
    91         92      0.0932996       0.104258            100
    92         93      0.0932996       0.104258            100
    93         94      0.0932996       0.104258            100
    94         95      0.0932996       0.104258            100
    95         96      0.0932996       0.104258            100
    96         97      0.0932996       0.104258            100
    97         98      0.0932996       0.104258            100
    98         99      0.0932996       0.104258            100
    99        100      0.0932996       0.104258            100
   100        101      0.0932996       0.104258             95
   101        102      0.0932996       0.104258          90.25
   102        103      0.0932996       0.104258        85.7375
   103        104      0.0932996       0.104258        81.4506
   104        105      0.0932996       0.104258        77.3781
   105        106      0.0932996       0.104258        73.5092
   106        107      0.0932996       0.104258        69.8337
   107        108      0.0932996       0.104258         66.342
   108        109      0.0932996       0.104258        63.0249
   109        110      0.0932996       0.104258        59.8737
   110        111      0.0932996       0.104258          56.88
   111        112      0.0932996        0.25282         54.036
   112        113      0.0932996        0.25282        51.3342
   113        114      0.0932996        0.25282        48.7675
   114        115      0.0932996        0.25282        46.3291
   115        116      0.0932996        0.25282        44.0127
   116        117      0.0932996        0.25282         41.812
   117        118      0.0932996        0.25282        39.7214
   118        119      0.0932996        0.25282        37.7354
   119        120      0.0932996        0.25282        35.8486
   120        121      0.0932996        0.25282        34.0562

                           Best        Current           Mean
Iteration   f-count         f(x)         f(x)         temperature
   121        122      0.0932996        1.01137        32.3534
   122        123      0.0932996      0.0943236        30.7357
   123        124      0.0932996      0.0943236        29.1989
   124        125      0.0932996      0.0943236         27.739
   125        126      0.0932996       0.133634         26.352
   126        127      0.0932996       0.133634        25.0344
   127        128      0.0932996       0.133634        23.7827
   128        129      0.0932996       0.133634        22.5936
*  129        130      0.0932996       0.123967            100
   130        131      0.0932996       0.123967            100
   131        132      0.0932996       0.407837            100
   132        133      0.0932996       0.122692            100
   133        134      0.0932996       0.122692            100
   134        135      0.0932996       0.122692            100
   135        136      0.0932996       0.122692            100
   136        137      0.0932996       0.122692            100
   137        138      0.0932996       0.122692            100
   138        139      0.0932996       0.122692            100
   139        140      0.0932996       0.122692            100
   140        141      0.0932996       0.122692            100
   141        142      0.0932996       0.122692            100
   142        143      0.0932996       0.122692            100
   143        144      0.0932996       0.122692            100
   144        145      0.0932996       0.122692            100
   145        146      0.0932996       0.122692            100
   146        147      0.0932996       0.122692            100
   147        148      0.0932996       0.122692            100
   148        149      0.0932996       0.122692            100
   149        150      0.0932996       0.122692            100
   150        151      0.0932996       0.122692            100

                           Best        Current           Mean
Iteration   f-count         f(x)         f(x)         temperature
   151        152      0.0932996       0.122692            100
   152        153      0.0932996       0.122692            100
   153        154      0.0932996       0.122692            100
   154        155      0.0932996       0.122692            100
   155        156      0.0932996       0.122692            100
   156        157      0.0932996       0.122692            100
   157        158      0.0932996       0.122692            100
   158        159      0.0932996       0.122692            100
   159        160      0.0932996       0.345202            100
   160        161      0.0932996       0.345202            100
   161        162      0.0932996       0.345202            100
   162        163      0.0932996       0.345202            100
   163        164      0.0932996       0.345202            100
   164        165      0.0932996       0.345202            100
   165        166      0.0932996       0.345202            100
   166        167      0.0932996       0.345202            100
   167        168      0.0932996       0.345202            100
   168        169      0.0932996       0.345202            100
   169        170      0.0932996       0.345202            100
   170        171      0.0932996       0.345202            100
   171        172      0.0932996       0.345202            100
   172        173      0.0932996       0.345202            100
   173        174      0.0932996       0.345202            100
   174        175      0.0932996       0.345202            100
   175        176      0.0932996       0.345202            100
   176        177      0.0932996       0.345202            100
   177        178      0.0932996       0.387506            100
   178        179      0.0932996       0.387506            100
   179        180      0.0932996       0.387506            100
   180        181      0.0932996       0.387506            100

                           Best        Current           Mean
Iteration   f-count         f(x)         f(x)         temperature
   181        182      0.0932996       0.387506            100
   182        183      0.0932996       0.387506            100
   183        184      0.0896109      0.0896109            100
   184        185      0.0896109       0.136662            100
   185        186      0.0896109       0.136662            100
   186        187      0.0896109       0.136662            100
   187        188      0.0896109       0.136662            100
   188        189      0.0896109       0.136662            100
   189        190      0.0896109       0.136662            100
   190        191      0.0480497      0.0480497            100
   191        192      0.0480497      0.0480497            100
   192        193      0.0480497       0.238214            100
   193        194      0.0480497       0.238214            100
   194        195      0.0480497       0.238214            100
   195        196      0.0480497       0.238214            100
   196        197      0.0480497       0.238214            100
   197        198      0.0480497       0.238214            100
   198        199      0.0480497       0.108446            100
   199        200      0.0480497       0.108446            100
   200        201      0.0480497       0.108446            100
   201        202      0.0480497       0.108446            100
   202        203      0.0480497       0.108446            100
   203        204      0.0480497       0.108446            100
   204        205      0.0480497       0.108446            100
   205        206      0.0480497       0.108446            100
   206        207      0.0480497       0.108446            100
*  207        208      0.0480497       0.180737            100
   208        209      0.0480497       0.180737            100
   209        210      0.0480497       0.180737            100
   210        211      0.0480497       0.180737            100

                           Best        Current           Mean
Iteration   f-count         f(x)         f(x)         temperature
   211        212      0.0480497       0.180737            100
   212        213      0.0480497       0.180737            100
   213        214      0.0480497       0.114085            100
   214        215      0.0480497       0.114085            100
   215        216      0.0480497       0.114085            100
   216        217      0.0480497       0.114085            100
   217        218      0.0480497       0.114085            100
   218        219      0.0480497       0.297443            100
   219        220      0.0480497       0.297443            100
   220        221      0.0480497       0.297443            100
   221        222      0.0480497       0.297443            100
   222        223      0.0480497       0.297443            100
   223        224      0.0480497       0.297443            100
   224        225      0.0480497       0.297443            100
   225        226      0.0480497       0.297443            100
   226        227      0.0480497       0.297443            100
   227        228      0.0480497       0.297443            100
   228        229      0.0480497       0.297443            100
   229        230      0.0480497       0.297443            100
   230        231      0.0480497       0.297443            100
   231        232      0.0480497       0.297443            100
   232        233      0.0480497       0.297443            100
   233        234      0.0480497       0.297443            100
   234        235      0.0480497       0.297443            100
   235        236      0.0480497       0.297443            100
   236        237      0.0480497       0.297443            100
   237        238      0.0480497        1.02596            100
   238        239      0.0480497        1.02596            100
   239        240      0.0480497        1.02596            100
   240        241      0.0480497       0.187761            100

                           Best        Current           Mean
Iteration   f-count         f(x)         f(x)         temperature
   241        242      0.0480497       0.187761            100
   242        243      0.0480497       0.187761            100
   243        244      0.0480497       0.324705            100
   244        245      0.0480497       0.324705            100
   245        246      0.0480497       0.202113            100
   246        247      0.0480497      0.0890715            100
   247        248      0.0480497      0.0890715            100
   248        249      0.0480497      0.0890715            100
   249        250      0.0480497      0.0890715            100
   250        251      0.0480497      0.0890715            100
   251        252      0.0480497      0.0890715            100
   252        253      0.0480497      0.0890715            100
   253        254      0.0480497        0.12762            100
   254        255      0.0480497       0.124543            100
   255        256      0.0480497       0.124543            100
   256        257      0.0480497       0.124543            100
   257        258      0.0480497       0.124543            100
   258        259      0.0480497       0.124543            100
   259        260      0.0480497       0.124543            100
   260        261      0.0480497       0.124543            100
   261        262      0.0480497       0.124543            100
   262        263      0.0480497       0.124543            100
   263        264      0.0480497       0.124543            100
   264        265      0.0480497       0.124543            100
   265        266      0.0480497       0.124543            100
*  266        267      0.0480497      0.0882276            100
   267        268      0.0480497      0.0882276            100
   268        269      0.0480497      0.0882276            100
   269        270      0.0480497      0.0882276            100
   270        271      0.0480497      0.0882276            100

                           Best        Current           Mean
Iteration   f-count         f(x)         f(x)         temperature
   271        272      0.0480497         0.2411            100
   272        273      0.0480497      0.0926812            100
   273        274      0.0480497      0.0926812            100
   274        275      0.0480497      0.0926812            100
   275        276      0.0480497      0.0926812            100
   276        277      0.0480497       0.505114            100
   277        278      0.0480497       0.505114            100
   278        279      0.0480497       0.505114            100
   279        280      0.0480497       0.505114            100
   280        281      0.0480497        1.17078            100
   281        282      0.0480497        1.17078            100
   282        283      0.0480497        1.17078            100
   283        284      0.0480497        1.17078            100
   284        285      0.0480497        1.17078            100
   285        286      0.0480497        1.17078            100
   286        287      0.0480497        1.17078            100
   287        288      0.0480497        1.17078            100
   288        289      0.0480497        1.17078            100
   289        290      0.0480497        1.17078            100
   290        291      0.0480497        1.17078            100
   291        292      0.0480497        1.17078            100
   292        293      0.0480497        1.17078            100
   293        294      0.0480497        1.17078            100
   294        295      0.0480497        1.17078            100
   295        296      0.0480497        1.17078            100
   296        297      0.0480497        1.17078            100
   297        298      0.0480497        1.17078            100
   298        299      0.0480497        1.17078            100
   299        300      0.0480497        1.17078            100
   300        301      0.0480497        1.17078            100

                           Best        Current           Mean
Iteration   f-count         f(x)         f(x)         temperature
   301        302      0.0480497        1.17078            100
   302        303      0.0480497        1.17078            100
   303        304      0.0480497        1.17078            100
   304        305      0.0480497        1.17078            100
   305        306      0.0480497        1.17078            100
   306        307      0.0480497       0.131398            100
   307        308      0.0480497       0.131398            100
   308        309      0.0480497       0.131398            100
   309        310      0.0480497       0.131398            100
   310        311      0.0480497        2.33941            100
   311        312      0.0480497        2.33941            100
   312        313      0.0480497        2.33941            100
   313        314      0.0480497        2.33941            100
   314        315      0.0480497        2.33941            100
   315        316      0.0480497        2.33941            100
   316        317      0.0480497        2.33941            100
   317        318      0.0480497        2.33941            100
   318        319      0.0480497        2.33941            100
   319        320      0.0480497        2.33941            100
   320        321      0.0480497        2.33941            100
   321        322      0.0480497        2.33941            100
   322        323      0.0480497        2.33941            100
   323        324      0.0480497       0.611025            100
   324        325      0.0480497       0.611025            100
   325        326      0.0480497       0.611025            100
   326        327      0.0480497       0.611025            100
   327        328      0.0480497       0.611025            100
   328        329      0.0480497       0.611025            100
   329        330      0.0480497       0.611025            100
   330        331      0.0480497       0.611025            100

                           Best        Current           Mean
Iteration   f-count         f(x)         f(x)         temperature
   331        332      0.0480497       0.611025            100
   332        333      0.0480497       0.611025            100
   333        334      0.0480497       0.611025            100
   334        335      0.0480497       0.611025            100
   335        336      0.0480497        1.07801            100
   336        337      0.0480497        1.07801            100
   337        338      0.0480497        1.07801            100
   338        339      0.0480497        1.07801            100
   339        340      0.0480497        1.07801            100
   340        341      0.0480497        1.07801            100
   341        342      0.0480497        1.07801            100
   342        343      0.0480497        1.07801            100
   343        344      0.0480497       0.262763            100
   344        345      0.0480497       0.262763            100
   345        346      0.0480497       0.262763            100
   346        347      0.0480497       0.262763            100
   347        348      0.0480497       0.262763            100
   348        349      0.0480497       0.262763            100
   349        350      0.0480497       0.262763            100
   350        351      0.0480497       0.262763            100
   351        352      0.0480497       0.262763            100
   352        353      0.0480497       0.262763            100
   353        354      0.0480497       0.262763            100
   354        355      0.0480497       0.262763            100
   355        356      0.0480497       0.262763            100
*  356        357      0.0480497       0.558877            100
   357        358      0.0480497       0.558877            100
   358        359      0.0480497       0.558877            100
   359        360      0.0480497       0.558877            100
   360        361      0.0480497       0.558877            100

                           Best        Current           Mean
Iteration   f-count         f(x)         f(x)         temperature
   361        362      0.0480497       0.558877            100
   362        363      0.0480497       0.558877            100
   363        364      0.0480497       0.558877            100
   364        365      0.0480497       0.558877            100
   365        366      0.0480497       0.558877            100
   366        367      0.0480497       0.558877            100
   367        368      0.0480497       0.558877            100
   368        369      0.0480497       0.558877            100
   369        370      0.0480497       0.558877            100
   370        371      0.0480497       0.558877            100
   371        372      0.0480497       0.558877            100
   372        373      0.0480497       0.558877            100
   373        374      0.0480497       0.558877            100
   374        375      0.0480497       0.424055            100
   375        376      0.0480497       0.424055            100
   376        377      0.0480497        1.58636            100
   377        378      0.0480497        1.58636            100
   378        379      0.0480497        1.58636            100
   379        380      0.0480497        1.21614            100
   380        381      0.0480497        1.21614            100
   381        382      0.0480497       0.199869            100
   382        383      0.0480497       0.199869            100
   383        384      0.0480497       0.199869            100
   384        385      0.0480497        1.62535            100
   385        386      0.0480497        1.62535            100
   386        387      0.0480497        1.62535            100
   387        388      0.0480497        1.62535            100
   388        389      0.0480497        1.62535            100
   389        390      0.0480497       0.319441            100
   390        391      0.0480497       0.319441            100

                           Best        Current           Mean
Iteration   f-count         f(x)         f(x)         temperature
   391        392      0.0480497       0.319441            100
   392        393      0.0480497       0.319441            100
   393        394      0.0480497       0.319441            100
   394        395      0.0480497       0.319441            100
   395        396      0.0480497       0.319441            100
   396        397      0.0480497       0.319441            100
   397        398      0.0480497       0.319441            100
   398        399      0.0480497       0.319441            100
   399        400      0.0480497       0.216781            100
   400        401      0.0480497       0.216781            100
   401        402      0.0480497       0.216781            100
   402        403      0.0480497       0.216781            100
   403        404      0.0480497       0.216781            100
   404        405      0.0480497       0.216781            100
   405        406      0.0480497       0.216781            100
   406        407      0.0480497       0.216781            100
   407        408      0.0480497       0.216781            100
   408        409      0.0480497       0.216781            100
   409        410      0.0480497       0.216781            100
   410        411      0.0480497        0.10038            100
   411        412      0.0480497        0.10038            100
   412        413      0.0480497        0.10038            100
   413        414      0.0480497        0.10038            100
   414        415      0.0480497        0.10038            100
   415        416      0.0480497        0.10038            100
   416        417      0.0480497        0.10038            100
   417        418      0.0480497        0.10038            100
   418        419      0.0480497       0.179517            100
   419        420      0.0480497       0.179517            100
   420        421      0.0480497       0.179517            100

                           Best        Current           Mean
Iteration   f-count         f(x)         f(x)         temperature
   421        422      0.0480497       0.179517            100
   422        423      0.0480497       0.179517            100
   423        424      0.0480497       0.179517            100
   424        425      0.0480497       0.179517            100
   425        426      0.0480497       0.179517            100
   426        427      0.0480497       0.179517            100
   427        428      0.0480497       0.179517            100
   428        429      0.0480497       0.179517            100
   429        430      0.0480497       0.179517            100
*  430        431      0.0480497         1.1291            100
   431        432      0.0480497         1.1291            100
   432        433      0.0480497         1.1291            100
   433        434      0.0480497         1.1291            100
   434        435      0.0480497         1.1291            100
   435        436      0.0480497       0.292285            100
   436        437      0.0480497       0.292285            100
   437        438      0.0480497       0.128998            100
   438        439      0.0480497       0.120145            100
   439        440      0.0480497       0.120145            100
   440        441      0.0480497       0.120145            100
   441        442      0.0480497       0.120145            100
   442        443      0.0480497       0.120145            100
   443        444      0.0480497       0.120145            100
   444        445      0.0480497       0.120145            100
   445        446      0.0480497       0.120145            100
   446        447      0.0480497       0.120145            100
   447        448      0.0480497       0.120145            100
   448        449      0.0480497       0.120145            100
   449        450      0.0480497       0.120145            100
   450        451      0.0480497       0.120145            100

                           Best        Current           Mean
Iteration   f-count         f(x)         f(x)         temperature
   451        452      0.0480497       0.120145            100
   452        453      0.0480497       0.120145            100
   453        454      0.0480497       0.120145            100
   454        455      0.0480497       0.120145            100
   455        456      0.0480497       0.120145            100
   456        457      0.0480497       0.120145            100
   457        458      0.0480497       0.120145            100
   458        459      0.0480497       0.120145            100
   459        460      0.0480497       0.120145            100
   460        461      0.0480497       0.120145            100
   461        462      0.0480497       0.120145            100
   462        463      0.0480497       0.120145            100
   463        464      0.0480497        1.19267            100
   464        465      0.0480497        1.19267            100
   465        466      0.0480497        1.19267            100
   466        467      0.0480497        1.19267            100
   467        468      0.0480497        1.19267            100
   468        469      0.0480497        1.19267            100
   469        470      0.0480497        1.19267            100
   470        471      0.0480497        1.19267            100
   471        472      0.0480497        1.19267            100
   472        473      0.0480497        1.19267            100
   473        474      0.0480497        1.19267            100
   474        475      0.0480497        1.19267            100
   475        476      0.0480497        1.19267            100
   476        477      0.0480497        1.19267            100
   477        478      0.0480497        1.19267            100
   478        479      0.0480497        1.19267            100
   479        480      0.0480497        1.19267            100
   480        481      0.0480497        1.19267            100

                           Best        Current           Mean
Iteration   f-count         f(x)         f(x)         temperature
   481        482      0.0480497        1.19267            100
   482        483      0.0480497        1.19267            100
   483        484      0.0480497        1.19267            100
   484        485      0.0480497        1.19267            100
   485        486      0.0480497       0.367815            100
   486        487      0.0480497       0.367815            100
   487        488      0.0480497       0.367815            100
   488        489      0.0480497       0.367815            100
   489        490      0.0480497       0.367815            100
   490        491      0.0480497       0.367815            100
   491        492      0.0480497       0.367815            100
   492        493      0.0480497       0.367815            100
   493        494      0.0480497       0.367815            100
   494        495      0.0480497       0.367815            100
   495        496      0.0480497       0.239363            100
   496        497      0.0480497       0.239363            100
   497        498      0.0480497       0.239363            100
   498        499      0.0480497       0.239363            100
   499        500      0.0480497       0.239363            100
   500        501      0.0480497       0.239363            100
   501        502      0.0480497       0.239363            100
   502        503      0.0480497       0.239363            100
   503        504      0.0480497       0.239363            100
   504        505      0.0480497       0.195676            100
   505        506      0.0480497       0.195676            100
   506        507      0.0480497       0.195676            100
   507        508      0.0480497       0.195676            100
   508        509      0.0480497       0.195676            100
   509        510      0.0480497       0.195676            100
   510        511      0.0480497       0.195676            100

                           Best        Current           Mean
Iteration   f-count         f(x)         f(x)         temperature
   511        512      0.0480497       0.195676            100
   512        513      0.0480497       0.195676            100
   513        514      0.0480497       0.195676            100
   514        515      0.0480497       0.195676            100
   515        516      0.0480497      0.0959516            100
   516        517      0.0480497      0.0959516            100
   517        518      0.0480497      0.0959516            100
   518        519      0.0480497      0.0959516            100
   519        520      0.0480497      0.0959516            100
   520        521      0.0480497      0.0959516            100
   521        522      0.0480497      0.0959516            100
   522        523      0.0480497      0.0959516            100
   523        524      0.0480497      0.0959516            100
   524        525      0.0480497      0.0959516            100
   525        526      0.0480497      0.0959516            100
   526        527      0.0480497      0.0959516            100
   527        528      0.0480497      0.0959516            100
   528        529      0.0480497      0.0959516            100
   529        530      0.0480497      0.0959516            100
   530        531      0.0480497      0.0959516             95
   531        532      0.0480497      0.0855261          90.25
   532        533      0.0480497      0.0855261        85.7375
   533        534      0.0480497      0.0855261        81.4506
   534        535      0.0480497      0.0855261        77.3781
   535        536      0.0480497      0.0855261        73.5092
   536        537      0.0480497      0.0855261        69.8337
   537        538      0.0480497      0.0855261         66.342
   538        539      0.0480497      0.0855261        63.0249
   539        540      0.0480497      0.0855261        59.8737
   540        541      0.0480497      0.0855261          56.88

                           Best        Current           Mean
Iteration   f-count         f(x)         f(x)         temperature
   541        542      0.0480497      0.0855261         54.036
   542        543      0.0480497      0.0855261        51.3342
   543        544      0.0480497      0.0855261        48.7675
   544        545      0.0480497      0.0855261        46.3291
   545        546      0.0480497      0.0855261        44.0127
   546        547      0.0480497      0.0855261         41.812
   547        548      0.0480497      0.0855261        39.7214
   548        549      0.0480497      0.0855261        37.7354
   549        550      0.0480497      0.0855261        35.8486
   550        551      0.0480497      0.0855261        34.0562
   551        552      0.0480497      0.0855261        32.3534
   552        553      0.0480497      0.0855261        30.7357
   553        554      0.0480497      0.0855261        29.1989
   554        555      0.0480497      0.0855261         27.739
*  555        556      0.0480497       0.189189            100
   556        557      0.0480497       0.189189            100
   557        558      0.0480497       0.189189            100
   558        559      0.0480497       0.189189            100
   559        560      0.0480497       0.189189            100
   560        561      0.0480497       0.189189            100
   561        562      0.0480497       0.189189            100
   562        563      0.0480497       0.189189            100
   563        564      0.0480497       0.189189            100
   564        565      0.0480497       0.189189            100
   565        566      0.0480497       0.189189            100
   566        567      0.0480497       0.189189            100
   567        568      0.0480497       0.255899            100
   568        569      0.0480497       0.255899            100
   569        570      0.0480497        0.15057            100
   570        571      0.0480497        0.15057            100

                           Best        Current           Mean
Iteration   f-count         f(x)         f(x)         temperature
   571        572      0.0480497      0.0889305            100
   572        573      0.0480497      0.0889305            100
   573        574      0.0480497      0.0889305            100
   574        575      0.0480497      0.0889305            100
   575        576      0.0480497      0.0889305            100
   576        577      0.0480497       0.171982            100
   577        578      0.0480497       0.171982            100
   578        579      0.0480497       0.171982            100
   579        580      0.0480497       0.171982            100
   580        581      0.0480497       0.171982            100
   581        582      0.0480497       0.171982            100
   582        583      0.0480497       0.171982            100
   583        584      0.0480497       0.171982            100
   584        585      0.0480497       0.171982            100
   585        586      0.0480497       0.171982            100
   586        587      0.0480497       0.171982            100
   587        588      0.0480497       0.171982            100
   588        589      0.0480497       0.171982            100
   589        590      0.0480497       0.171982            100
   590        591      0.0480497       0.130266            100
   591        592      0.0480497       0.130266            100
   592        593      0.0480497       0.130266            100
   593        594      0.0480497       0.130266            100
   594        595      0.0480497       0.130266            100
   595        596      0.0480497       0.130266            100
   596        597      0.0480497       0.130266            100
   597        598      0.0480497       0.130266            100
   598        599      0.0480497       0.130266            100
   599        600      0.0480497       0.130266            100
   600        601      0.0480497       0.130266            100

                           Best        Current           Mean
Iteration   f-count         f(x)         f(x)         temperature
   601        602      0.0480497       0.130266            100
   602        603      0.0480497       0.130266            100
   603        604      0.0480497       0.130266            100
   604        605      0.0480497       0.130266            100
   605        606      0.0480497       0.130266            100
   606        607      0.0480497       0.130266            100
   607        608      0.0480497       0.130266            100
   608        609      0.0480497       0.130266            100
   609        610      0.0480497       0.130266            100
   610        611      0.0480497       0.130266            100
   611        612      0.0480497       0.130266            100
   612        613      0.0480497       0.130266            100
   613        614      0.0480497       0.305807            100
   614        615      0.0480497      0.0547611            100
   615        616      0.0480497      0.0547611            100
   616        617      0.0480497      0.0547611            100
   617        618      0.0480497      0.0547611            100
   618        619      0.0480497      0.0547611            100
   619        620      0.0480497      0.0547611            100
   620        621      0.0480497      0.0547611            100
   621        622      0.0480497      0.0547611            100
   622        623      0.0480497      0.0839231            100
   623        624      0.0480497      0.0839231            100
   624        625      0.0480497      0.0839231            100
   625        626      0.0480497      0.0839231            100
   626        627      0.0480497      0.0839231            100
   627        628      0.0480497       0.433392            100
   628        629      0.0480497       0.433392            100
   629        630      0.0480497       0.433392            100
   630        631      0.0480497       0.433392            100

                           Best        Current           Mean
Iteration   f-count         f(x)         f(x)         temperature
   631        632      0.0480497       0.433392            100
   632        633      0.0480497       0.433392            100
   633        634      0.0480497       0.433392            100
   634        635      0.0480497       0.433392            100
*  635        636      0.0480497      0.0975369            100
   636        637      0.0480497      0.0975369            100
   637        638      0.0480497      0.0975369            100
   638        639      0.0480497      0.0975369            100
   639        640      0.0480497       0.212375            100
   640        641      0.0480497       0.212375            100
   641        642      0.0480497       0.212375            100
   642        643      0.0480497       0.212375            100
   643        644      0.0480497        2.48009            100
   644        645      0.0480497        2.48009            100
   645        646      0.0480497        2.48009            100
   646        647      0.0480497        2.48009            100
   647        648      0.0480497        2.48009            100
   648        649      0.0480497       0.150438            100
   649        650      0.0480497       0.150438            100
   650        651      0.0480497       0.150438            100
   651        652      0.0480497        0.10454            100
   652        653      0.0480497        0.10454            100
   653        654      0.0480497        0.10454            100
   654        655      0.0480497        0.10454            100
   655        656      0.0480497        0.10454            100
   656        657      0.0480497        0.10454            100
   657        658      0.0480497        0.10454            100
   658        659      0.0480497        0.10454            100
   659        660      0.0480497        0.10454            100
   660        661      0.0480497        0.10454            100

                           Best        Current           Mean
Iteration   f-count         f(x)         f(x)         temperature
   661        662      0.0480497        0.10454            100
   662        663      0.0480497        0.10454            100
   663        664      0.0480497       0.257044            100
   664        665      0.0480497       0.257044            100
   665        666      0.0480497       0.257044            100
   666        667      0.0480497       0.257044            100
   667        668      0.0480497       0.257044            100
   668        669      0.0480497       0.257044            100
   669        670      0.0480497       0.257044            100
   670        671      0.0480497       0.257044            100
   671        672      0.0480497      0.0868259            100
   672        673      0.0480497      0.0868259            100
   673        674      0.0480497      0.0868259            100
   674        675      0.0480497      0.0868259            100
   675        676      0.0480497      0.0868259            100
   676        677      0.0480497      0.0868259            100
   677        678      0.0480497      0.0868259            100
   678        679      0.0480497        1.13497            100
   679        680      0.0480497        1.13497            100
   680        681      0.0480497        1.13497            100
   681        682      0.0480497        1.13497            100
   682        683      0.0480497        1.13497            100
   683        684      0.0480497        1.13497            100
   684        685      0.0480497       0.146811            100
   685        686      0.0480497       0.146811            100
   686        687      0.0480497       0.146811            100
   687        688      0.0480497       0.146811            100
   688        689      0.0480497       0.146811            100
   689        690      0.0480497       0.146811            100
   690        691      0.0480497       0.146811            100

                           Best        Current           Mean
Iteration   f-count         f(x)         f(x)         temperature
   691        692      0.0480497       0.146811            100
   692        693      0.0480497       0.146811            100
   693        694      0.0480497       0.146811            100
   694        695      0.0480497       0.146811            100
   695        696      0.0480497       0.146811            100
   696        697      0.0480497       0.146811            100
   697        698      0.0480497      0.0543235            100
   698        699      0.0480497      0.0543235            100
   699        700      0.0480497      0.0543235            100
   700        701      0.0480497      0.0543235            100
   701        702      0.0480497      0.0543235            100
   702        703      0.0480497      0.0543235            100
   703        704      0.0480497      0.0543235            100
   704        705      0.0480497      0.0543235            100
   705        706      0.0480497      0.0543235            100
   706        707      0.0480497      0.0543235            100
   707        708      0.0480497      0.0543235            100
   708        709      0.0480497      0.0543235            100
   709        710      0.0480497      0.0543235            100
*  710        711      0.0480497        1.55309            100
   711        712      0.0480497        1.55309            100
   712        713      0.0480497        1.55309            100
   713        714      0.0480497        1.55309            100
   714        715      0.0480497        1.55309            100
   715        716      0.0480497        1.55309            100
   716        717      0.0480497        1.55309            100
   717        718      0.0480497        1.55309            100
   718        719      0.0480497       0.249014            100
   719        720      0.0480497       0.249014            100
   720        721      0.0480497       0.249014            100

                           Best        Current           Mean
Iteration   f-count         f(x)         f(x)         temperature
   721        722      0.0480497       0.249014            100
   722        723      0.0480497       0.249014            100
   723        724      0.0480497       0.249014            100
   724        725      0.0480497       0.249014            100
   725        726      0.0480497       0.249014            100
   726        727      0.0480497       0.249014            100
   727        728      0.0480497       0.088919            100
   728        729      0.0480497       0.088919            100
   729        730      0.0480497       0.088919            100
   730        731      0.0480497       0.088919            100
   731        732      0.0480497       0.088919            100
   732        733      0.0480497       0.088919            100
   733        734      0.0480497       0.088919            100
   734        735      0.0480497       0.088919            100
   735        736      0.0480497       0.088919            100
   736        737      0.0480497       0.088919            100
   737        738      0.0480497       0.088919            100
   738        739      0.0480497       0.088919            100
   739        740      0.0480497       0.088919            100
   740        741      0.0480497       0.088919            100
   741        742      0.0480497       0.088919            100
   742        743      0.0480497       0.088919            100
   743        744      0.0480497       0.088919            100
   744        745      0.0480497       0.088919            100
   745        746      0.0480497       0.088919            100
   746        747      0.0480497       0.088919            100
   747        748      0.0480497       0.088919            100
   748        749      0.0480497       0.088919            100
   749        750      0.0480497       0.088919            100
   750        751      0.0480497       0.088919            100

                           Best        Current           Mean
Iteration   f-count         f(x)         f(x)         temperature
   751        752      0.0480497       0.088919            100
   752        753      0.0480497       0.088919            100
   753        754      0.0480497       0.088919            100
   754        755      0.0480497       0.088919            100
   755        756      0.0480497       0.088919            100
   756        757      0.0480497       0.088919            100
   757        758      0.0480497       0.088919            100
   758        759      0.0480497       0.088919            100
   759        760      0.0480497       0.088919            100
   760        761      0.0480497       0.088919            100
   761        762      0.0480497       0.088919            100
   762        763      0.0480497       0.088919            100
   763        764      0.0480497       0.088919            100
   764        765      0.0480497       0.088919            100
   765        766      0.0480497       0.088919            100
   766        767      0.0480497        0.81384            100
   767        768      0.0480497       0.429603            100
   768        769      0.0480497       0.189485            100
   769        770      0.0480497       0.138455            100
   770        771      0.0480497       0.138455            100
   771        772      0.0480497       0.138455            100
   772        773      0.0480497       0.138455            100
   773        774      0.0480497       0.138455            100
   774        775      0.0480497       0.138455            100
   775        776      0.0480497       0.138455            100
   776        777      0.0480497       0.151993            100
   777        778      0.0480497       0.385347            100
   778        779      0.0480497       0.385347            100
   779        780      0.0480497       0.385347            100
   780        781      0.0480497       0.385347            100

                           Best        Current           Mean
Iteration   f-count         f(x)         f(x)         temperature
   781        782      0.0480497       0.385347            100
   782        783      0.0480497       0.385347            100
   783        784      0.0480497       0.385347            100
   784        785      0.0480497       0.385347            100
   785        786      0.0480497       0.385347            100
   786        787      0.0480497       0.385347            100
   787        788      0.0480497       0.385347            100
   788        789      0.0480497       0.332783            100
   789        790      0.0480497       0.332783            100
   790        791      0.0480497       0.332783            100
   791        792      0.0480497       0.332783            100
   792        793      0.0480497       0.332783            100
   793        794      0.0480497       0.332783            100
   794        795      0.0480497       0.332783            100
   795        796      0.0480497       0.332783            100
   796        797      0.0480497       0.332783            100
   797        798      0.0480497       0.332783            100
   798        799      0.0480497       0.332783            100
   799        800      0.0480497       0.332783            100
   800        801      0.0480497       0.332783            100
   801        802      0.0480497       0.332783            100
   802        803      0.0480497       0.332783            100
   803        804      0.0480497       0.332783            100
   804        805      0.0480497       0.332783            100
   805        806      0.0480497       0.332783            100
   806        807      0.0480497       0.332783            100
   807        808      0.0480497       0.332783            100
   808        809      0.0480497       0.332783            100
   809        810      0.0480497       0.332783            100
*  810        811      0.0480497       0.122635            100

                           Best        Current           Mean
Iteration   f-count         f(x)         f(x)         temperature
   811        812      0.0480497       0.122635            100
   812        813      0.0480497       0.122635            100
   813        814      0.0480497       0.122635            100
   814        815      0.0480497       0.122635            100
   815        816      0.0480497       0.122635            100
   816        817      0.0480497       0.122635            100
   817        818      0.0480497       0.122635            100
   818        819      0.0480497       0.122635            100
   819        820      0.0480497       0.122635            100
   820        821      0.0480497       0.122635            100
   821        822      0.0480497       0.122635            100
   822        823      0.0480497       0.122635            100
   823        824      0.0480497       0.122635            100
   824        825      0.0480497       0.122635            100
   825        826      0.0480497       0.122635            100
   826        827      0.0480497       0.122635            100
   827        828      0.0480497       0.122635            100
   828        829      0.0480497       0.122635            100
   829        830      0.0480497       0.122635            100
   830        831      0.0480497       0.122635            100
   831        832      0.0480497       0.122635            100
   832        833      0.0480497       0.122635            100
   833        834      0.0480497       0.122635            100
   834        835      0.0480497       0.122635            100
   835        836      0.0480497       0.122635            100
   836        837      0.0480497       0.122635            100
   837        838      0.0480497        2.21976            100
   838        839      0.0480497        2.21976            100
   839        840      0.0480497        2.21976            100
   840        841      0.0480497        0.30276            100

                           Best        Current           Mean
Iteration   f-count         f(x)         f(x)         temperature
   841        842      0.0480497        0.30276            100
   842        843      0.0480497        0.30276            100
   843        844      0.0480497        0.30276            100
   844        845      0.0480497        4.17337            100
   845        846      0.0480497       0.270918            100
   846        847      0.0480497       0.270918            100
   847        848      0.0480497       0.270918            100
   848        849      0.0480497       0.468894            100
   849        850      0.0480497       0.468894            100
   850        851      0.0480497       0.468894            100
   851        852      0.0480497       0.468894            100
   852        853      0.0480497       0.468894            100
   853        854      0.0480497       0.468894            100
   854        855      0.0480497       0.468894            100
   855        856      0.0480497       0.468894            100
   856        857      0.0480497       0.186361            100
   857        858      0.0480497       0.186361            100
   858        859      0.0480497       0.186361            100
   859        860      0.0480497       0.186361            100
   860        861      0.0480497       0.186361            100
   861        862      0.0480497       0.186361            100
   862        863      0.0480497       0.186361            100
   863        864      0.0480497       0.186361            100
   864        865      0.0480497       0.186361            100
   865        866      0.0480497       0.186361            100
   866        867      0.0480497       0.186361            100
   867        868      0.0480497       0.529159            100
   868        869      0.0480497       0.529159            100
   869        870      0.0480497       0.529159            100
   870        871      0.0480497        2.20384            100

                           Best        Current           Mean
Iteration   f-count         f(x)         f(x)         temperature
   871        872      0.0480497        2.20384            100
   872        873      0.0480497        2.20384            100
   873        874      0.0480497       0.151836            100
*  874        875      0.0480497       0.151008            100
   875        876      0.0480497       0.151008            100
   876        877      0.0480497       0.151008            100
   877        878      0.0480497       0.151008            100
   878        879      0.0480497       0.151008            100
   879        880      0.0480497       0.151008            100
   880        881      0.0480497       0.585057            100
   881        882      0.0480497       0.585057            100
   882        883      0.0480497       0.585057            100
   883        884      0.0480497       0.585057            100
   884        885      0.0480497       0.585057            100
   885        886      0.0480497       0.585057            100
   886        887      0.0480497       0.304893            100
   887        888      0.0480497       0.270269            100
   888        889      0.0480497       0.135148            100
   889        890      0.0480497       0.135148            100
   890        891      0.0480497       0.135148            100
   891        892      0.0480497       0.135148            100
   892        893      0.0480497       0.135148            100
   893        894      0.0480497       0.135148            100
   894        895      0.0480497       0.135148            100
   895        896      0.0480497       0.258023            100
   896        897      0.0480497       0.258023            100
   897        898      0.0480497       0.830728            100
   898        899      0.0480497       0.830728            100
   899        900      0.0480497       0.830728            100
   900        901      0.0480497       0.830728            100

                           Best        Current           Mean
Iteration   f-count         f(x)         f(x)         temperature
   901        902      0.0480497       0.830728            100
   902        903      0.0480497       0.830728            100
   903        904      0.0480497       0.830728            100
   904        905      0.0480497       0.830728            100
   905        906      0.0480497       0.485912            100
   906        907      0.0480497       0.485912            100
   907        908      0.0480497       0.485912            100
   908        909      0.0480497       0.485912            100
   909        910      0.0480497       0.485912            100
   910        911      0.0480497       0.485912            100
   911        912      0.0480497       0.485912            100
   912        913      0.0480497       0.485912            100
   913        914      0.0480497       0.485912            100
   914        915      0.0480497       0.485912            100
   915        916      0.0480497       0.485912            100
   916        917      0.0480497       0.485912            100
   917        918      0.0480497       0.485912            100
   918        919      0.0480497       0.485912            100
   919        920      0.0480497       0.485912            100
   920        921      0.0480497       0.485912            100
   921        922      0.0480497       0.485912            100
   922        923      0.0480497       0.485912            100
   923        924      0.0480497       0.485912            100
   924        925      0.0480497       0.485912            100
   925        926      0.0480497       0.485912            100
   926        927      0.0480497       0.485912            100
   927        928      0.0480497       0.485912            100
   928        929      0.0480497       0.485912            100
   929        930      0.0480497       0.485912            100
   930        931      0.0480497       0.485912            100

                           Best        Current           Mean
Iteration   f-count         f(x)         f(x)         temperature
   931        932      0.0480497       0.485912            100
   932        933      0.0480497       0.485912            100
   933        934      0.0480497       0.485912            100
   934        935      0.0480497       0.485912            100
   935        936      0.0480497       0.485912            100
   936        937      0.0480497       0.485912            100
   937        938      0.0480497       0.485912            100
   938        939      0.0480497       0.485912            100
   939        940      0.0480497       0.485912            100
   940        941      0.0480497       0.485912            100
   941        942      0.0480497       0.485912            100
   942        943      0.0480497       0.485912            100
   943        944      0.0480497       0.485912            100
   944        945      0.0480497       0.220898            100
   945        946      0.0480497       0.220898            100
   946        947      0.0480497       0.155672            100
   947        948      0.0480497       0.155672            100
   948        949      0.0480497       0.155672            100
   949        950      0.0480497       0.155672            100
   950        951      0.0480497       0.155672            100
   951        952      0.0480497       0.155672            100
   952        953      0.0480497       0.155672            100
   953        954      0.0480497       0.155672            100
   954        955      0.0480497       0.155672            100
   955        956      0.0480497       0.155672            100
   956        957      0.0480497       0.155672            100
*  957        958      0.0480497       0.240883            100
   958        959      0.0480497       0.240883            100
   959        960      0.0480497       0.240883            100
   960        961      0.0480497       0.240883            100

                           Best        Current           Mean
Iteration   f-count         f(x)         f(x)         temperature
   961        962      0.0480497       0.240883            100
   962        963      0.0480497       0.240883            100
   963        964      0.0480497       0.240883            100
   964        965      0.0480497      0.0893772            100
   965        966      0.0480497      0.0893772            100
   966        967      0.0480497      0.0893772            100
   967        968      0.0480497      0.0893772            100
   968        969      0.0480497      0.0893772            100
   969        970      0.0480497      0.0893772            100
   970        971      0.0480497      0.0893772            100
   971        972      0.0480497      0.0893772            100
   972        973      0.0480497      0.0893772            100
   973        974      0.0480497      0.0893772            100
   974        975      0.0480497      0.0893772            100
   975        976      0.0480497      0.0893772            100
   976        977      0.0480497      0.0893772            100
   977        978      0.0480497      0.0893772            100
   978        979      0.0480497      0.0893772            100
   979        980      0.0480497      0.0893772            100
   980        981      0.0480497      0.0893772            100
   981        982      0.0480497      0.0893772            100
   982        983      0.0480497      0.0893772            100
   983        984      0.0480497      0.0893772            100
   984        985      0.0480497      0.0893772            100
   985        986      0.0480497      0.0893772            100
   986        987      0.0480497      0.0893772            100
   987        988      0.0480497      0.0893772            100
   988        989      0.0480497      0.0893772            100
   989        990      0.0480497      0.0893772            100
   990        991      0.0480497      0.0893772            100

                           Best        Current           Mean
Iteration   f-count         f(x)         f(x)         temperature
   991        992      0.0480497      0.0893772            100
   992        993      0.0480497      0.0893772            100
   993        994      0.0480497      0.0893772            100
   994        995      0.0480497      0.0893772            100
   995        996      0.0480497      0.0893772            100
   996        997      0.0480497      0.0893772            100
   997        998      0.0480497      0.0893772            100
   998        999      0.0480497      0.0893772            100
   999       1000      0.0480497      0.0893772            100
  1000       1001      0.0480497      0.0893772            100
  1001       1002      0.0480497      0.0893772            100
  1002       1003      0.0480497      0.0893772            100
  1003       1004      0.0480497      0.0893772            100
  1004       1005      0.0480497      0.0893772            100
  1005       1006      0.0480497      0.0893772            100
  1006       1007      0.0480497      0.0893772            100
  1007       1008      0.0480497      0.0893772            100
  1008       1009      0.0480497      0.0893772            100
  1009       1010      0.0480497      0.0893772            100
  1010       1011      0.0480497      0.0893772            100
  1011       1012      0.0480497      0.0893772            100
  1012       1013      0.0480497       0.932489            100
  1013       1014      0.0480497       0.932489            100
  1014       1015      0.0480497       0.932489            100
  1015       1016      0.0480497       0.932489            100
  1016       1017      0.0480497       0.932489            100
  1017       1018      0.0480497       0.932489            100
  1018       1019      0.0480497       0.932489            100
  1019       1020      0.0480497       0.932489            100
  1020       1021      0.0480497       0.932489            100

                           Best        Current           Mean
Iteration   f-count         f(x)         f(x)         temperature
  1021       1022      0.0480497       0.932489            100
  1022       1023      0.0480497       0.932489            100
  1023       1024      0.0480497       0.932489            100
  1024       1025      0.0480497       0.932489            100
  1025       1026      0.0480497       0.932489            100
  1026       1027      0.0480497       0.932489            100
  1027       1028      0.0480497       0.932489            100
  1028       1029      0.0480497       0.932489            100
  1029       1030      0.0480497       0.932489            100
  1030       1031      0.0480497       0.932489            100
  1031       1032      0.0480497       0.932489            100
  1032       1033      0.0480497       0.932489            100
  1033       1034      0.0480497       0.932489            100
  1034       1035      0.0480497       0.932489            100
  1035       1036      0.0480497       0.932489            100
  1036       1037      0.0480497       0.932489            100
  1037       1038      0.0480497       0.932489            100
  1038       1039      0.0480497       0.932489            100
  1039       1040      0.0480497       0.390157            100
  1040       1041      0.0480497       0.390157            100
  1041       1042      0.0480497       0.390157            100
  1042       1043      0.0480497       0.390157            100
  1043       1044      0.0480497       0.101947            100
  1044       1045      0.0480497       0.101947            100
  1045       1046      0.0480497       0.101947            100
  1046       1047      0.0480497       0.101947            100
  1047       1048      0.0480497       0.101947            100
  1048       1049      0.0480497       0.101947            100
  1049       1050      0.0480497       0.101947            100
  1050       1051      0.0480497       0.101947            100

                           Best        Current           Mean
Iteration   f-count         f(x)         f(x)         temperature
  1051       1052      0.0480497       0.101947            100
  1052       1053      0.0480497       0.101947            100
  1053       1054      0.0480497       0.101947            100
  1054       1055      0.0480497       0.101947            100
  1055       1056      0.0480497       0.101947            100
  1056       1057      0.0480497       0.101947            100
  1057       1058      0.0480497       0.101947             95
  1058       1059      0.0480497       0.101947          90.25
  1059       1060      0.0480497       0.101947        85.7375
  1060       1061      0.0480497       0.101947        81.4506
  1061       1062      0.0480497       0.101947        77.3781
  1062       1063      0.0480497       0.101947        73.5092
  1063       1064      0.0480497       0.101947        69.8337
  1064       1065      0.0480497       0.101947         66.342
  1065       1066      0.0480497       0.101947        63.0249
  1066       1067      0.0480497       0.101947        59.8737
  1067       1068      0.0480497       0.101947          56.88
  1068       1069      0.0480497       0.101947         54.036
  1069       1070      0.0480497       0.101947        51.3342
  1070       1071      0.0480497       0.101947        48.7675
  1071       1072      0.0480497       0.101947        46.3291
  1072       1073      0.0480497       0.101947        44.0127
  1073       1074      0.0480497       0.101947         41.812
  1074       1075      0.0480497       0.177738        39.7214
  1075       1076      0.0480497       0.177738        37.7354
  1076       1077      0.0480497       0.177738        35.8486
  1077       1078      0.0480497       0.177738        34.0562
  1078       1079      0.0480497       0.177738        32.3534
  1079       1080      0.0480497        0.16684        30.7357
  1080       1081      0.0480497        0.16684        29.1989

                           Best        Current           Mean
Iteration   f-count         f(x)         f(x)         temperature
  1081       1082      0.0480497       0.587112         27.739
  1082       1083      0.0480497       0.587112         26.352
  1083       1084      0.0480497        2.26979        25.0344
  1084       1085      0.0480497        2.26979        23.7827
  1085       1086      0.0480497       0.942717        22.5936
* 1086       1087      0.0480497       0.386236            100
  1087       1088      0.0480497       0.386236            100
  1088       1089      0.0480497       0.386236            100
  1089       1090      0.0480497       0.386236            100
  1090       1091      0.0480497       0.386236            100
  1091       1092      0.0480497       0.386236            100
  1092       1093      0.0480497       0.386236            100
  1093       1094      0.0480497       0.386236            100
  1094       1095      0.0480497       0.386236            100
  1095       1096      0.0480497       0.143419            100
  1096       1097      0.0480497       0.143419            100
  1097       1098      0.0480497       0.143419            100
  1098       1099      0.0480497       0.143419            100
  1099       1100      0.0480497       0.143419            100
  1100       1101      0.0480497       0.143419            100
  1101       1102      0.0480497       0.143419            100
  1102       1103      0.0480497       0.143419            100
  1103       1104      0.0480497       0.143419            100
  1104       1105      0.0480497       0.143419            100
  1105       1106      0.0480497       0.143419            100
  1106       1107      0.0480497       0.143419            100
  1107       1108      0.0480497       0.143419            100
  1108       1109      0.0480497       0.143419            100
  1109       1110      0.0480497       0.143419            100
  1110       1111      0.0480497       0.143419            100

                           Best        Current           Mean
Iteration   f-count         f(x)         f(x)         temperature
  1111       1112      0.0480497       0.143419            100
  1112       1113      0.0480497       0.143419            100
  1113       1114      0.0480497       0.143419            100
  1114       1115      0.0480497       0.143419            100
  1115       1116      0.0480497       0.143419            100
  1116       1117      0.0480497       0.143419            100
  1117       1118      0.0480497       0.143419            100
  1118       1119      0.0480497       0.143419            100
  1119       1120      0.0480497       0.143419            100
  1120       1121      0.0480497        1.31716            100
  1121       1122      0.0480497        1.31716            100
  1122       1123      0.0480497        1.31716            100
  1123       1124      0.0480497        1.31716            100
  1124       1125      0.0480497        1.31716            100
  1125       1126      0.0480497        1.31716            100
  1126       1127      0.0480497        1.31716            100
  1127       1128      0.0480497        1.31716            100
  1128       1129      0.0480497        1.31716            100
  1129       1130      0.0480497        1.31716            100
  1130       1131      0.0480497        1.31716            100
  1131       1132      0.0480497        1.31716            100
  1132       1133      0.0480497        1.31716            100
  1133       1134      0.0480497        1.31716            100
  1134       1135      0.0480497        1.31716            100
  1135       1136      0.0480497        1.31716            100
  1136       1137      0.0480497        1.31716            100
  1137       1138      0.0480497        1.31716            100
  1138       1139      0.0480497        1.31716            100
  1139       1140      0.0480497        1.31716            100
  1140       1141      0.0480497        1.31716            100

                           Best        Current           Mean
Iteration   f-count         f(x)         f(x)         temperature
  1141       1142      0.0480497        1.66116            100
  1142       1143      0.0480497        1.81876            100
  1143       1144      0.0480497        1.81876            100
  1144       1145      0.0480497        1.81876            100
  1145       1146      0.0480497        1.81876            100
  1146       1147      0.0480497        1.81876            100
  1147       1148      0.0480497        1.81876            100
  1148       1149      0.0480497        1.81876            100
  1149       1150      0.0480497        1.81876            100
  1150       1151      0.0480497        1.81876            100
  1151       1152      0.0480497        1.81876            100
  1152       1153      0.0480497        1.81876            100
  1153       1154      0.0480497        1.81876            100
  1154       1155      0.0480497        1.81876            100
  1155       1156      0.0480497        1.81876            100
  1156       1157      0.0480497        1.81876            100
  1157       1158      0.0480497        1.81876            100
  1158       1159      0.0480497        1.81876            100
  1159       1160      0.0480497        1.81876            100
  1160       1161      0.0480497        1.81876            100
  1161       1162      0.0480497        1.81876            100
  1162       1163      0.0480497        1.81876            100
  1163       1164      0.0480497        1.81876            100
  1164       1165      0.0480497        1.81876            100
  1165       1166      0.0480497        1.81876            100
  1166       1167      0.0480497        1.81876            100
  1167       1168      0.0480497        1.81876            100
  1168       1169      0.0480497        1.81876            100
  1169       1170      0.0480497        1.81876            100
  1170       1171      0.0480497        1.81876            100

                           Best        Current           Mean
Iteration   f-count         f(x)         f(x)         temperature
  1171       1172      0.0480497        1.81876            100
  1172       1173      0.0480497        1.81876            100
  1173       1174      0.0480497        1.81876            100
  1174       1175      0.0480497        1.81876            100
[Warning: Unable to complete the meshing step. Please try the alternate mesher
version that can be selected in pdetool using the Mesh Parameters dialog or in
the initmesh function using the 'MesherVersion', 'R2013a' option.] 
  1175       1176      0.0480497        1.81876            100
  1176       1177      0.0480497        1.81876            100
  1177       1178      0.0480497        1.81876            100
  1178       1179      0.0480497        1.81876            100
  1179       1180      0.0480497        1.81876            100
  1180       1181      0.0480497        1.81876            100
  1181       1182      0.0480497        1.81876            100
  1182       1183      0.0480497        1.81876            100
  1183       1184      0.0480497        1.81876            100
  1184       1185      0.0480497        1.81876            100
  1185       1186      0.0480497        1.81876            100
  1186       1187      0.0480497        1.81876             95
  1187       1188      0.0480497        1.81876          90.25
  1188       1189      0.0480497        1.81876        85.7375
  1189       1190      0.0480497        1.81876        81.4506
[Warning: This functionality is no longer supported under the -nodisplay and
-noFigureWindows startup options. For more information, see "Changes to
-nodisplay and -noFigureWindows Startup Options" in the MATLAB Release Notes.
To view the release note in your system browser, run
web('http://www.mathworks.com/access/helpdesk/help/techdoc/rn/br5ktrh-1.html#br5ktrh-3',
'-browser')] 
[> In uitools/private/warnfiguredialog at 26
  In dialog at 37
  In msgbox at 214
  In errordlg at 48
  In pdetool at 5486
  In pdepatch at 42
  In pdepolyGA at 108
  In cav_y at 78
  In sa_cav_y_4dof at 6
  In globaloptim/private/sanewpoint at 25
  In globaloptim/private/saengine at 30
  In globaloptim/private/simulanneal at 51
  In simulannealbnd at 122
  In d_sa_cav_y4 at 20
  In dopt_sa_cavy_4 at 101
  In initmat4 at 4
  In run at 64] 
  1190       1191      0.0480497        1.81876        77.3781
Optimization terminated: change in best function value less than options.TolFun.

vetor =

    7.0000  100.0000    0.5000    1.5500


	 HdL: 7.000  t1dt0: 100.000  L1dL0: 0.500  Alpha: 1.550
