\nSimulated Annealing...Discreted\n

	 Fitness Limit : -Inf
Diagnostic information.
	objective function = @sa_cav_y_4dof
	X0 = [  1 9 0.7 1.34 ]
Modified options:
	options.AnnealingFcn = @d_annealing_c4
	options.TemperatureFcn = @tempboltzexp
	options.StallIterLimit = 1000
	options.InitialTemperature = [  100 100 100 100 ]
	options.Display = 'diagnose'
	options.ReannealInterval = 10
	options.DisplayInterval = 1 
	options.AcceptanceFcn = @acceptancesa
End of diagnostic information.


                           Best        Current           Mean
Iteration   f-count         f(x)         f(x)         temperature
     0          1      0.0932996      0.0932996            100
     1          2      0.0932996      0.0932996         144.27
     2          3      0.0932996      0.0932996        91.0239
     3          4      0.0932996      0.0932996        72.1348
     4          5      0.0932996      0.0932996        62.1335
     5          6      0.0932996      0.0932996        55.8111
     6          7      0.0932996      0.0932996        51.3898
     7          8      0.0932996       0.230094        48.0898
     8          9      0.0932996       0.230094         45.512
     9         10      0.0932996       0.433243        43.4294
    10         11      0.0932996       0.433243        41.7032
    11         12      0.0932996       0.433243         40.243
    12         13      0.0932996       0.433243        38.9871
    13         14      0.0932996       0.433243        37.8923
    14         15      0.0932996       0.433243        36.9269
    15         16      0.0932996       0.309496        36.0674
    16         17      0.0932996       0.309496        35.2956
    17         18      0.0932996       0.110794        34.5976
    18         19      0.0932996       0.110794        33.9623
    19         20      0.0932996       0.114611        33.3808
    20         21      0.0932996       0.114611        32.8459
    21         22      0.0932996       0.114611        32.3515
    22         23      0.0932996       0.114611        31.8929
    23         24      0.0932996       0.114611        31.4658
    24         25      0.0932996       0.114611        31.0667
    25         26      0.0932996       0.114611        30.6928
    26         27      0.0932996       0.114611        30.3413
    27         28      0.0932996       0.114611        30.0102
    28         29      0.0912975      0.0912975        29.6974
    29         30      0.0912975      0.0912975        29.4014
    30         31      0.0912975      0.0912975        29.1207

                           Best        Current           Mean
Iteration   f-count         f(x)         f(x)         temperature
    31         32      0.0912975      0.0912975        28.8539
    32         33      0.0912975      0.0912975           28.6
    33         34      0.0912975      0.0912975        28.3578
    34         35      0.0912975      0.0912975        28.1266
    35         36      0.0912975       0.131409        27.9055
    36         37      0.0912975       0.131409        27.6938
    37         38      0.0912975       0.131409        27.4908
    38         39      0.0912975       0.131409        27.2958
    39         40      0.0912975       0.131409        27.1085
    40         41      0.0912975       0.195576        26.9283
    41         42      0.0912975       0.195576        26.7546
    42         43      0.0912975       0.195576        26.5873
    43         44      0.0912975       0.195576        26.4257
*   44         45      0.0886697      0.0886697        1234.65
    45         46      0.0886697      0.0886697         144.27
    46         47      0.0886697      0.0886697        91.0239
    47         48      0.0886697       0.155677        72.1348
    48         49      0.0886697       0.155677        62.1335
    49         50      0.0886697       0.155677        55.8111
    50         51      0.0886697       0.155677        51.3898
    51         52      0.0886697       0.131896        48.0898
    52         53      0.0886697       0.131896         45.512
    53         54      0.0886697       0.131896        43.4294
    54         55      0.0886697       0.131896        41.7032
    55         56      0.0886697       0.131896         40.243
    56         57      0.0886697       0.131896        38.9871
    57         58      0.0886697       0.131896        37.8923
    58         59      0.0886697       0.131896        36.9269
    59         60      0.0886697       0.131896        36.0674
    60         61      0.0886697       0.131896        35.2956

                           Best        Current           Mean
Iteration   f-count         f(x)         f(x)         temperature
    61         62      0.0886697       0.437794        34.5976
    62         63      0.0886697       0.154863        33.9623
    63         64      0.0886697       0.154863        33.3808
    64         65      0.0886697       0.154863        32.8459
    65         66      0.0886697       0.154863        32.3515
    66         67      0.0886697       0.154863        31.8929
    67         68      0.0886697       0.154863        31.4658
    68         69      0.0886697       0.491435        31.0667
    69         70      0.0886697       0.491435        30.6928
    70         71      0.0886697       0.491435        30.3413
    71         72      0.0886697       0.491435        30.0102
    72         73      0.0886697       0.491435        29.6974
    73         74      0.0886697       0.491435        29.4014
    74         75      0.0886697       0.228689        29.1207
    75         76      0.0886697       0.228689        28.8539
    76         77      0.0886697       0.228689           28.6
    77         78      0.0886697       0.228689        28.3578
    78         79      0.0886697       0.228689        28.1266
    79         80      0.0886697       0.195097        27.9055
    80         81      0.0886697       0.195097        27.6938
    81         82      0.0886697       0.195097        27.4908
    82         83      0.0886697       0.195097        27.2958
    83         84      0.0886697       0.195097        27.1085
    84         85      0.0886697       0.195097        26.9283
    85         86      0.0886697       0.195097        26.7546
    86         87      0.0886697       0.195097        26.5873
    87         88      0.0886697       0.195097        26.4257
    88         89      0.0886697       0.195097        26.2697
    89         90      0.0886697       0.195097        26.1189
    90         91      0.0886697       0.195097         25.973

                           Best        Current           Mean
Iteration   f-count         f(x)         f(x)         temperature
    91         92      0.0886697       0.195097        25.8318
    92         93      0.0886697       0.195097        25.6949
    93         94      0.0886697       0.195097        25.5622
    94         95      0.0886697       0.195097        25.4335
    95         96      0.0886697       0.195097        25.3085
    96         97      0.0886697       0.195097        25.1871
    97         98      0.0886697       0.195097         25.069
    98         99      0.0886697       0.195097        24.9543
    99        100      0.0886697       0.195097        24.8425
   100        101      0.0886697       0.195097        24.7338
   101        102      0.0886697       0.195097        24.6279
   102        103      0.0886697       0.195097        24.5246
   103        104      0.0886697       0.195097        24.4239
   104        105      0.0886697       0.195097        24.3257
   105        106      0.0886697       0.195097        24.2299
   106        107      0.0886697       0.195097        24.1363
   107        108      0.0886697       0.195097        24.0449
   108        109      0.0886697       0.195097        23.9556
   109        110      0.0886697       0.195097        23.8683
   110        111      0.0886697       0.195097         23.783
   111        112      0.0886697       0.195097        23.6994
   112        113      0.0886697       0.195097        23.6177
   113        114      0.0886697       0.195097        23.5377
   114        115      0.0886697       0.195097        23.4594
   115        116      0.0886697       0.195097        23.3827
   116        117      0.0886697       0.195097        23.3075
   117        118      0.0886697       0.195097        23.2338
   118        119      0.0886697       0.195097        23.1616
   119        120      0.0886697       0.195097        23.0908
   120        121      0.0886697       0.195097        23.0213

                           Best        Current           Mean
Iteration   f-count         f(x)         f(x)         temperature
   121        122      0.0886697       0.195097        22.9531
   122        123      0.0886697       0.195097        22.5936
   123        124      0.0886697       0.195097        21.4639
   124        125      0.0886697       0.195097        20.3907
   125        126      0.0886697       0.195097        19.3711
   126        127      0.0886697       0.195097        18.4026
   127        128      0.0886697       0.195097        17.4825
   128        129      0.0886697       0.195097        16.6083
   129        130      0.0886697       0.195097        15.7779
   130        131      0.0886697       0.195097         14.989
   131        132      0.0886697       0.195097        14.2396
   132        133      0.0886697       0.195097        13.5276
   133        134      0.0886697       0.195097        12.8512
   134        135      0.0886697       0.195097        12.2087
   135        136      0.0886697       0.195097        11.5982
   136        137      0.0886697       0.195097        11.0183
   137        138      0.0886697       0.195097        10.4674
   138        139      0.0886697       0.195097        9.94403
   139        140      0.0886697       0.195097        9.44682
   140        141      0.0886697       0.195097        8.97448
   141        142      0.0886697       0.195097        8.52576
   142        143      0.0886697       0.195097        8.09947
   143        144      0.0886697       0.195097         7.6945
   144        145      0.0886697       0.195097        7.30977
   145        146      0.0886697       0.195097        6.94428
   146        147      0.0886697       0.195097        6.59707
   147        148      0.0886697       0.195097        6.26722
   148        149      0.0886697       0.195097        5.95386
   149        150      0.0886697       0.195097        5.65616
   150        151      0.0886697       0.195097        5.37335

                           Best        Current           Mean
Iteration   f-count         f(x)         f(x)         temperature
   151        152      0.0886697       0.195097        5.10469
   152        153      0.0886697       0.195097        4.84945
   153        154      0.0886697       0.195097        4.60698
   154        155      0.0886697       0.195097        4.37663
   155        156      0.0886697       0.195097         4.1578
   156        157      0.0886697       0.195097        3.94991
   157        158      0.0886697       0.195097        3.75241
   158        159      0.0886697       0.195097        3.56479
   159        160      0.0886697       0.195097        3.38655
   160        161      0.0886697       0.195097        3.21723
   161        162      0.0886697       0.195097        3.05636
   162        163      0.0886697       0.195097        2.90355
   163        164      0.0886697       0.195097        2.75837
   164        165      0.0886697       0.195097        2.62045
   165        166      0.0886697       0.195097        2.48943
   166        167      0.0886697       0.195097        2.36496
   167        168      0.0886697       0.195097        2.24671
   168        169      0.0886697       0.195097        2.13437
   169        170      0.0886697       0.195097        2.02765
   170        171      0.0886697       0.195097        1.92627
   171        172      0.0886697       0.195097        1.82996
   172        173      0.0886697       0.195097        1.73846
   173        174      0.0886697       0.195097        1.65154
   174        175      0.0886697       0.195097        1.56896
   175        176      0.0886697       0.195097        1.49051
   176        177      0.0886697       0.195097        1.41599
   177        178      0.0886697       0.195097        1.34519
   178        179      0.0886697       0.195097        1.27793
   179        180      0.0886697       0.195097        1.21403
   180        181      0.0886697       0.195097        1.15333

                           Best        Current           Mean
Iteration   f-count         f(x)         f(x)         temperature
   181        182      0.0886697       0.195097        1.09566
   182        183      0.0886697       0.195097        1.04088
   183        184      0.0886697       0.195097       0.988836
   184        185      0.0886697       0.195097       0.939395
   185        186      0.0886697       0.195097       0.892425
   186        187      0.0886697       0.195097       0.847804
   187        188      0.0886697       0.195097       0.805413
   188        189      0.0886697       0.195097       0.765143
   189        190      0.0886697       0.195097       0.726886
   190        191      0.0886697       0.195097       0.690541
   191        192      0.0886697       0.195097       0.656014
   192        193      0.0886697       0.195097       0.623214
   193        194      0.0886697       0.195097       0.592053
   194        195      0.0886697       0.195097        0.56245
   195        196      0.0886697       0.195097       0.534328
   196        197      0.0886697       0.195097       0.507611
   197        198      0.0886697       0.195097       0.482231
   198        199      0.0886697       0.195097       0.458119
   199        200      0.0886697       0.195097       0.435213
   200        201      0.0886697       0.195097       0.413453
   201        202      0.0886697       0.195097        0.39278
   202        203      0.0886697       0.195097       0.373141
   203        204      0.0886697       0.195097       0.354484
   204        205      0.0886697       0.195097        0.33676
   205        206      0.0886697       0.195097       0.319922
   206        207      0.0886697       0.195097       0.303926
   207        208      0.0886697       0.195097       0.288729
   208        209      0.0886697       0.195097       0.274293
   209        210      0.0886697       0.195097       0.260578
   210        211      0.0886697       0.195097       0.247549

                           Best        Current           Mean
Iteration   f-count         f(x)         f(x)         temperature
   211        212      0.0886697       0.195097       0.235172
   212        213      0.0886697       0.195097       0.223413
   213        214      0.0886697       0.195097       0.212243
   214        215      0.0886697       0.195097       0.201631
   215        216      0.0886697       0.195097       0.191549
   216        217      0.0886697       0.195097       0.181972
   217        218      0.0886697       0.195097       0.172873
   218        219      0.0886697       0.195097       0.164229
   219        220      0.0886697       0.195097       0.156018
   220        221      0.0886697       0.195097       0.148217
   221        222      0.0886697       0.195097       0.140806
   222        223      0.0886697       0.195097       0.133766
   223        224      0.0886697       0.195097       0.127078
   224        225      0.0886697       0.195097       0.120724
   225        226      0.0886697       0.195097       0.114687
   226        227      0.0886697       0.195097       0.108953
   227        228      0.0886697       0.195097       0.103505
   228        229      0.0886697       0.195097      0.0983302
   229        230      0.0886697       0.195097      0.0934136
   230        231      0.0886697       0.195097       0.088743
   231        232      0.0886697       0.195097      0.0843058
   232        233      0.0886697       0.195097      0.0800905
   233        234      0.0886697       0.195097       0.076086
   234        235      0.0886697       0.195097      0.0722817
   235        236      0.0886697       0.195097      0.0686676
   236        237      0.0886697       0.195097      0.0652342
   237        238      0.0886697       0.195097      0.0619725
   238        239      0.0886697       0.195097      0.0588739
   239        240      0.0886697       0.195097      0.0559302
   240        241      0.0886697       0.195097      0.0531337

                           Best        Current           Mean
Iteration   f-count         f(x)         f(x)         temperature
   241        242      0.0886697       0.195097       0.050477
   242        243      0.0886697       0.195097      0.0479532
   243        244      0.0886697       0.195097      0.0455555
   244        245      0.0886697       0.195097      0.0432777
   245        246      0.0886697       0.195097      0.0411138
   246        247      0.0886697       0.195097      0.0390581
   247        248      0.0886697       0.195097      0.0371052
   248        249      0.0886697       0.195097        0.03525
   249        250      0.0886697       0.195097      0.0334875
   250        251      0.0886697       0.195097      0.0318131
   251        252      0.0886697       0.195097      0.0302224
   252        253      0.0886697       0.195097      0.0287113
   253        254      0.0886697       0.195097      0.0272758
   254        255      0.0886697       0.195097       0.025912
   255        256      0.0886697       0.195097      0.0246164
   256        257      0.0886697       0.195097      0.0233856
   257        258      0.0886697       0.195097      0.0222163
   258        259      0.0886697       0.195097      0.0211055
   259        260      0.0886697       0.195097      0.0200502
   260        261      0.0886697       0.195097      0.0190477
   261        262      0.0886697       0.195097      0.0180953
   262        263      0.0886697       0.195097      0.0171905
   263        264      0.0886697       0.195097       0.016331
   264        265      0.0886697       0.195097      0.0155145
   265        266      0.0886697       0.195097      0.0147387
   266        267      0.0886697       0.195097      0.0140018
   267        268      0.0886697       0.195097      0.0133017
   268        269      0.0886697       0.195097      0.0126366
   269        270      0.0886697       0.195097      0.0120048
   270        271      0.0886697       0.195097      0.0114045

                           Best        Current           Mean
Iteration   f-count         f(x)         f(x)         temperature
   271        272      0.0886697       0.195097      0.0108343
   272        273      0.0886697       0.195097      0.0102926
   273        274      0.0886697       0.195097     0.00977798
   274        275      0.0886697       0.195097     0.00928908
   275        276      0.0886697       0.195097     0.00882462
   276        277      0.0886697       0.195097     0.00838339
   277        278      0.0886697       0.195097     0.00796422
   278        279      0.0886697       0.195097     0.00756601
   279        280      0.0886697       0.195097     0.00718771
   280        281      0.0886697       0.195097     0.00682833
   281        282      0.0886697       0.195097     0.00648691
   282        283      0.0886697       0.195097     0.00616256
   283        284      0.0886697       0.195097     0.00585444
   284        285      0.0886697       0.195097     0.00556171
   285        286      0.0886697       0.195097     0.00528363
   286        287      0.0886697       0.195097     0.00501945
   287        288      0.0886697       0.195097     0.00476847
   288        289      0.0886697       0.195097     0.00453005
   289        290      0.0886697       0.195097     0.00430355
   290        291      0.0886697       0.195097     0.00408837
   291        292      0.0886697       0.195097     0.00388395
   292        293      0.0886697       0.195097     0.00368975
   293        294      0.0886697       0.195097     0.00350527
   294        295      0.0886697       0.195097        0.00333
   295        296      0.0886697       0.195097      0.0031635
   296        297      0.0886697       0.195097     0.00300533
   297        298      0.0886697       0.195097     0.00285506
   298        299      0.0886697       0.195097     0.00271231
   299        300      0.0886697       0.195097     0.00257669
   300        301      0.0886697       0.195097     0.00244786

                           Best        Current           Mean
Iteration   f-count         f(x)         f(x)         temperature
   301        302      0.0886697       0.195097     0.00232547
   302        303      0.0886697       0.195097     0.00220919
   303        304      0.0886697       0.195097     0.00209873
   304        305      0.0886697       0.195097      0.0019938
   305        306      0.0886697       0.195097     0.00189411
   306        307      0.0886697       0.195097      0.0017994
   307        308      0.0886697       0.195097     0.00170943
   308        309      0.0886697       0.195097     0.00162396
   309        310      0.0886697       0.195097     0.00154276
   310        311      0.0886697       0.195097     0.00146562
   311        312      0.0886697       0.195097     0.00139234
   312        313      0.0886697       0.195097     0.00132272
   313        314      0.0886697       0.195097     0.00125659
   314        315      0.0886697       0.195097     0.00119376
   315        316      0.0886697       0.195097     0.00113407
   316        317      0.0886697       0.195097     0.00107737
   317        318      0.0886697       0.195097      0.0010235
   318        319      0.0886697       0.195097    0.000972324
   319        320      0.0886697       0.195097    0.000923708
   320        321      0.0886697       0.195097    0.000877523
   321        322      0.0886697       0.195097    0.000833647
   322        323      0.0886697       0.195097    0.000791964
   323        324      0.0886697       0.195097    0.000752366
   324        325      0.0886697       0.195097    0.000714748
   325        326      0.0886697       0.195097     0.00067901
   326        327      0.0886697       0.195097     0.00064506
   327        328      0.0886697       0.195097    0.000612807
   328        329      0.0886697       0.195097    0.000582167
   329        330      0.0886697       0.195097    0.000553058
   330        331      0.0886697       0.195097    0.000525405

                           Best        Current           Mean
Iteration   f-count         f(x)         f(x)         temperature
   331        332      0.0886697       0.195097    0.000499135
   332        333      0.0886697       0.195097    0.000474178
   333        334      0.0886697       0.195097    0.000450469
   334        335      0.0886697       0.195097    0.000427946
   335        336      0.0886697       0.195097    0.000406549
   336        337      0.0886697       0.195097    0.000386221
   337        338      0.0886697       0.195097     0.00036691
   338        339      0.0886697       0.195097    0.000348565
   339        340      0.0886697       0.195097    0.000331136
   340        341      0.0886697       0.195097     0.00031458
   341        342      0.0886697       0.195097    0.000298851
   342        343      0.0886697       0.195097    0.000283908
   343        344      0.0886697       0.195097    0.000269713
   344        345      0.0886697       0.195097    0.000256227
   345        346      0.0886697       0.195097    0.000243416
   346        347      0.0886697       0.195097    0.000231245
   347        348      0.0886697       0.195097    0.000219683
   348        349      0.0886697       0.195097    0.000208699
   349        350      0.0886697       0.195097    0.000198264
   350        351      0.0886697       0.195097     0.00018835
   351        352      0.0886697       0.195097    0.000178933
   352        353      0.0886697       0.195097    0.000169986
   353        354      0.0886697       0.195097    0.000161487
   354        355      0.0886697       0.195097    0.000153413
   355        356      0.0886697       0.195097    0.000145742
   356        357      0.0886697       0.195097    0.000138455
   357        358      0.0886697       0.195097    0.000131532
   358        359      0.0886697       0.195097    0.000124956
   359        360      0.0886697       0.195097    0.000118708
   360        361      0.0886697       0.195097    0.000112772

                           Best        Current           Mean
Iteration   f-count         f(x)         f(x)         temperature
   361        362      0.0886697       0.195097    0.000107134
   362        363      0.0886697       0.195097    0.000101777
   363        364      0.0886697       0.195097    9.66882e-05
   364        365      0.0886697       0.195097    9.18538e-05
   365        366      0.0886697       0.195097    8.72611e-05
   366        367      0.0886697       0.195097     8.2898e-05
   367        368      0.0886697       0.195097    7.87531e-05
   368        369      0.0886697       0.195097    7.48155e-05
   369        370      0.0886697       0.195097    7.10747e-05
   370        371      0.0886697       0.195097     6.7521e-05
   371        372      0.0886697       0.195097    6.41449e-05
   372        373      0.0886697       0.195097    6.09377e-05
   373        374      0.0886697       0.195097    5.78908e-05
   374        375      0.0886697       0.195097    5.49963e-05
   375        376      0.0886697       0.195097    5.22464e-05
   376        377      0.0886697       0.195097    4.96341e-05
   377        378      0.0886697       0.195097    4.71524e-05
   378        379      0.0886697       0.195097    4.47948e-05
   379        380      0.0886697       0.195097    4.25551e-05
   380        381      0.0886697       0.195097    4.04273e-05
   381        382      0.0886697       0.195097    3.84059e-05
   382        383      0.0886697       0.195097    3.64856e-05
   383        384      0.0886697       0.195097    3.46614e-05
   384        385      0.0886697       0.195097    3.29283e-05
   385        386      0.0886697       0.195097    3.12819e-05
   386        387      0.0886697       0.195097    2.97178e-05
   387        388      0.0886697       0.195097    2.82319e-05
   388        389      0.0886697       0.195097    2.68203e-05
   389        390      0.0886697       0.195097    2.54793e-05
   390        391      0.0886697       0.195097    2.42053e-05

                           Best        Current           Mean
Iteration   f-count         f(x)         f(x)         temperature
   391        392      0.0886697       0.195097    2.29951e-05
   392        393      0.0886697       0.195097    2.18453e-05
   393        394      0.0886697       0.195097     2.0753e-05
   394        395      0.0886697       0.195097    1.97154e-05
   395        396      0.0886697       0.195097    1.87296e-05
   396        397      0.0886697       0.195097    1.77931e-05
   397        398      0.0886697       0.195097    1.69035e-05
   398        399      0.0886697       0.195097    1.60583e-05
   399        400      0.0886697       0.195097    1.52554e-05
   400        401      0.0886697       0.195097    1.44926e-05
   401        402      0.0886697       0.195097     1.3768e-05
   402        403      0.0886697       0.195097    1.30796e-05
   403        404      0.0886697       0.195097    1.24256e-05
   404        405      0.0886697       0.195097    1.18043e-05
   405        406      0.0886697       0.195097    1.12141e-05
   406        407      0.0886697       0.195097    1.06534e-05
   407        408      0.0886697       0.195097    1.01207e-05
   408        409      0.0886697       0.195097     9.6147e-06
   409        410      0.0886697       0.195097    9.13396e-06
   410        411      0.0886697       0.195097    8.67727e-06
   411        412      0.0886697       0.195097     8.2434e-06
   412        413      0.0886697       0.195097    7.83123e-06
   413        414      0.0886697       0.195097    7.43967e-06
   414        415      0.0886697       0.195097    7.06769e-06
   415        416      0.0886697       0.195097     6.7143e-06
   416        417      0.0886697       0.195097    6.37859e-06
   417        418      0.0886697       0.195097    6.05966e-06
   418        419      0.0886697       0.195097    5.75668e-06
   419        420      0.0886697       0.195097    5.46884e-06
   420        421      0.0886697       0.195097     5.1954e-06

                           Best        Current           Mean
Iteration   f-count         f(x)         f(x)         temperature
   421        422      0.0886697       0.195097    4.93563e-06
   422        423      0.0886697       0.195097    4.68885e-06
   423        424      0.0886697       0.195097    4.45441e-06
   424        425      0.0886697       0.195097    4.23169e-06
   425        426      0.0886697       0.195097     4.0201e-06
   426        427      0.0886697       0.195097     3.8191e-06
   427        428      0.0886697       0.195097    3.62814e-06
   428        429      0.0886697       0.195097    3.44673e-06
   429        430      0.0886697       0.195097     3.2744e-06
   430        431      0.0886697       0.195097    3.11068e-06
   431        432      0.0886697       0.195097    2.95514e-06
   432        433      0.0886697       0.195097    2.80739e-06
   433        434      0.0886697       0.195097    2.66702e-06
   434        435      0.0886697       0.195097    2.53367e-06
   435        436      0.0886697       0.195097    2.40698e-06
   436        437      0.0886697       0.195097    2.28663e-06
   437        438      0.0886697       0.195097     2.1723e-06
   438        439      0.0886697       0.195097    2.06369e-06
   439        440      0.0886697       0.195097     1.9605e-06
   440        441      0.0886697       0.195097    1.86248e-06
   441        442      0.0886697       0.195097    1.76935e-06
   442        443      0.0886697       0.195097    1.68089e-06
   443        444      0.0886697       0.195097    1.59684e-06
   444        445      0.0886697       0.195097      1.517e-06
   445        446      0.0886697       0.195097    1.44115e-06
   446        447      0.0886697       0.195097    1.36909e-06
   447        448      0.0886697       0.195097    1.30064e-06
   448        449      0.0886697       0.195097    1.23561e-06
   449        450      0.0886697       0.195097    1.17383e-06
   450        451      0.0886697       0.195097    1.11513e-06

                           Best        Current           Mean
Iteration   f-count         f(x)         f(x)         temperature
   451        452      0.0886697       0.195097    1.05938e-06
   452        453      0.0886697       0.195097    1.00641e-06
   453        454      0.0886697       0.195097    9.56088e-07
   454        455      0.0886697       0.195097    9.08284e-07
   455        456      0.0886697       0.195097    8.62869e-07
   456        457      0.0886697       0.195097    8.19726e-07
   457        458      0.0886697       0.195097     7.7874e-07
   458        459      0.0886697       0.195097    7.39803e-07
   459        460      0.0886697       0.195097    7.02813e-07
   460        461      0.0886697       0.195097    6.67672e-07
   461        462      0.0886697       0.195097    6.34288e-07
   462        463      0.0886697       0.195097    6.02574e-07
   463        464      0.0886697       0.195097    5.72445e-07
   464        465      0.0886697       0.195097    5.43823e-07
   465        466      0.0886697       0.195097    5.16632e-07
   466        467      0.0886697       0.195097      4.908e-07
   467        468      0.0886697       0.195097     4.6626e-07
   468        469      0.0886697       0.195097    4.42947e-07
   469        470      0.0886697       0.195097      4.208e-07
   470        471      0.0886697       0.195097     3.9976e-07
   471        472      0.0886697       0.195097    3.79772e-07
   472        473      0.0886697       0.195097    3.60783e-07
   473        474      0.0886697       0.195097    3.42744e-07
   474        475      0.0886697       0.195097    3.25607e-07
   475        476      0.0886697       0.195097    3.09327e-07
   476        477      0.0886697       0.195097     2.9386e-07
   477        478      0.0886697       0.195097    2.79167e-07
   478        479      0.0886697       0.195097    2.65209e-07
   479        480      0.0886697       0.195097    2.51948e-07
   480        481      0.0886697       0.195097    2.39351e-07

                           Best        Current           Mean
Iteration   f-count         f(x)         f(x)         temperature
   481        482      0.0886697       0.195097    2.27383e-07
   482        483      0.0886697       0.195097    2.16014e-07
   483        484      0.0886697       0.195097    2.05214e-07
   484        485      0.0886697       0.195097    1.94953e-07
   485        486      0.0886697       0.195097    1.85205e-07
   486        487      0.0886697       0.195097    1.75945e-07
   487        488      0.0886697       0.195097    1.67148e-07
   488        489      0.0886697       0.195097     1.5879e-07
   489        490      0.0886697       0.195097    1.50851e-07
   490        491      0.0886697       0.195097    1.43308e-07
   491        492      0.0886697       0.195097    1.36143e-07
   492        493      0.0886697       0.195097    1.29336e-07
   493        494      0.0886697       0.195097    1.22869e-07
   494        495      0.0886697       0.195097    1.16725e-07
   495        496      0.0886697       0.195097    1.10889e-07
   496        497      0.0886697       0.195097    1.05345e-07
   497        498      0.0886697       0.195097    1.00078e-07
   498        499      0.0886697       0.195097    9.50736e-08
   499        500      0.0886697       0.195097      9.032e-08
   500        501      0.0886697       0.195097     8.5804e-08
   501        502      0.0886697       0.195097    8.15138e-08
   502        503      0.0886697       0.195097    7.74381e-08
   503        504      0.0886697       0.195097    7.35662e-08
   504        505      0.0886697       0.195097    6.98879e-08
   505        506      0.0886697       0.195097    6.63935e-08
   506        507      0.0886697       0.195097    6.30738e-08
   507        508      0.0886697       0.195097    5.99201e-08
   508        509      0.0886697       0.195097    5.69241e-08
   509        510      0.0886697       0.195097    5.40779e-08
   510        511      0.0886697       0.195097     5.1374e-08

                           Best        Current           Mean
Iteration   f-count         f(x)         f(x)         temperature
   511        512      0.0886697       0.195097    4.88053e-08
   512        513      0.0886697       0.195097     4.6365e-08
   513        514      0.0886697       0.195097    4.40468e-08
   514        515      0.0886697       0.195097    4.18444e-08
   515        516      0.0886697       0.195097    3.97522e-08
   516        517      0.0886697       0.195097    3.77646e-08
   517        518      0.0886697       0.195097    3.58764e-08
   518        519      0.0886697       0.195097    3.40826e-08
   519        520      0.0886697       0.195097    3.23784e-08
   520        521      0.0886697       0.195097    3.07595e-08
   521        522      0.0886697       0.195097    2.92215e-08
   522        523      0.0886697       0.195097    2.77605e-08
   523        524      0.0886697       0.195097    2.63724e-08
   524        525      0.0886697       0.195097    2.50538e-08
   525        526      0.0886697       0.195097    2.38011e-08
   526        527      0.0886697       0.195097    2.26111e-08
   527        528      0.0886697       0.195097    2.14805e-08
   528        529      0.0886697       0.195097    2.04065e-08
   529        530      0.0886697       0.195097    1.93862e-08
   530        531      0.0886697       0.195097    1.84169e-08
   531        532      0.0886697       0.195097     1.7496e-08
   532        533      0.0886697       0.195097    1.66212e-08
   533        534      0.0886697       0.195097    1.57902e-08
   534        535      0.0886697       0.195097    1.50006e-08
   535        536      0.0886697       0.195097    1.42506e-08
   536        537      0.0886697       0.195097    1.35381e-08
   537        538      0.0886697       0.195097    1.28612e-08
   538        539      0.0886697       0.195097    1.22181e-08
   539        540      0.0886697       0.195097    1.16072e-08
   540        541      0.0886697       0.195097    1.10269e-08

                           Best        Current           Mean
Iteration   f-count         f(x)         f(x)         temperature
   541        542      0.0886697       0.195097    1.04755e-08
   542        543      0.0886697       0.195097    9.95173e-09
   543        544      0.0886697       0.195097    9.45415e-09
   544        545      0.0886697       0.195097    8.98144e-09
   545        546      0.0886697       0.195097    8.53237e-09
   546        547      0.0886697       0.195097    8.10575e-09
   547        548      0.0886697       0.195097    7.70046e-09
   548        549      0.0886697       0.195097    7.31544e-09
   549        550      0.0886697       0.195097    6.94967e-09
   550        551      0.0886697       0.195097    6.60218e-09
   551        552      0.0886697       0.195097    6.27207e-09
   552        553      0.0886697       0.195097    5.95847e-09
   553        554      0.0886697       0.195097    5.66055e-09
   554        555      0.0886697       0.195097    5.37752e-09
   555        556      0.0886697       0.195097    5.10864e-09
   556        557      0.0886697       0.195097    4.85321e-09
   557        558      0.0886697       0.195097    4.61055e-09
   558        559      0.0886697       0.195097    4.38002e-09
   559        560      0.0886697       0.195097    4.16102e-09
   560        561      0.0886697       0.195097    3.95297e-09
   561        562      0.0886697       0.195097    3.75532e-09
   562        563      0.0886697       0.195097    3.56756e-09
   563        564      0.0886697       0.195097    3.38918e-09
   564        565      0.0886697       0.195097    3.21972e-09
   565        566      0.0886697       0.195097    3.05873e-09
   566        567      0.0886697       0.195097     2.9058e-09
   567        568      0.0886697       0.195097    2.76051e-09
   568        569      0.0886697       0.195097    2.62248e-09
   569        570      0.0886697       0.195097    2.49136e-09
   570        571      0.0886697       0.195097    2.36679e-09

                           Best        Current           Mean
Iteration   f-count         f(x)         f(x)         temperature
   571        572      0.0886697       0.195097    2.24845e-09
   572        573      0.0886697       0.195097    2.13603e-09
   573        574      0.0886697       0.195097    2.02923e-09
   574        575      0.0886697       0.195097    1.92777e-09
   575        576      0.0886697       0.195097    1.83138e-09
   576        577      0.0886697       0.195097    1.73981e-09
   577        578      0.0886697       0.195097    1.65282e-09
   578        579      0.0886697       0.195097    1.57018e-09
   579        580      0.0886697       0.195097    1.49167e-09
   580        581      0.0886697       0.195097    1.41708e-09
   581        582      0.0886697       0.195097    1.34623e-09
   582        583      0.0886697       0.195097    1.27892e-09
   583        584      0.0886697       0.195097    1.21497e-09
   584        585      0.0886697       0.195097    1.15422e-09
   585        586      0.0886697       0.195097    1.09651e-09
   586        587      0.0886697       0.195097    1.04169e-09
   587        588      0.0886697       0.195097    9.89603e-10
   588        589      0.0886697       0.195097    9.40123e-10
   589        590      0.0886697       0.195097    8.93117e-10
   590        591      0.0886697       0.195097    8.48461e-10
   591        592      0.0886697       0.195097    8.06038e-10
   592        593      0.0886697       0.195097    7.65736e-10
   593        594      0.0886697       0.195097    7.27449e-10
   594        595      0.0886697       0.195097    6.91077e-10
   595        596      0.0886697       0.195097    6.56523e-10
   596        597      0.0886697       0.195097    6.23697e-10
   597        598      0.0886697       0.195097    5.92512e-10
   598        599      0.0886697       0.195097    5.62886e-10
   599        600      0.0886697       0.195097    5.34742e-10
   600        601      0.0886697       0.195097    5.08005e-10

                           Best        Current           Mean
Iteration   f-count         f(x)         f(x)         temperature
   601        602      0.0886697       0.195097    4.82605e-10
   602        603      0.0886697       0.195097    4.58474e-10
   603        604      0.0886697       0.195097    4.35551e-10
   604        605      0.0886697       0.195097    4.13773e-10
   605        606      0.0886697       0.195097    3.93084e-10
   606        607      0.0886697       0.195097     3.7343e-10
   607        608      0.0886697       0.195097    3.54759e-10
   608        609      0.0886697       0.195097    3.37021e-10
   609        610      0.0886697       0.195097     3.2017e-10
   610        611      0.0886697       0.195097    3.04161e-10
   611        612      0.0886697       0.195097    2.88953e-10
   612        613      0.0886697       0.195097    2.74506e-10
   613        614      0.0886697       0.195097     2.6078e-10
   614        615      0.0886697       0.195097    2.47741e-10
   615        616      0.0886697       0.195097    2.35354e-10
   616        617      0.0886697       0.195097    2.23586e-10
   617        618      0.0886697       0.195097    2.12407e-10
   618        619      0.0886697       0.195097    2.01787e-10
   619        620      0.0886697       0.195097    1.91697e-10
   620        621      0.0886697       0.195097    1.82113e-10
   621        622      0.0886697       0.195097    1.73007e-10
   622        623      0.0886697       0.195097    1.64357e-10
   623        624      0.0886697       0.195097    1.56139e-10
   624        625      0.0886697       0.195097    1.48332e-10
   625        626      0.0886697       0.195097    1.40915e-10
   626        627      0.0886697       0.195097    1.33869e-10
   627        628      0.0886697       0.195097    1.27176e-10
   628        629      0.0886697       0.195097    1.20817e-10
   629        630      0.0886697       0.195097    1.14776e-10
   630        631      0.0886697       0.195097    1.09038e-10

                           Best        Current           Mean
Iteration   f-count         f(x)         f(x)         temperature
   631        632      0.0886697       0.195097    1.03586e-10
   632        633      0.0886697       0.195097    9.84064e-11
   633        634      0.0886697       0.195097    9.34861e-11
   634        635      0.0886697       0.195097    8.88118e-11
   635        636      0.0886697       0.195097    8.43712e-11
   636        637      0.0886697       0.195097    8.01526e-11
   637        638      0.0886697       0.195097     7.6145e-11
   638        639      0.0886697       0.195097    7.23377e-11
   639        640      0.0886697       0.195097    6.87208e-11
   640        641      0.0886697       0.195097    6.52848e-11
   641        642      0.0886697       0.195097    6.20206e-11
   642        643      0.0886697       0.195097    5.89195e-11
   643        644      0.0886697       0.195097    5.59736e-11
   644        645      0.0886697       0.195097    5.31749e-11
   645        646      0.0886697       0.195097    5.05161e-11
   646        647      0.0886697       0.195097    4.79903e-11
   647        648      0.0886697       0.195097    4.55908e-11
   648        649      0.0886697       0.195097    4.33113e-11
   649        650      0.0886697       0.195097    4.11457e-11
   650        651      0.0886697       0.195097    3.90884e-11
   651        652      0.0886697       0.195097     3.7134e-11
   652        653      0.0886697       0.195097    3.52773e-11
   653        654      0.0886697       0.195097    3.35134e-11
   654        655      0.0886697       0.195097    3.18378e-11
   655        656      0.0886697       0.195097    3.02459e-11
   656        657      0.0886697       0.195097    2.87336e-11
   657        658      0.0886697       0.195097    2.72969e-11
   658        659      0.0886697       0.195097    2.59321e-11
   659        660      0.0886697       0.195097    2.46355e-11
   660        661      0.0886697       0.195097    2.34037e-11

                           Best        Current           Mean
Iteration   f-count         f(x)         f(x)         temperature
   661        662      0.0886697       0.195097    2.22335e-11
   662        663      0.0886697       0.195097    2.11218e-11
   663        664      0.0886697       0.195097    2.00657e-11
   664        665      0.0886697       0.195097    1.90624e-11
   665        666      0.0886697       0.195097    1.81093e-11
   666        667      0.0886697       0.195097    1.72039e-11
   667        668      0.0886697       0.195097    1.63437e-11
   668        669      0.0886697       0.195097    1.55265e-11
   669        670      0.0886697       0.195097    1.47502e-11
   670        671      0.0886697       0.195097    1.40126e-11
   671        672      0.0886697       0.195097     1.3312e-11
   672        673      0.0886697       0.195097    1.26464e-11
   673        674      0.0886697       0.195097    1.20141e-11
   674        675      0.0886697       0.195097    1.14134e-11
   675        676      0.0886697       0.195097    1.08427e-11
   676        677      0.0886697       0.195097    1.03006e-11
   677        678      0.0886697       0.195097    9.78556e-12
   678        679      0.0886697       0.195097    9.29628e-12
   679        680      0.0886697       0.195097    8.83146e-12
   680        681      0.0886697       0.195097    8.38989e-12
   681        682      0.0886697       0.195097     7.9704e-12
   682        683      0.0886697       0.195097    7.57188e-12
   683        684      0.0886697       0.195097    7.19328e-12
   684        685      0.0886697       0.195097    6.83362e-12
   685        686      0.0886697       0.195097    6.49194e-12
   686        687      0.0886697       0.195097    6.16734e-12
   687        688      0.0886697       0.195097    5.85897e-12
   688        689      0.0886697       0.195097    5.56602e-12
   689        690      0.0886697       0.195097    5.28772e-12
   690        691      0.0886697       0.195097    5.02334e-12

                           Best        Current           Mean
Iteration   f-count         f(x)         f(x)         temperature
   691        692      0.0886697       0.195097    4.77217e-12
   692        693      0.0886697       0.195097    4.53356e-12
   693        694      0.0886697       0.195097    4.30688e-12
   694        695      0.0886697       0.195097    4.09154e-12
   695        696      0.0886697       0.195097    3.88696e-12
   696        697      0.0886697       0.195097    3.69261e-12
   697        698      0.0886697       0.195097    3.50798e-12
   698        699      0.0886697       0.195097    3.33258e-12
   699        700      0.0886697       0.195097    3.16596e-12
   700        701      0.0886697       0.195097    3.00766e-12
   701        702      0.0886697       0.195097    2.85727e-12
   702        703      0.0886697       0.195097    2.71441e-12
   703        704      0.0886697       0.195097    2.57869e-12
   704        705      0.0886697       0.195097    2.44976e-12
   705        706      0.0886697       0.195097    2.32727e-12
   706        707      0.0886697       0.195097     2.2109e-12
   707        708      0.0886697       0.195097    2.10036e-12
   708        709      0.0886697       0.195097    1.99534e-12
   709        710      0.0886697       0.195097    1.89557e-12
   710        711      0.0886697       0.195097     1.8008e-12
   711        712      0.0886697       0.195097    1.71076e-12
   712        713      0.0886697       0.195097    1.62522e-12
   713        714      0.0886697       0.195097    1.54396e-12
   714        715      0.0886697       0.195097    1.46676e-12
   715        716      0.0886697       0.195097    1.39342e-12
   716        717      0.0886697       0.195097    1.32375e-12
   717        718      0.0886697       0.195097    1.25756e-12
   718        719      0.0886697       0.195097    1.19468e-12
   719        720      0.0886697       0.195097    1.13495e-12
   720        721      0.0886697       0.195097     1.0782e-12

                           Best        Current           Mean
Iteration   f-count         f(x)         f(x)         temperature
   721        722      0.0886697       0.195097    1.02429e-12
   722        723      0.0886697       0.195097    9.73078e-13
   723        724      0.0886697       0.195097    9.24424e-13
   724        725      0.0886697       0.195097    8.78203e-13
   725        726      0.0886697       0.195097    8.34293e-13
   726        727      0.0886697       0.195097    7.92578e-13
   727        728      0.0886697       0.195097    7.52949e-13
   728        729      0.0886697       0.195097    7.15302e-13
   729        730      0.0886697       0.195097    6.79537e-13
   730        731      0.0886697       0.195097     6.4556e-13
   731        732      0.0886697       0.195097    6.13282e-13
   732        733      0.0886697       0.195097    5.82618e-13
   733        734      0.0886697       0.195097    5.53487e-13
   734        735      0.0886697       0.195097    5.25813e-13
   735        736      0.0886697       0.195097    4.99522e-13
   736        737      0.0886697       0.195097    4.74546e-13
   737        738      0.0886697       0.195097    4.50819e-13
   738        739      0.0886697       0.195097    4.28278e-13
   739        740      0.0886697       0.195097    4.06864e-13
   740        741      0.0886697       0.195097    3.86521e-13
   741        742      0.0886697       0.195097    3.67195e-13
   742        743      0.0886697       0.195097    3.48835e-13
   743        744      0.0886697       0.195097    3.31393e-13
   744        745      0.0886697       0.195097    3.14823e-13
   745        746      0.0886697       0.195097    2.99082e-13
   746        747      0.0886697       0.195097    2.84128e-13
   747        748      0.0886697       0.195097    2.69922e-13
   748        749      0.0886697       0.195097    2.56426e-13
   749        750      0.0886697       0.195097    2.43604e-13
   750        751      0.0886697       0.195097    2.31424e-13

                           Best        Current           Mean
Iteration   f-count         f(x)         f(x)         temperature
   751        752      0.0886697       0.195097    2.19853e-13
   752        753      0.0886697       0.195097     2.0886e-13
   753        754      0.0886697       0.195097    1.98417e-13
   754        755      0.0886697       0.195097    1.88496e-13
   755        756      0.0886697       0.195097    1.79072e-13
   756        757      0.0886697       0.195097    1.70118e-13
   757        758      0.0886697       0.195097    1.61612e-13
   758        759      0.0886697       0.195097    1.53532e-13
   759        760      0.0886697       0.195097    1.45855e-13
   760        761      0.0886697       0.195097    1.38562e-13
   761        762      0.0886697       0.195097    1.31634e-13
   762        763      0.0886697       0.195097    1.25052e-13
   763        764      0.0886697       0.195097      1.188e-13
   764        765      0.0886697       0.195097     1.1286e-13
   765        766      0.0886697       0.195097    1.07217e-13
   766        767      0.0886697       0.195097    1.01856e-13
   767        768      0.0886697       0.195097    9.67631e-14
   768        769      0.0886697       0.195097     9.1925e-14
   769        770      0.0886697       0.195097    8.73287e-14
   770        771      0.0886697       0.195097    8.29623e-14
   771        772      0.0886697       0.195097    7.88142e-14
   772        773      0.0886697       0.195097    7.48735e-14
   773        774      0.0886697       0.195097    7.11298e-14
   774        775      0.0886697       0.195097    6.75733e-14
   775        776      0.0886697       0.195097    6.41946e-14
   776        777      0.0886697       0.195097    6.09849e-14
   777        778      0.0886697       0.195097    5.79357e-14
   778        779      0.0886697       0.195097    5.50389e-14
   779        780      0.0886697       0.195097    5.22869e-14
   780        781      0.0886697       0.195097    4.96726e-14

                           Best        Current           Mean
Iteration   f-count         f(x)         f(x)         temperature
   781        782      0.0886697       0.195097     4.7189e-14
   782        783      0.0886697       0.195097    4.48295e-14
   783        784      0.0886697       0.195097     4.2588e-14
   784        785      0.0886697       0.195097    4.04586e-14
   785        786      0.0886697       0.195097    3.84357e-14
   786        787      0.0886697       0.195097    3.65139e-14
   787        788      0.0886697       0.195097    3.46882e-14
   788        789      0.0886697       0.195097    3.29538e-14
   789        790      0.0886697       0.195097    3.13061e-14
   790        791      0.0886697       0.195097    2.97408e-14
   791        792      0.0886697       0.195097    2.82538e-14
   792        793      0.0886697       0.195097    2.68411e-14
   793        794      0.0886697       0.195097     2.5499e-14
   794        795      0.0886697       0.195097    2.42241e-14
   795        796      0.0886697       0.195097    2.30129e-14
   796        797      0.0886697       0.195097    2.18622e-14
   797        798      0.0886697       0.195097    2.07691e-14
   798        799      0.0886697       0.195097    1.97307e-14
   799        800      0.0886697       0.195097    1.87441e-14
   800        801      0.0886697       0.195097    1.78069e-14
   801        802      0.0886697       0.195097    1.69166e-14
   802        803      0.0886697       0.195097    1.60708e-14
   803        804      0.0886697       0.195097    1.52672e-14
   804        805      0.0886697       0.195097    1.45039e-14
   805        806      0.0886697       0.195097    1.37787e-14
   806        807      0.0886697       0.195097    1.30897e-14
   807        808      0.0886697       0.195097    1.24352e-14
   808        809      0.0886697       0.195097    1.18135e-14
   809        810      0.0886697       0.195097    1.12228e-14
   810        811      0.0886697       0.195097    1.06617e-14

                           Best        Current           Mean
Iteration   f-count         f(x)         f(x)         temperature
   811        812      0.0886697       0.195097    1.01286e-14
   812        813      0.0886697       0.195097    9.62215e-15
   813        814      0.0886697       0.195097    9.14104e-15
   814        815      0.0886697       0.195097    8.68399e-15
   815        816      0.0886697       0.195097    8.24979e-15
   816        817      0.0886697       0.195097     7.8373e-15
   817        818      0.0886697       0.195097    7.44544e-15
   818        819      0.0886697       0.195097    7.07317e-15
   819        820      0.0886697       0.195097    6.71951e-15
   820        821      0.0886697       0.195097    6.38353e-15
   821        822      0.0886697       0.195097    6.06436e-15
   822        823      0.0886697       0.195097    5.76114e-15
   823        824      0.0886697       0.195097    5.47308e-15
   824        825      0.0886697       0.195097    5.19943e-15
   825        826      0.0886697       0.195097    4.93946e-15
   826        827      0.0886697       0.195097    4.69248e-15
   827        828      0.0886697       0.195097    4.45786e-15
   828        829      0.0886697       0.195097    4.23497e-15
   829        830      0.0886697       0.195097    4.02322e-15
   830        831      0.0886697       0.195097    3.82206e-15
   831        832      0.0886697       0.195097    3.63095e-15
   832        833      0.0886697       0.195097    3.44941e-15
   833        834      0.0886697       0.195097    3.27694e-15
   834        835      0.0886697       0.195097    3.11309e-15
   835        836      0.0886697       0.195097    2.95743e-15
   836        837      0.0886697       0.195097    2.80956e-15
   837        838      0.0886697       0.195097    2.66908e-15
   838        839      0.0886697       0.195097    2.53563e-15
   839        840      0.0886697       0.195097    2.40885e-15
   840        841      0.0886697       0.195097    2.28841e-15

                           Best        Current           Mean
Iteration   f-count         f(x)         f(x)         temperature
   841        842      0.0886697       0.195097    2.17399e-15
   842        843      0.0886697       0.195097    2.06529e-15
   843        844      0.0886697       0.195097    1.96202e-15
   844        845      0.0886697       0.195097    1.86392e-15
   845        846      0.0886697       0.195097    1.77073e-15
   846        847      0.0886697       0.195097    1.68219e-15
   847        848      0.0886697       0.195097    1.59808e-15
   848        849      0.0886697       0.195097    1.51818e-15
   849        850      0.0886697       0.195097    1.44227e-15
   850        851      0.0886697       0.195097    1.37015e-15
   851        852      0.0886697       0.195097    1.30165e-15
   852        853      0.0886697       0.195097    1.23656e-15
   853        854      0.0886697       0.195097    1.17474e-15
   854        855      0.0886697       0.195097      1.116e-15
   855        856      0.0886697       0.195097     1.0602e-15
   856        857      0.0886697       0.195097    1.00719e-15
   857        858      0.0886697       0.195097    9.56829e-16
   858        859      0.0886697       0.195097    9.08988e-16
   859        860      0.0886697       0.195097    8.63538e-16
   860        861      0.0886697       0.195097    8.20361e-16
   861        862      0.0886697       0.195097    7.79343e-16
   862        863      0.0886697       0.195097    7.40376e-16
   863        864      0.0886697       0.195097    7.03357e-16
   864        865      0.0886697       0.195097     6.6819e-16
   865        866      0.0886697       0.195097     6.3478e-16
   866        867      0.0886697       0.195097    6.03041e-16
   867        868      0.0886697       0.195097    5.72889e-16
   868        869      0.0886697       0.195097    5.44245e-16
   869        870      0.0886697       0.195097    5.17032e-16
   870        871      0.0886697       0.195097    4.91181e-16

                           Best        Current           Mean
Iteration   f-count         f(x)         f(x)         temperature
   871        872      0.0886697       0.195097    4.66622e-16
   872        873      0.0886697       0.195097    4.43291e-16
   873        874      0.0886697       0.195097    4.21126e-16
   874        875      0.0886697       0.195097     4.0007e-16
   875        876      0.0886697       0.195097    3.80066e-16
   876        877      0.0886697       0.195097    3.61063e-16
   877        878      0.0886697       0.195097     3.4301e-16
   878        879      0.0886697       0.195097    3.25859e-16
   879        880      0.0886697       0.195097    3.09566e-16
   880        881      0.0886697       0.195097    2.94088e-16
   881        882      0.0886697       0.195097    2.79384e-16
   882        883      0.0886697       0.195097    2.65414e-16
   883        884      0.0886697       0.195097    2.52144e-16
   884        885      0.0886697       0.195097    2.39537e-16
   885        886      0.0886697       0.195097     2.2756e-16
   886        887      0.0886697       0.195097    2.22045e-16
   887        888      0.0886697       0.195097    2.22045e-16
   888        889      0.0886697       0.195097    2.22045e-16
   889        890      0.0886697       0.195097    2.22045e-16
   890        891      0.0886697       0.195097    2.22045e-16
   891        892      0.0886697       0.195097    2.22045e-16
   892        893      0.0886697       0.195097    2.22045e-16
   893        894      0.0886697       0.195097    2.22045e-16
   894        895      0.0886697       0.195097    2.22045e-16
   895        896      0.0886697       0.195097    2.22045e-16
   896        897      0.0886697       0.195097    2.22045e-16
   897        898      0.0886697       0.195097    2.22045e-16
   898        899      0.0886697       0.195097    2.22045e-16
   899        900      0.0886697       0.195097    2.22045e-16
   900        901      0.0886697       0.195097    2.22045e-16

                           Best        Current           Mean
Iteration   f-count         f(x)         f(x)         temperature
   901        902      0.0886697       0.195097    2.22045e-16
   902        903      0.0886697       0.195097    2.22045e-16
   903        904      0.0886697       0.195097    2.22045e-16
   904        905      0.0886697       0.195097    2.22045e-16
   905        906      0.0886697       0.195097    2.22045e-16
   906        907      0.0886697       0.195097    2.22045e-16
   907        908      0.0886697       0.195097    2.22045e-16
   908        909      0.0886697       0.195097    2.22045e-16
   909        910      0.0886697       0.195097    2.22045e-16
   910        911      0.0886697       0.195097    2.22045e-16
   911        912      0.0886697       0.195097    2.22045e-16
   912        913      0.0886697       0.195097    2.22045e-16
   913        914      0.0886697       0.195097    2.22045e-16
   914        915      0.0886697       0.195097    2.22045e-16
   915        916      0.0886697       0.195097    2.22045e-16
   916        917      0.0886697       0.195097    2.22045e-16
   917        918      0.0886697       0.195097    2.22045e-16
   918        919      0.0886697       0.195097    2.22045e-16
   919        920      0.0886697       0.195097    2.22045e-16
   920        921      0.0886697       0.195097    2.22045e-16
   921        922      0.0886697       0.195097    2.22045e-16
   922        923      0.0886697       0.195097    2.22045e-16
   923        924      0.0886697       0.195097    2.22045e-16
   924        925      0.0886697       0.195097    2.22045e-16
   925        926      0.0886697       0.195097    2.22045e-16
   926        927      0.0886697       0.195097    2.22045e-16
   927        928      0.0886697       0.195097    2.22045e-16
   928        929      0.0886697       0.195097    2.22045e-16
   929        930      0.0886697       0.195097    2.22045e-16
   930        931      0.0886697       0.195097    2.22045e-16

                           Best        Current           Mean
Iteration   f-count         f(x)         f(x)         temperature
   931        932      0.0886697       0.195097    2.22045e-16
   932        933      0.0886697       0.195097    2.22045e-16
   933        934      0.0886697       0.195097    2.22045e-16
   934        935      0.0886697       0.195097    2.22045e-16
   935        936      0.0886697       0.195097    2.22045e-16
   936        937      0.0886697       0.195097    2.22045e-16
   937        938      0.0886697       0.195097    2.22045e-16
   938        939      0.0886697       0.195097    2.22045e-16
   939        940      0.0886697       0.195097    2.22045e-16
   940        941      0.0886697       0.195097    2.22045e-16
   941        942      0.0886697       0.195097    2.22045e-16
   942        943      0.0886697       0.195097    2.22045e-16
   943        944      0.0886697       0.195097    2.22045e-16
   944        945      0.0886697       0.195097    2.22045e-16
   945        946      0.0886697       0.195097    2.22045e-16
   946        947      0.0886697       0.195097    2.22045e-16
   947        948      0.0886697       0.195097    2.22045e-16
   948        949      0.0886697       0.195097    2.22045e-16
   949        950      0.0886697       0.195097    2.22045e-16
   950        951      0.0886697       0.195097    2.22045e-16
   951        952      0.0886697       0.195097    2.22045e-16
   952        953      0.0886697       0.195097    2.22045e-16
   953        954      0.0886697       0.195097    2.22045e-16
   954        955      0.0886697       0.195097    2.22045e-16
   955        956      0.0886697       0.195097    2.22045e-16
   956        957      0.0886697       0.195097    2.22045e-16
   957        958      0.0886697       0.195097    2.22045e-16
   958        959      0.0886697       0.195097    2.22045e-16
   959        960      0.0886697       0.195097    2.22045e-16
   960        961      0.0886697       0.195097    2.22045e-16

                           Best        Current           Mean
Iteration   f-count         f(x)         f(x)         temperature
   961        962      0.0886697       0.195097    2.22045e-16
   962        963      0.0886697       0.195097    2.22045e-16
   963        964      0.0886697       0.195097    2.22045e-16
   964        965      0.0886697       0.195097    2.22045e-16
   965        966      0.0886697       0.195097    2.22045e-16
   966        967      0.0886697       0.195097    2.22045e-16
   967        968      0.0886697       0.195097    2.22045e-16
   968        969      0.0886697       0.195097    2.22045e-16
   969        970      0.0886697       0.195097    2.22045e-16
   970        971      0.0886697       0.195097    2.22045e-16
   971        972      0.0886697       0.195097    2.22045e-16
   972        973      0.0886697       0.195097    2.22045e-16
   973        974      0.0886697       0.195097    2.22045e-16
   974        975      0.0886697       0.195097    2.22045e-16
   975        976      0.0886697       0.195097    2.22045e-16
   976        977      0.0886697       0.195097    2.22045e-16
   977        978      0.0886697       0.195097    2.22045e-16
   978        979      0.0886697       0.195097    2.22045e-16
   979        980      0.0886697       0.195097    2.22045e-16
   980        981      0.0886697       0.195097    2.22045e-16
   981        982      0.0886697       0.195097    2.22045e-16
   982        983      0.0886697       0.195097    2.22045e-16
   983        984      0.0886697       0.195097    2.22045e-16
   984        985      0.0886697       0.195097    2.22045e-16
   985        986      0.0886697       0.195097    2.22045e-16
   986        987      0.0886697       0.195097    2.22045e-16
   987        988      0.0886697       0.195097    2.22045e-16
   988        989      0.0886697       0.195097    2.22045e-16
   989        990      0.0886697       0.195097    2.22045e-16
   990        991      0.0886697       0.195097    2.22045e-16

                           Best        Current           Mean
Iteration   f-count         f(x)         f(x)         temperature
   991        992      0.0886697       0.195097    2.22045e-16
   992        993      0.0886697       0.195097    2.22045e-16
   993        994      0.0886697       0.195097    2.22045e-16
   994        995      0.0886697       0.195097    2.22045e-16
   995        996      0.0886697       0.195097    2.22045e-16
   996        997      0.0886697       0.195097    2.22045e-16
   997        998      0.0886697       0.195097    2.22045e-16
   998        999      0.0886697       0.195097    2.22045e-16
   999       1000      0.0886697       0.195097    2.22045e-16
  1000       1001      0.0886697       0.195097    2.22045e-16
  1001       1002      0.0886697       0.195097    2.22045e-16
  1002       1003      0.0886697       0.195097    2.22045e-16
  1003       1004      0.0886697       0.195097    2.22045e-16
  1004       1005      0.0886697       0.195097    2.22045e-16
  1005       1006      0.0886697       0.195097    2.22045e-16
  1006       1007      0.0886697       0.195097    2.22045e-16
  1007       1008      0.0886697       0.195097    2.22045e-16
  1008       1009      0.0886697       0.195097    2.22045e-16
  1009       1010      0.0886697       0.195097    2.22045e-16
  1010       1011      0.0886697       0.195097    2.22045e-16
  1011       1012      0.0886697       0.195097    2.22045e-16
  1012       1013      0.0886697       0.195097    2.22045e-16
  1013       1014      0.0886697       0.195097    2.22045e-16
  1014       1015      0.0886697       0.195097    2.22045e-16
  1015       1016      0.0886697       0.195097    2.22045e-16
  1016       1017      0.0886697       0.195097    2.22045e-16
  1017       1018      0.0886697       0.195097    2.22045e-16
  1018       1019      0.0886697       0.195097    2.22045e-16
  1019       1020      0.0886697       0.195097    2.22045e-16
  1020       1021      0.0886697       0.195097    2.22045e-16

                           Best        Current           Mean
Iteration   f-count         f(x)         f(x)         temperature
  1021       1022      0.0886697       0.195097    2.22045e-16
  1022       1023      0.0886697       0.195097    2.22045e-16
  1023       1024      0.0886697       0.195097    2.22045e-16
  1024       1025      0.0886697       0.195097    2.22045e-16
  1025       1026      0.0886697       0.195097    2.22045e-16
  1026       1027      0.0886697       0.195097    2.22045e-16
  1027       1028      0.0886697       0.195097    2.22045e-16
  1028       1029      0.0886697       0.195097    2.22045e-16
  1029       1030      0.0886697       0.195097    2.22045e-16
  1030       1031      0.0886697       0.195097    2.22045e-16
  1031       1032      0.0886697       0.195097    2.22045e-16
  1032       1033      0.0886697       0.195097    2.22045e-16
  1033       1034      0.0886697       0.195097    2.22045e-16
  1034       1035      0.0886697       0.195097    2.22045e-16
  1035       1036      0.0886697       0.195097    2.22045e-16
  1036       1037      0.0886697       0.195097    2.22045e-16
  1037       1038      0.0886697       0.195097    2.22045e-16
  1038       1039      0.0886697       0.195097    2.22045e-16
  1039       1040      0.0886697       0.195097    2.22045e-16
  1040       1041      0.0886697       0.195097    2.22045e-16
  1041       1042      0.0886697       0.195097    2.22045e-16
  1042       1043      0.0886697       0.195097    2.22045e-16
  1043       1044      0.0886697       0.195097    2.22045e-16
  1044       1045      0.0886697       0.195097    2.22045e-16
Optimization terminated: change in best function value less than options.TolFun.

vetor =

    0.2000   90.0000    0.1000    1.1300


	 HdL: 0.200  t1dt0: 90.000  L1dL0: 0.100  Alpha: 1.130
