\nSimulated Annealing...Discreted\n

	 Fitness Limit : -Inf
Diagnostic information.
	objective function = @sa_cav_y_4dof
	X0 = [  1 9 0.7 1.34 ]
Modified options:
	options.AnnealingFcn = @d_annealing_c4
	options.TemperatureFcn = @temperatureexp
	options.StallIterLimit = 1000
	options.InitialTemperature = [  100 100 100 100 ]
	options.Display = 'diagnose'
	options.ReannealInterval = 50
	options.DisplayInterval = 1 
	options.AcceptanceFcn = @acceptancesa
End of diagnostic information.


                           Best        Current           Mean
Iteration   f-count         f(x)         f(x)         temperature
     0          1      0.0932996      0.0932996            100
     1          2      0.0932996      0.0932996          90.25
     2          3      0.0932996       0.144107        85.7375
     3          4      0.0932996        1.56935        81.4506
     4          5      0.0932996        1.56935        77.3781
     5          6      0.0932996       0.168212        73.5092
     6          7      0.0932996       0.131896        69.8337
     7          8      0.0880699      0.0880699         66.342
     8          9      0.0880699      0.0880699        63.0249
     9         10      0.0880699       0.223222        59.8737
    10         11      0.0880699       0.223222          56.88
    11         12      0.0880699       0.101891         54.036
    12         13      0.0880699      0.0969801        51.3342
    13         14      0.0880699      0.0969801        48.7675
    14         15      0.0880699       0.407837        46.3291
    15         16      0.0880699       0.122692        44.0127
    16         17      0.0880699       0.178664         41.812
    17         18      0.0880699       0.320725        39.7214
    18         19      0.0880699       0.320725        37.7354
    19         20      0.0880699       0.173809        35.8486
    20         21      0.0880699       0.173809        34.0562
    21         22      0.0880699       0.116726        32.3534
    22         23      0.0880699       0.996455        30.7357
    23         24      0.0880699       0.901086        29.1989
    24         25      0.0880699       0.555234         27.739
    25         26      0.0880699       0.555234         26.352
    26         27      0.0880699       0.555234        25.0344
    27         28      0.0880699       0.210108        23.7827
    28         29      0.0880699       0.210108        22.5936
    29         30      0.0880699       0.231878        21.4639
    30         31      0.0880699       0.120755        20.3907

                           Best        Current           Mean
Iteration   f-count         f(x)         f(x)         temperature
    31         32      0.0880699       0.120755        19.3711
    32         33      0.0880699        1.31894        18.4026
    33         34      0.0880699       0.133777        17.4825
    34         35      0.0880699       0.133777        16.6083
    35         36      0.0880699        0.26797        15.7779
    36         37      0.0880699        0.26797         14.989
    37         38      0.0880699        0.26797        14.2396
    38         39      0.0880699       0.869675        13.5276
    39         40      0.0880699       0.210073        12.8512
    40         41      0.0880699       0.192693        12.2087
    41         42      0.0832588      0.0832588        11.5982
    42         43      0.0832588      0.0832588        11.0183
    43         44      0.0832588       0.271721        10.4674
    44         45      0.0832588       0.120873        9.94403
    45         46      0.0832588       0.221216        9.44682
    46         47      0.0832588        1.77386        8.97448
    47         48      0.0832588       0.189213        8.52576
    48         49      0.0832588      0.0941758        8.09947
    49         50      0.0832588        1.03374         7.6945
    50         51      0.0832588      0.0924346        7.30977
    51         52      0.0832588      0.0868217        6.94428
    52         53      0.0831981      0.0831981        6.59707
    53         54      0.0831981       0.126987        6.26722
    54         55      0.0831981       0.126987        5.95386
    55         56      0.0831981       0.779617        5.65616
    56         57      0.0831981       0.707067        5.37335
    57         58      0.0831981       0.707067        5.10469
    58         59      0.0831981        1.45759        4.84945
    59         60      0.0831981       0.879708        4.60698
    60         61      0.0831981       0.879708        4.37663

                           Best        Current           Mean
Iteration   f-count         f(x)         f(x)         temperature
    61         62      0.0831981       0.983665         4.1578
    62         63      0.0831981       0.983665        3.94991
    63         64      0.0831981        0.29078        3.75241
    64         65      0.0831981       0.092456        3.56479
    65         66      0.0788869      0.0788869        3.38655
    66         67      0.0788869       0.277123        3.21723
    67         68      0.0788869       0.903329        3.05636
*   68         69      0.0788869        1.28646             95
    69         70      0.0788869         0.1482          90.25
    70         71      0.0788869        1.78277        85.7375
    71         72      0.0788869       0.148211        81.4506
    72         73      0.0788869       0.148211        77.3781
    73         74      0.0788869       0.160503        73.5092
    74         75      0.0788869       0.100368        69.8337
    75         76      0.0788869       0.153719         66.342
    76         77      0.0788869       0.153719        63.0249
    77         78      0.0167091      0.0167091        59.8737
    78         79      0.0167091      0.0167091          56.88
    79         80      0.0167091       0.135033         54.036
    80         81      0.0167091        0.22156        51.3342
    81         82      0.0167091        2.54306        48.7675
    82         83      0.0167091       0.424919        46.3291
    83         84      0.0167091       0.840543        44.0127
    84         85      0.0167091       0.162765         41.812
    85         86      0.0167091       0.162765        39.7214
    86         87      0.0167091        1.35069        37.7354
    87         88      0.0167091       0.746692        35.8486
    88         89      0.0167091       0.155937        34.0562
    89         90      0.0167091       0.332905        32.3534
    90         91      0.0167091       0.218986        30.7357

                           Best        Current           Mean
Iteration   f-count         f(x)         f(x)         temperature
    91         92      0.0167091       0.152671        29.1989
    92         93      0.0167091      0.0878144         27.739
    93         94      0.0167091      0.0878144         26.352
    94         95      0.0167091      0.0878144        25.0344
    95         96      0.0167091      0.0878144        23.7827
    96         97      0.0167091        6.60412        22.5936
    97         98      0.0167091        5.84434        21.4639
    98         99      0.0167091        2.19831        20.3907
    99        100      0.0167091        2.19831        19.3711
   100        101      0.0167091        2.19831        18.4026
   101        102      0.0167091        2.19831        17.4825
   102        103      0.0167091        2.19831        16.6083
   103        104      0.0167091        5.06478        15.7779
   104        105      0.0167091        0.36964         14.989
   105        106      0.0167091        0.36964        14.2396
   106        107      0.0167091        1.53118        13.5276
   107        108      0.0167091        4.10832        12.8512
   108        109      0.0167091        4.10832        12.2087
   109        110      0.0167091        3.62267        11.5982
   110        111      0.0167091        4.17033        11.0183
   111        112      0.0167091        3.05883        10.4674
   112        113      0.0167091        1.30075        9.94403
   113        114      0.0167091       0.651099        9.44682
   114        115      0.0167091      0.0679194        8.97448
   115        116      0.0167091       0.538651        8.52576
   116        117      0.0167091       0.660379        8.09947
   117        118      0.0167091        1.96255         7.6945
   118        119      0.0167091       0.264667        7.30977
   119        120      0.0167091       0.264667        6.94428
   120        121      0.0167091       0.264667        6.59707

                           Best        Current           Mean
Iteration   f-count         f(x)         f(x)         temperature
   121        122      0.0167091       0.264667        6.26722
   122        123      0.0167091       0.193173        5.95386
   123        124      0.0167091      0.0607293        5.65616
   124        125      0.0167091      0.0607293        5.37335
   125        126      0.0167091      0.0607293        5.10469
   126        127      0.0167091       0.414272        4.84945
   127        128      0.0167091       0.696681        4.60698
   128        129      0.0167091        1.08012        4.37663
   129        130      0.0167091        1.08012         4.1578
   130        131      0.0167091       0.275854        3.94991
   131        132      0.0167091       0.463895        3.75241
   132        133      0.0167091       0.463895        3.56479
   133        134      0.0167091        0.10089        3.38655
   134        135      0.0167091       0.356599        3.21723
   135        136      0.0167091      0.0405214        3.05636
   136        137      0.0167091       0.420957        2.90355
   137        138      0.0167091        1.59383        2.75837
*  138        139      0.0167091        1.03284             95
   139        140      0.0167091       0.148773          90.25
   140        141      0.0167091       0.148773        85.7375
   141        142      0.0167091       0.139848        81.4506
   142        143      0.0167091      0.0514793        77.3781
   143        144      0.0167091       0.253962        73.5092
   144        145      0.0167091       0.253962        69.8337
   145        146      0.0167091       0.235251         66.342
   146        147      0.0167091       0.247541        63.0249
   147        148      0.0167091        1.31154        59.8737
   148        149      0.0167091       0.926278          56.88
   149        150      0.0167091        1.80591         54.036
   150        151      0.0167091        1.03436        51.3342

                           Best        Current           Mean
Iteration   f-count         f(x)         f(x)         temperature
   151        152      0.0167091        1.41375        48.7675
   152        153      0.0167091       0.141085        46.3291
   153        154      0.0167091       0.141085        44.0127
   154        155      0.0167091       0.103885         41.812
   155        156      0.0167091       0.103885        39.7214
   156        157      0.0167091       0.133703        37.7354
   157        158      0.0167091       0.162408        35.8486
   158        159      0.0167091       0.437338        34.0562
   159        160      0.0167091       0.437338        32.3534
   160        161      0.0167091       0.134749        30.7357
   161        162      0.0167091       0.134749        29.1989
   162        163      0.0167091       0.473121         27.739
   163        164      0.0167091       0.170856         26.352
   164        165      0.0167091       0.154885        25.0344
   165        166      0.0167091         0.5277        23.7827
   166        167      0.0167091       0.160257        22.5936
   167        168      0.0167091       0.125112        21.4639
   168        169      0.0167091       0.131569        20.3907
   169        170      0.0167091       0.131569        19.3711
   170        171      0.0167091       0.131569        18.4026
   171        172      0.0167091       0.131569        17.4825
   172        173      0.0167091       0.212466        16.6083
   173        174      0.0167091       0.130847        15.7779
   174        175      0.0167091       0.130847         14.989
   175        176      0.0167091       0.129777        14.2396
   176        177      0.0167091       0.155815        13.5276
   177        178      0.0167091       0.155815        12.8512
   178        179      0.0167091       0.155815        12.2087
   179        180      0.0167091       0.173889        11.5982
   180        181      0.0167091        0.14626        11.0183

                           Best        Current           Mean
Iteration   f-count         f(x)         f(x)         temperature
   181        182      0.0167091       0.128375        10.4674
   182        183      0.0167091       0.128375        9.94403
   183        184      0.0167091       0.128375        9.44682
   184        185      0.0167091       0.128375        8.97448
   185        186      0.0167091       0.135135        8.52576
   186        187      0.0167091       0.135135        8.09947
   187        188      0.0167091       0.100923         7.6945
   188        189      0.0167091       0.276925        7.30977
   189        190      0.0167091        1.13709        6.94428
   190        191      0.0167091       0.301268        6.59707
   191        192      0.0167091       0.329044        6.26722
   192        193      0.0167091       0.329044        5.95386
   193        194      0.0167091       0.329044        5.65616
   194        195      0.0167091       0.256472        5.37335
   195        196      0.0167091      0.0894423        5.10469
   196        197      0.0167091      0.0894423        4.84945
   197        198      0.0167091       0.088233        4.60698
   198        199      0.0167091       0.088233        4.37663
   199        200      0.0167091       0.088233         4.1578
   200        201      0.0167091      0.0967738        3.94991
   201        202      0.0167091      0.0967738        3.75241
   202        203      0.0167091       0.173845        3.56479
   203        204      0.0167091       0.173845        3.38655
   204        205      0.0167091       0.173845        3.21723
   205        206      0.0167091         1.1291        3.05636
   206        207      0.0167091       0.186791        2.90355
   207        208      0.0167091       0.186791        2.75837
   208        209      0.0167091       0.186791        2.62045
   209        210      0.0167091      0.0957007        2.48943
   210        211      0.0167091      0.0957007        2.36496

                           Best        Current           Mean
Iteration   f-count         f(x)         f(x)         temperature
   211        212      0.0167091      0.0957007        2.24671
   212        213      0.0167091      0.0957007        2.13437
   213        214      0.0167091       0.186791        2.02765
   214        215      0.0167091       0.186791        1.92627
   215        216      0.0167091      0.0954828        1.82996
   216        217      0.0167091      0.0954828        1.73846
   217        218      0.0167091      0.0954828        1.65154
   218        219      0.0167091      0.0875549        1.56896
*  219        220      0.0167091       0.301611             95
   220        221      0.0167091         0.1613          90.25
   221        222      0.0167091       0.395526        85.7375
   222        223      0.0167091       0.395526        81.4506
   223        224      0.0167091       0.277994        77.3781
   224        225      0.0167091       0.596996        73.5092
   225        226      0.0167091       0.113996        69.8337
   226        227      0.0167091       0.113996         66.342
   227        228      0.0167091       0.147258        63.0249
   228        229      0.0167091       0.137203        59.8737
   229        230      0.0167091       0.121105          56.88
   230        231      0.0167091       0.404105         54.036
   231        232      0.0167091       0.120845        51.3342
   232        233      0.0167091       0.120845        48.7675
   233        234      0.0167091       0.120845        46.3291
   234        235      0.0167091        4.12699        44.0127
   235        236      0.0167091       0.843675         41