\nSimulated Annealing...Discreted\n

	 Fitness Limit : -Inf
Diagnostic information.
	objective function = @sa_cav_y_4dof
	X0 = [  10 200 0.002 1.39 ]
Modified options:
	options.AnnealingFcn = @d_annealing_c4
	options.TemperatureFcn = @temperatureexp
	options.StallIterLimit = 1000
	options.InitialTemperature = [  100 100 100 100 ]
	options.Display = 'diagnose'
	options.ReannealInterval = 5 
	options.DisplayInterval = 1 
	options.AcceptanceFcn = @acceptancesa
End of diagnostic information.


                           Best        Current           Mean
Iteration   f-count         f(x)         f(x)         temperature
     0          1            Inf            Inf            100
     1          2            Inf            Inf          90.25
     2          3            Inf            Inf        85.7375
     3          4       0.149089       0.149089        81.4506
     4          5       0.149089       0.149089        77.3781
     5          6       0.149089       0.149089        73.5092
     6          7       0.149089       0.149089        69.8337
     7          8       0.149089       0.149089         66.342
     8          9       0.149089       0.149089        63.0249
     9         10       0.149089       0.149089        59.8737
    10         11       0.149089       0.149089          56.88
    11         12       0.149089       0.149089         54.036
    12         13       0.149089       0.149089        51.3342
    13         14       0.149089       0.149089        48.7675
    14         15       0.149089       0.255551        46.3291
    15         16       0.149089       0.255551        44.0127
    16         17       0.145487       0.145487         41.812
*   17         18       0.134403       0.134403             95
    18         19       0.134403       0.134403          90.25
    19         20       0.134403       0.134403        85.7375
    20         21       0.134403       0.134403        81.4506
    21         22       0.134403       0.134403        77.3781
    22         23       0.134403       0.134403        73.5092
    23         24       0.134403       0.134403        69.8337
    24         25       0.134403       0.134403         66.342
    25         26       0.134403       0.134403        63.0249
    26         27       0.134403       0.134403        59.8737
    27         28       0.134403       0.134403          56.88
    28         29       0.134403       0.134403         54.036
    29         30       0.134403       0.134403        51.3342
    30         31       0.134403       0.134403        48.7675

                           Best        Current           Mean
Iteration   f-count         f(x)         f(x)         temperature
    31         32       0.134403       0.134403        46.3291
    32         33       0.134403       0.134403        44.0127
    33         34       0.134403       0.134403         41.812
    34         35       0.134403       0.134403        39.7214
    35         36       0.134403       0.146966        37.7354
    36         37       0.134403       0.146966        35.8486
    37         38       0.134403       0.146966        34.0562
    38         39       0.134403       0.146966        32.3534
    39         40       0.134403       0.146966        30.7357
    40         41       0.134403       0.146966        29.1989
    41         42       0.134403       0.146966         27.739
    42         43       0.134403       0.146966         26.352
    43         44       0.131132       0.131132        25.0344
    44         45       0.131132       0.131132        23.7827
    45         46       0.131132       0.131132        22.5936
    46         47       0.131132       0.131132        21.4639
    47         48       0.131132       0.131132        20.3907
    48         49       0.117845       0.117845        19.3711
    49         50      0.0933764      0.0933764        18.4026
*   50         51      0.0933764        1.21663             95
    51         52      0.0933764        1.21663          90.25
    52         53      0.0933764        1.13363        85.7375
    53         54      0.0933764        1.13363        81.4506
    54         55      0.0933764        1.13363        77.3781
    55         56      0.0933764        1.13363        73.5092
    56         57      0.0933764        1.13363        69.8337
    57         58      0.0933764        1.13363         66.342
    58         59      0.0933764        1.13363        63.0249
    59         60      0.0933764        1.13363        59.8737
    60         61      0.0933764        1.13363          56.88

                           Best        Current           Mean
Iteration   f-count         f(x)         f(x)         temperature
    61         62      0.0933764        1.13363         54.036
    62         63      0.0933764        1.13363        51.3342
    63         64      0.0933764        1.13363        48.7675
    64         65      0.0933764        1.13363        46.3291
    65         66      0.0933764       0.158361        44.0127
    66         67      0.0933764       0.158361         41.812
    67         68      0.0933764       0.158361        39.7214
    68         69      0.0933764       0.158361        37.7354
    69         70      0.0933764        0.40324        35.8486
    70         71      0.0933764       0.156347        34.0562
*   71         72      0.0933764       0.131391             95
    72         73      0.0933764       0.131391          90.25
    73         74      0.0933764       0.131391        85.7375
    74         75      0.0933764       0.131391        81.4506
    75         76      0.0933764       0.131391        77.3781
    76         77      0.0933764       0.131391        73.5092
    77         78      0.0933764       0.131391        69.8337
    78         79      0.0933764       0.131391         66.342
    79         80      0.0933764       0.131391        63.0249
    80         81      0.0933764       0.131391        59.8737
    81         82      0.0933764       0.131391          56.88
    82         83      0.0933764       0.131391         54.036
    83         84      0.0933764       0.131391        51.3342
    84         85      0.0933764       0.131391        48.7675
    85         86      0.0933764       0.171586        46.3291
    86         87      0.0933764       0.171586        44.0127
    87         88      0.0933764       0.171586         41.812
    88         89      0.0933764       0.112551        39.7214
    89         90      0.0933764       0.319466        37.7354
    90         91      0.0933764       0.319466        35.8486

                           Best        Current           Mean
Iteration   f-count         f(x)         f(x)         temperature
    91         92      0.0933764       0.319466        34.0562
    92         93      0.0933764       0.168013        32.3534
    93         94      0.0933764       0.168013        30.7357
    94         95      0.0933764       0.168013        29.1989
*   95         96      0.0933764       0.140026             95
    96         97      0.0933764        0.20664          90.25
    97         98      0.0933764        0.20664        85.7375
    98         99      0.0933764        0.20664        81.4506
    99        100      0.0933764        0.20664        77.3781
   100        101      0.0933764        0.20664        73.5092
   101        102      0.0933764        0.20664        69.8337
   102        103      0.0933764        0.20664         66.342
   103        104      0.0933764       0.194787        63.0249
   104        105      0.0933764       0.194787        59.8737
   105        106      0.0933764       0.194787          56.88
   106        107      0.0933764       0.194787         54.036
   107        108      0.0933764       0.194787        51.3342
   108        109      0.0933764       0.194787        48.7675
   109        110      0.0933764       0.194787        46.3291
   110        111      0.0933764       0.194787        44.0127
   111        112      0.0933764       0.194787         41.812
   112        113      0.0933764       0.194787        39.7214
   113        114      0.0933764       0.194787        37.7354
   114        115      0.0933764       0.194787        35.8486
   115        116      0.0933764       0.194787        34.0562
   116        117      0.0933764       0.194787        32.3534
   117        118      0.0933764       0.194787        30.7357
   118        119      0.0933764       0.194787        29.1989
   119        120      0.0933764       0.194787         27.739
   120        121      0.0933764       0.194787         26.352

                           Best        Current           Mean
Iteration   f-count         f(x)         f(x)         temperature
   121        122      0.0933764       0.194787        25.0344
   122        123      0.0933764       0.194787        23.7827
   123        124      0.0933764       0.194787        22.5936
   124        125      0.0933764       0.250928        21.4639
   125        126      0.0933764       0.250928        20.3907
   126        127      0.0933764       0.250928        19.3711
   127        128      0.0933764       0.250928        18.4026
   128        129      0.0933764       0.250928        17.4825
   129        130      0.0933764       0.156483        16.6083
*  130        131      0.0933764        0.10539             95
   131        132      0.0933764        0.10539          90.25
   132        133      0.0933764        0.10539        85.7375
   133        134      0.0933764        0.10539        81.4506
   134        135      0.0933764        0.10539        77.3781
   135        136      0.0933764        0.10539        73.5092
   136        137      0.0933764        0.10539        69.8337
   137        138      0.0933764        0.10539         66.342
   138        139      0.0933764        0.10539        63.0249
   139        140      0.0933764        0.10539        59.8737
   140        141      0.0933764        0.10539          56.88
   141        142      0.0933764        0.10539         54.036
   142        143      0.0933764        0.10539        51.3342
   143        144      0.0933764        0.10539        48.7675
   144        145      0.0645756      0.0645756        46.3291
   145        146      0.0645756      0.0645756        44.0127
   146        147      0.0645756      0.0645756         41.812
   147        148      0.0645756      0.0645756        39.7214
   148        149      0.0645756      0.0645756        37.7354
   149        150      0.0645756      0.0645756        35.8486
   150        151      0.0645756       0.185603        34.0562

                           Best        Current           Mean
Iteration   f-count         f(x)         f(x)         temperature
   151        152      0.0645756       0.185603        32.3534
   152        153      0.0645756       0.185603        30.7357
   153        154      0.0645756       0.185603        29.1989
   154        155      0.0645756       0.185603         27.739
   155        156      0.0645756       0.106831         26.352
   156        157      0.0645756       0.513892        25.0344
   157        158      0.0645756       0.513892        23.7827
*  158        159      0.0645756       0.636616             95
   159        160      0.0645756       0.636616          90.25
   160        161      0.0645756       0.636616        85.7375
   161        162      0.0645756       0.636616        81.4506
   162        163      0.0645756       0.636616        77.3781
   163        164      0.0645756       0.636616        73.5092
   164        165      0.0645756       0.636616        69.8337
   165        166      0.0645756       0.636616         66.342
   166        167      0.0645756       0.636616        63.0249
   167        168      0.0645756       0.636616        59.8737
   168        169      0.0645756       0.636616          56.88
   169        170      0.0645756       0.636616         54.036
   170        171      0.0645756      0.0962668        51.3342
   171        172      0.0645756      0.0962668        48.7675
   172        173      0.0645756      0.0962668        46.3291
   173        174      0.0645756      0.0962668        44.0127
   174        175      0.0645756      0.0962668         41.812
   175        176      0.0645756      0.0962668        39.7214
   176        177      0.0645756      0.0962668        37.7354
   177        178      0.0645756      0.0962668        35.8486
   178        179      0.0645756      0.0962668        34.0562
   179        180      0.0645756      0.0962668        32.3534
   180        181      0.0645756      0.0962668        30.7357

                           Best        Current           Mean
Iteration   f-count         f(x)         f(x)         temperature
   181        182      0.0645756      0.0962668        29.1989
   182        183      0.0645756      0.0962668         27.739
   183        184      0.0645756      0.0962668         26.352
   184        185      0.0645756      0.0962668        25.0344
   185        186      0.0645756      0.0962668        23.7827
   186        187      0.0645756      0.0962668        22.5936
   187        188      0.0645756      0.0962668        21.4639
   188        189      0.0645756      0.0962668        20.3907
   189        190      0.0645756      0.0962668        19.3711
   190        191      0.0645756      0.0892924        18.4026
   191        192      0.0645756       0.920863        17.4825
   192        193      0.0645756        1.09551        16.6083
*  193        194      0.0645756       0.189218             95
   194        195      0.0645756       0.189218          90.25
   195        196      0.0645756       0.189218        85.7375
   196        197      0.0645756       0.189218        81.4506
   197        198      0.0645756       0.189218        77.3781
   198        199      0.0645756       0.189218        73.5092
   199        200      0.0645756       0.189218        69.8337
   200        201      0.0645756       0.189218         66.342
   201        202      0.0645756       0.189218        63.0249
   202        203      0.0645756       0.189218        59.8737
   203        204      0.0645756       0.189218          56.88
   204        205      0.0645756        4.35263         54.036
   205        206      0.0645756        4.35263        51.3342
   206        207      0.0645756        4.35263        48.7675
   207        208      0.0645756        4.35263        46.3291
   208        209      0.0645756        4.35263        44.0127
   209        210      0.0645756        4.35263         41.812
   210        211      0.0645756        4.35263        39.7214

                           Best        Current           Mean
Iteration   f-count         f(x)         f(x)         temperature
   211        212      0.0645756       0.858214        37.7354
   212        213      0.0645756       0.593063        35.8486
   213        214      0.0645756        0.31468        34.0562
*  214        215      0.0645756       0.190175             95
   215        216      0.0645756       0.190175          90.25
   216        217      0.0645756       0.190175        85.7375
   217        218      0.0645756       0.190175        81.4506
   218        219      0.0645756       0.190175        77.3781
   219        220      0.0645756       0.181002        73.5092
   220        221      0.0645756       0.181002        69.8337
   221        222      0.0645756       0.181002         66.342
   222        223      0.0645756       0.181002        63.0249
   223        224      0.0645756       0.181002        59.8737
   224        225      0.0645756       0.181002          56.88
   225        226      0.0645756       0.181002         54.036
   226        227      0.0645756       0.181002        51.3342
   227        228      0.0645756       0.181002        48.7675
   228        229      0.0645756       0.181002        46.3291
   229        230      0.0645756       0.181002        44.0127
   230        231      0.0645756       0.181002         41.812
   231        232      0.0645756      0.0878144        39.7214
   232        233      0.0645756      0.0878144        37.7354
   233        234      0.0645756        1.00174        35.8486
   234        235      0.0645756        1.00174        34.0562
   235        236      0.0645756        1.00174        32.3534
   236        237      0.0645756        1.00174        30.7357
   237        238      0.0645756        1.00174        29.1989
   238        239      0.0645756        1.00174         27.739
   239        240      0.0645756        1.00174         26.352
   240        241      0.0645756        0.39873        25.0344

                           Best        Current           Mean
Iteration   f-count         f(x)         f(x)         temperature
   241        242      0.0645756        0.39873        23.7827
   242        243      0.0645756        0.39873        22.5936
   243        244      0.0645756        0.39873        21.4639
   244        245      0.0645756        0.39873        20.3907
*  245        246      0.0645756       0.283734             95
   246        247      0.0645756       0.283734          90.25
   247        248      0.0645756       0.283734        85.7375
   248        249      0.0645756       0.283734        81.4506
   249        250      0.0645756       0.283734        77.3781
   250        251      0.0645756       0.283734        73.5092
   251        252      0.0645756        1.01448        69.8337
   252        253      0.0645756        1.01448         66.342
   253        254      0.0645756        1.01448        63.0249
   254        255      0.0645756        1.01448        59.8737
   255        256      0.0645756        1.01448          56.88
   256        257      0.0645756        1.01448         54.036
   257        258      0.0645756        1.01448        51.3342
   258        259      0.0645756       0.300554        48.7675
   259        260      0.0645756       0.300554        46.3291
   260        261      0.0645756       0.420347        44.0127
   261        262      0.0645756       0.420347         41.812
   262        263      0.0645756       0.420347        39.7214
   263        264      0.0645756       0.420347        37.7354
   264        265      0.0645756       0.420347        35.8486
   265        266      0.0645756       0.420347        34.0562
   266        267      0.0645756       0.420347        32.3534
   267        268      0.0645756       0.420347        30.7357
   268        269      0.0645756       0.420347        29.1989
   269        270      0.0645756       0.420347         27.739
   270        271      0.0645756      0.0854533         26.352

                           Best        Current           Mean
Iteration   f-count         f(x)         f(x)         temperature
   271        272      0.0645756      0.0854533        25.0344
   272        273      0.0645756      0.0854533        23.7827
   273        274      0.0645756      0.0854533        22.5936
   274        275      0.0645756      0.0854533        21.4639
   275        276      0.0645756      0.0854533        20.3907
*  276        277      0.0645756       0.103223             95
   277        278      0.0645756       0.103223          90.25
   278        279      0.0645756       0.103223        85.7375
   279        280      0.0645756       0.103223        81.4506
   280        281      0.0645756       0.103223        77.3781
   281        282      0.0645756       0.103223        73.5092
   282        283      0.0645756       0.103223        69.8337
   283        284      0.0645756       0.103223         66.342
   284        285      0.0645756       0.103223        63.0249
   285        286      0.0645756       0.103223        59.8737
   286        287      0.0645756       0.103223          56.88
   287        288      0.0645756       0.103223         54.036
   288        289      0.0645756       0.103223        51.3342
   289        290      0.0645756       0.103223        48.7675
   290        291      0.0645756        4.40742        46.3291
   291        292      0.0645756        4.40742        44.0127
   292        293      0.0645756        4.40742         41.812
   293        294      0.0645756      0.0841556        39.7214
   294        295      0.0645756         1.1743        37.7354
   295        296      0.0645756         1.1743        35.8486
   296        297      0.0645756        1.12258        34.0562
   297        298      0.0645756        1.12258        32.3534
   298        299      0.0645756        1.12258        30.7357
   299        300      0.0645756        1.12258        29.1989
*  300        301      0.0645756       0.501915             95

                           Best        Current           Mean
Iteration   f-count         f(x)         f(x)         temperature
   301        302      0.0645756       0.501915          90.25
   302        303      0.0645756       0.501915        85.7375
   303        304      0.0645756       0.501915        81.4506
   304        305      0.0645756       0.501915        77.3781
   305        306      0.0645756       0.501915        73.5092
   306        307      0.0645756        1.08737        69.8337
   307        308      0.0645756        1.08737         66.342
   308        309      0.0645756        1.08737        63.0249
   309        310      0.0645756        1.08737        59.8737
   310        311      0.0645756        0.09106          56.88
   311        312      0.0645756        0.09106         54.036
   312        313      0.0645756        0.09106        51.3342
   313        314      0.0645756        0.09106        48.7675
   314        315      0.0645756        0.09106        46.3291
   315        316      0.0645756        0.09106        44.0127
   316        317      0.0645756        0.09106         41.812
   317        318      0.0645756        0.09106        39.7214
   318        319      0.0645756        0.09106        37.7354
   319        320      0.0645756        0.09106        35.8486
   320        321      0.0645756        0.09106        34.0562
   321        322      0.0645756        0.09106        32.3534
   322        323      0.0645756        0.09106        30.7357
   323        324      0.0645756        0.09106        29.1989
   324        325      0.0645756       0.238295         27.739
   325        326      0.0645756       0.238295         26.352
   326        327      0.0645756       0.142188        25.0344
*  327        328      0.0645756       0.128213             95
   328        329      0.0645756      0.0983622          90.25
   329        330      0.0645756      0.0983622        85.7375
   330        331      0.0645756      0.0983622        81.4506

                           Best        Current           Mean
Iteration   f-count         f(x)         f(x)         temperature
   331        332      0.0645756      0.0983622        77.3781
   332        333      0.0645756      0.0983622        73.5092
   333        334      0.0645756      0.0983622        69.8337
   334        335      0.0645756      0.0983622         66.342
   335        336      0.0645756      0.0983622        63.0249
   336        337      0.0645756      0.0983622        59.8737
   337        338      0.0645756      0.0983622          56.88
   338        339      0.0645756      0.0983622         54.036
   339        340      0.0645756      0.0983622        51.3342
   340        341      0.0645756      0.0983622        48.7675
   341        342      0.0645756       0.139251        46.3291
   342        343      0.0645756       0.116139        44.0127
   343        344      0.0645756       0.116139         41.812
   344        345      0.0645756       0.116139        39.7214
   345        346      0.0645756       0.116139        37.7354
   346        347      0.0645756       0.116139        35.8486
   347        348      0.0645756       0.116139        34.0562
   348        349      0.0645756       0.116139        32.3534
   349        350      0.0645756       0.116139        30.7357
   350        351      0.0645756       0.231853        29.1989
*  351        352      0.0645756       0.144623             95
   352        353      0.0645756       0.144623          90.25
   353        354      0.0645756         0.1523        85.7375
   354        355      0.0645756         0.1523        81.4506
   355        356      0.0645756         0.1523        77.3781
   356        357      0.0645756         0.1523        73.5092
   357        358      0.0645756         0.1523        69.8337
   358        359      0.0645756         0.1523         66.342
   359        360      0.0645756         0.1523        63.0249
   360        361      0.0645756         0.1523        59.8737

                           Best        Current           Mean
Iteration   f-count         f(x)         f(x)         temperature
   361        362      0.0645756         0.1523          56.88
   362        363      0.0645756         0.1523         54.036
   363        364      0.0645756         0.1523        51.3342
   364        365      0.0645756       0.102362        48.7675
   365        366      0.0645756       0.102362        46.3291
   366        367      0.0645756       0.102362        44.0127
   367        368      0.0645756       0.102362         41.812
   368        369      0.0645756       0.102362        39.7214
   369        370      0.0645756       0.102362        37.7354
   370        371      0.0645756       0.191388        35.8486
   371        372      0.0645756       0.191388        34.0562
   372        373      0.0645756       0.191388        32.3534
   373        374      0.0645756         2.1735        30.7357
*  374        375      0.0645756        1.04265             95
   375        376      0.0645756        1.04265          90.25
   376        377      0.0645756        1.04265        85.7375
   377        378      0.0645756        1.04265        81.4506
   378        379      0.0645756       0.140597        77.3781
   379        380      0.0645756       0.140597        73.5092
   380        381      0.0645756       0.140597        69.8337
   381        382      0.0645756       0.140597         66.342
   382        383      0.0645756       0.140597        63.0249
   383        384      0.0645756       0.140597        59.8737
   384        385      0.0645756      0.0901547          56.88
   385        386      0.0645756        1.20712         54.036
   386        387      0.0645756        1.20712        51.3342
   387        388      0.0645756        1.20712        48.7675
   388        389      0.0645756       0.295801        46.3291
   389        390      0.0645756       0.295801        44.0127
*  390        391      0.0645756        3.68028             95

                           Best        Current           Mean
Iteration   f-count         f(x)         f(x)         temperature
   391        392      0.0645756        3.68028          90.25
   392        393      0.0645756        3.68028        85.7375
   393        394      0.0645756        3.68028        81.4506
   394        395      0.0645756        3.68028        77.3781
   395        396      0.0645756        3.68028        73.5092
   396        397      0.0645756        3.68028        69.8337
   397        398      0.0645756        3.68028         66.342
   398        399      0.0645756       0.125127        63.0249
   399        400      0.0645756       0.125127        59.8737
   400        401      0.0645756       0.125127          56.88
   401        402      0.0645756       0.125127         54.036
   402        403      0.0645756       0.125127        51.3342
   403        404      0.0645756       0.125127        48.7675
   404        405      0.0645756       0.125127        46.3291
   405        406      0.0645756       0.125127        44.0127
   406        407      0.0645756       0.125127         41.812
   407        408      0.0645756       0.125127        39.7214
   408        409      0.0645756       0.323413        37.7354
   409        410      0.0645756        1.05864        35.8486
   410        411      0.0645756        1.05864        34.0562
   411        412      0.0645756        1.05864        32.3534
   412        413      0.0645756        1.05864        30.7357
   413        414      0.0645756        1.05864        29.1989
   414        415      0.0645756        1.05864         27.739
   415        416      0.0645756        1.05864         26.352
   416        417      0.0645756       0.144698        25.0344
*  417        418      0.0645756       0.147312             95
   418        419      0.0645756       0.147312          90.25
   419        420      0.0645756       0.147312        85.7375
   420        421      0.0645756       0.439166        81.4506

                           Best        Current           Mean
Iteration   f-count         f(x)         f(x)         temperature
   421        422      0.0645756       0.439166        77.3781
   422        423      0.0645756       0.131674        73.5092
   423        424      0.0645756       0.195097        69.8337
   424        425      0.0645756       0.195097         66.342
   425        426      0.0645756       0.195097        63.0249
   426        427      0.0645756      0.0999281        59.8737
   427        428      0.0645756      0.0999281          56.88
   428        429      0.0645756      0.0999281         54.036
   429        430      0.0645756      0.0999281        51.3342
   430        431      0.0645756      0.0999281        48.7675
*  431        432      0.0645756       0.126879             95
   432        433      0.0645756       0.126879          90.25
   433        434      0.0645756       0.126879        85.7375
   434        435      0.0645756       0.126879        81.4506
   435        436      0.0645756       0.126879        77.3781
   436        437      0.0645756       0.126879        73.5092
   437        438      0.0645756        1.33118        69.8337
   438        439      0.0645756       0.317998         66.342
   439        440      0.0645756       0.317998        63.0249
   440        441      0.0645756       0.317998        59.8737
   441        442      0.0645756       0.317998          56.88
   442        443      0.0645756       0.317998         54.036
   443        444      0.0645756      0.0872642        51.3342
   444        445      0.0645756      0.0872642        48.7675
   445        446      0.0645756      0.0872642        46.3291
   446        447      0.0645756      0.0872642        44.0127
   447        448      0.0645756      0.0872642         41.812
   448        449      0.0645756      0.0872642        39.7214
   449        450      0.0645756      0.0872642        37.7354
   450        451      0.0645756      0.0872642        35.8486

                           Best        Current           Mean
Iteration   f-count         f(x)         f(x)         temperature
   451        452      0.0645756      0.0872642        34.0562
   452        453      0.0645756      0.0872642        32.3534
   453        454      0.0645756      0.0872642        30.7357
   454        455      0.0645756      0.0872642        29.1989
   455        456      0.0645756      0.0872642         27.739
   456        457      0.0645756      0.0872642         26.352
   457        458      0.0645756      0.0872642        25.0344
   458        459      0.0645756      0.0872642        23.7827
   459        460      0.0645756      0.0872642        22.5936
   460        461      0.0645756      0.0872642        21.4639
   461        462      0.0645756      0.0872642        20.3907
   462        463      0.0645756      0.0872642        19.3711
   463        464      0.0645756      0.0872642        18.4026
   464        465      0.0645756      0.0872642        17.4825
   465        466      0.0645756      0.0872642        16.6083
   466        467      0.0645756      0.0872642        15.7779
   467        468      0.0645756      0.0872642         14.989
   468        469      0.0645756      0.0872642        14.2396
   469        470      0.0645756      0.0872642        13.5276
   470        471      0.0645756      0.0872642        12.8512
   471        472      0.0645756      0.0872642        12.2087
   472        473      0.0645756      0.0872642        11.5982
   473        474      0.0645756      0.0872642        11.0183
   474        475      0.0645756      0.0872642        10.4674
   475        476      0.0645756      0.0872642        9.94403
   476        477      0.0645756      0.0872642        9.44682
   477        478      0.0645756      0.0872642        8.97448
   478        479      0.0645756      0.0872642        8.52576
   479        480      0.0645756      0.0872642        8.09947
   480        481      0.0645756      0.0872642         7.6945

                           Best        Current           Mean
Iteration   f-count         f(x)         f(x)         temperature
   481        482      0.0645756      0.0872642        7.30977
   482        483      0.0645756      0.0872642        6.94428
   483        484      0.0645756      0.0872642        6.59707
   484        485      0.0645756      0.0872642        6.26722
   485        486      0.0645756      0.0872642        5.95386
   486        487      0.0645756      0.0872642        5.65616
   487        488      0.0645756      0.0872642        5.37335
   488        489      0.0645756      0.0872642        5.10469
   489        490      0.0645756      0.0872642        4.84945
   490        491      0.0645756      0.0872642        4.60698
   491        492      0.0645756      0.0872642        4.37663
   492        493      0.0645756      0.0872642         4.1578
   493        494      0.0645756      0.0872642        3.94991
   494        495      0.0645756      0.0872642        3.75241
   495        496      0.0645756      0.0872642        3.56479
   496        497      0.0645756      0.0872642        3.38655
   497        498      0.0645756      0.0872642        3.21723
   498        499      0.0645756      0.0872642        3.05636
   499        500      0.0645756      0.0872642        2.90355
   500        501      0.0645756      0.0872642        2.75837
   501        502      0.0645756      0.0872642        2.62045
   502        503      0.0645756      0.0872642        2.48943
   503        504      0.0645756      0.0872642        2.36496
   504        505      0.0645756      0.0872642        2.24671
   505        506      0.0645756      0.0872642        2.13437
   506        507      0.0645756      0.0872642        2.02765
   507        508      0.0645756      0.0872642        1.92627
   508        509      0.0645756      0.0872642        1.82996
   509        510      0.0645756      0.0872642        1.73846
   510        511      0.0645756      0.0872642        1.65154

                           Best        Current           Mean
Iteration   f-count         f(x)         f(x)         temperature
   511        512      0.0645756      0.0872642        1.56896
   512        513      0.0645756      0.0872642        1.49051
   513        514      0.0645756      0.0872642        1.41599
   514        515      0.0645756      0.0872642        1.34519
   515        516      0.0645756      0.0872642        1.27793
   516        517      0.0645756      0.0872642        1.21403
   517        518      0.0645756      0.0872642        1.15333
   518        519      0.0645756      0.0872642        1.09566
   519        520      0.0645756      0.0872642        1.04088
   520        521      0.0645756      0.0872642       0.988836
   521        522      0.0645756      0.0872642       0.939395
   522        523      0.0645756      0.0872642       0.892425
   523        524      0.0645756      0.0872642       0.847804
   524        525      0.0645756      0.0872642       0.805413
   525        526      0.0645756      0.0872642       0.765143
   526        527      0.0645756      0.0872642       0.726886
   527        528      0.0645756      0.0872642       0.690541
   528        529      0.0645756      0.0872642       0.656014
   529        530      0.0645756      0.0872642       0.623214
   530        531      0.0645756      0.0872642       0.592053
   531        532      0.0645756      0.0872642        0.56245
   532        533      0.0645756      0.0872642       0.534328
   533        534      0.0645756      0.0872642       0.507611
   534        535      0.0645756      0.0872642       0.482231
   535        536      0.0645756      0.0872642       0.458119
   536        537      0.0645756      0.0872642       0.435213
   537        538      0.0645756      0.0872642       0.413453
   538        539      0.0645756      0.0872642        0.39278
   539        540      0.0645756      0.0872642       0.373141
   540        541      0.0645756      0.0872642       0.354484

                           Best        Current           Mean
Iteration   f-count         f(x)         f(x)         temperature
   541        542      0.0645756      0.0872642        0.33676
   542        543      0.0645756      0.0872642       0.319922
   543        544      0.0645756      0.0872642       0.303926
   544        545      0.0645756      0.0872642       0.288729
   545        546      0.0645756      0.0872642       0.274293
   546        547      0.0645756      0.0872642       0.260578
   547        548      0.0645756      0.0872642       0.247549
   548        549      0.0645756      0.0872642       0.235172
   549        550      0.0645756      0.0872642       0.223413
   550        551      0.0645756      0.0872642       0.212243
   551        552      0.0645756      0.0872642       0.201631
   552        553      0.0645756      0.0872642       0.191549
   553        554      0.0645756      0.0872642       0.181972
   554        555      0.0645756      0.0872642       0.172873
   555        556      0.0645756      0.0872642       0.164229
   556        557      0.0645756      0.0872642       0.156018
   557        558      0.0645756      0.0872642       0.148217
   558        559      0.0645756      0.0872642       0.140806
   559        560      0.0645756      0.0872642       0.133766
   560        561      0.0645756      0.0872642       0.127078
   561        562      0.0645756      0.0872642       0.120724
   562        563      0.0645756      0.0872642       0.114687
   563        564      0.0645756      0.0872642       0.108953
   564        565      0.0645756      0.0872642       0.103505
   565        566      0.0645756      0.0872642      0.0983302
   566        567      0.0645756      0.0872642      0.0934136
   567        568      0.0645756      0.0872642       0.088743
   568        569      0.0645756      0.0872642      0.0843058
   569        570      0.0645756      0.0872642      0.0800905
   570        571      0.0645756      0.0872642       0.076086

                           Best        Current           Mean
Iteration   f-count         f(x)         f(x)         temperature
   571        572      0.0645756      0.0872642      0.0722817
   572        573      0.0645756      0.0872642      0.0686676
   573        574      0.0645756      0.0872642      0.0652342
   574        575      0.0645756      0.0872642      0.0619725
   575        576      0.0645756      0.0872642      0.0588739
   576        577      0.0645756      0.0872642      0.0559302
   577        578      0.0645756      0.0872642      0.0531337
   578        579      0.0645756      0.0872642       0.050477
   579        580      0.0645756      0.0872642      0.0479532
   580        581      0.0645756      0.0872642      0.0455555
   581        582      0.0645756      0.0872642      0.0432777
   582        583      0.0645756      0.0872642      0.0411138
   583        584      0.0645756      0.0872642      0.0390581
   584        585      0.0645756      0.0872642      0.0371052
   585        586      0.0645756      0.0872642        0.03525
   586        587      0.0645756      0.0872642      0.0334875
   587        588      0.0645756      0.0872642      0.0318131
   588        589      0.0645756      0.0872642      0.0302224
   589        590      0.0645756      0.0872642      0.0287113
   590        591      0.0645756      0.0872642      0.0272758
   591        592      0.0645756      0.0872642       0.025912
   592        593      0.0645756      0.0872642      0.0246164
   593        594      0.0645756      0.0872642      0.0233856
   594        595      0.0645756      0.0872642      0.0222163
   595        596      0.0645756      0.0872642      0.0211055
   596        597      0.0645756      0.0872642      0.0200502
   597        598      0.0645756      0.0872642      0.0190477
   598        599      0.0645756      0.0872642      0.0180953
   599        600      0.0645756      0.0872642      0.0171905
   600        601      0.0645756      0.0872642       0.016331

                           Best        Current           Mean
Iteration   f-count         f(x)         f(x)         temperature
   601        602      0.0645756      0.0872642      0.0155145
   602        603      0.0645756      0.0872642      0.0147387
   603        604      0.0645756      0.0872642      0.0140018
   604        605      0.0645756      0.0872642      0.0133017
   605        606      0.0645756      0.0872642      0.0126366
   606        607      0.0645756      0.0872642      0.0120048
   607        608      0.0645756      0.0872642      0.0114045
   608        609      0.0645756      0.0872642      0.0108343
   609        610      0.0645756      0.0872642      0.0102926
   610        611      0.0645756      0.0872642     0.00977798
   611        612      0.0645756      0.0872642     0.00928908
   612        613      0.0645756      0.0872642     0.00882462
   613        614      0.0645756      0.0872642     0.00838339
   614        615      0.0645756      0.0872642     0.00796422
   615        616      0.0645756      0.0872642     0.00756601
   616        617      0.0645756      0.0872642     0.00718771
   617        618      0.0645756      0.0872642     0.00682833
   618        619      0.0645756      0.0872642     0.00648691
   619        620      0.0645756      0.0872642     0.00616256
   620        621      0.0645756      0.0872642     0.00585444
   621        622      0.0645756      0.0872642     0.00556171
   622        623      0.0645756      0.0872642     0.00528363
   623        624      0.0645756      0.0872642     0.00501945
   624        625      0.0645756      0.0872642     0.00476847
   625        626      0.0645756      0.0872642     0.00453005
   626        627      0.0645756      0.0872642     0.00430355
   627        628      0.0645756      0.0872642     0.00408837
   628        629      0.0645756      0.0872642     0.00388395
   629        630      0.0645756      0.0872642     0.00368975
   630        631      0.0645756      0.0872642     0.00350527

                           Best        Current           Mean
Iteration   f-count         f(x)         f(x)         temperature
   631        632      0.0645756      0.0872642        0.00333
   632        633      0.0645756      0.0872642      0.0031635
   633        634      0.0645756      0.0872642     0.00300533
   634        635      0.0645756      0.0872642     0.00285506
   635        636      0.0645756      0.0872642     0.00271231
   636        637      0.0645756      0.0872642     0.00257669
   637        638      0.0645756      0.0872642     0.00244786
   638        639      0.0645756      0.0872642     0.00232547
   639        640      0.0645756      0.0872642     0.00220919
   640        641      0.0645756      0.0872642     0.00209873
   641        642      0.0645756      0.0872642      0.0019938
   642        643      0.0645756      0.0872642     0.00189411
   643        644      0.0645756      0.0872642      0.0017994
   644        645      0.0645756      0.0872642     0.00170943
   645        646      0.0645756      0.0872642     0.00162396
   646        647      0.0645756      0.0872642     0.00154276
   647        648      0.0645756      0.0872642     0.00146562
   648        649      0.0645756      0.0872642     0.00139234
   649        650      0.0645756      0.0872642     0.00132272
   650        651      0.0645756      0.0872642     0.00125659
   651        652      0.0645756      0.0872642     0.00119376
   652        653      0.0645756      0.0872642     0.00113407
   653        654      0.0645756      0.0872642     0.00107737
   654        655      0.0645756      0.0872642      0.0010235
   655        656      0.0645756      0.0872642    0.000972324
   656        657      0.0645756      0.0872642    0.000923708
   657        658      0.0645756      0.0872642    0.000877523
   658        659      0.0645756      0.0872642    0.000833647
   659        660      0.0645756      0.0872642    0.000791964
   660        661      0.0645756      0.0872642    0.000752366

                           Best        Current           Mean
Iteration   f-count         f(x)         f(x)         temperature
   661        662      0.0645756      0.0872642    0.000714748
   662        663      0.0645756      0.0872642     0.00067901
   663        664      0.0645756      0.0872642     0.00064506
   664        665      0.0645756      0.0872642    0.000612807
   665        666      0.0645756      0.0872642    0.000582167
   666        667      0.0645756      0.0872642    0.000553058
   667        668      0.0645756      0.0872642    0.000525405
   668        669      0.0645756      0.0872642    0.000499135
   669        670      0.0645756      0.0872642    0.000474178
   670        671      0.0645756      0.0872642    0.000450469
   671        672      0.0645756      0.0872642    0.000427946
   672        673      0.0645756      0.0872642    0.000406549
   673        674      0.0645756      0.0872642    0.000386221
   674        675      0.0645756      0.0872642     0.00036691
   675        676      0.0645756      0.0872642    0.000348565
   676        677      0.0645756      0.0872642    0.000331136
   677        678      0.0645756      0.0872642     0.00031458
   678        679      0.0645756      0.0872642    0.000298851
   679        680      0.0645756      0.0872642    0.000283908
   680        681      0.0645756      0.0872642    0.000269713
   681        682      0.0645756      0.0872642    0.000256227
   682        683      0.0645756      0.0872642    0.000243416
   683        684      0.0645756      0.0872642    0.000231245
   684        685      0.0645756      0.0872642    0.000219683
   685        686      0.0645756      0.0872642    0.000208699
   686        687      0.0645756      0.0872642    0.000198264
   687        688      0.0645756      0.0872642     0.00018835
   688        689      0.0645756      0.0872642    0.000178933
   689        690      0.0645756      0.0872642    0.000169986
   690        691      0.0645756      0.0872642    0.000161487

                           Best        Current           Mean
Iteration   f-count         f(x)         f(x)         temperature
   691        692      0.0645756      0.0872642    0.000153413
   692        693      0.0645756      0.0872642    0.000145742
   693        694      0.0645756      0.0872642    0.000138455
   694        695      0.0645756      0.0872642    0.000131532
   695        696      0.0645756      0.0872642    0.000124956
   696        697      0.0645756      0.0872642    0.000118708
   697        698      0.0645756      0.0872642    0.000112772
   698        699      0.0645756      0.0872642    0.000107134
   699        700      0.0645756      0.0872642    0.000101777
   700        701      0.0645756      0.0872642    9.66882e-05
   701        702      0.0645756      0.0872642    9.18538e-05
   702        703      0.0645756      0.0872642    8.72611e-05
   703        704      0.0645756      0.0872642     8.2898e-05
   704        705      0.0645756      0.0872642    7.87531e-05
   705        706      0.0645756      0.0872642    7.48155e-05
   706        707      0.0645756      0.0872642    7.10747e-05
   707        708      0.0645756      0.0872642     6.7521e-05
   708        709      0.0645756      0.0872642    6.41449e-05
   709        710      0.0645756      0.0872642    6.09377e-05
   710        711      0.0645756      0.0872642    5.78908e-05
   711        712      0.0645756      0.0872642    5.49963e-05
   712        713      0.0645756      0.0872642    5.22464e-05
   713        714      0.0645756      0.0872642    4.96341e-05
   714        715      0.0645756      0.0872642    4.71524e-05
   715        716      0.0645756      0.0872642    4.47948e-05
   716        717      0.0645756      0.0872642    4.25551e-05
   717        718      0.0645756      0.0872642    4.04273e-05
   718        719      0.0645756      0.0872642    3.84059e-05
   719        720      0.0645756      0.0872642    3.64856e-05
   720        721      0.0645756      0.0872642    3.46614e-05

                           Best        Current           Mean
Iteration   f-count         f(x)         f(x)         temperature
   721        722      0.0645756      0.0872642    3.29283e-05
   722        723      0.0645756      0.0872642    3.12819e-05
   723        724      0.0645756      0.0872642    2.97178e-05
   724        725      0.0645756      0.0872642    2.82319e-05
   725        726      0.0645756      0.0872642    2.68203e-05
   726        727      0.0645756      0.0872642    2.54793e-05
   727        728      0.0645756      0.0872642    2.42053e-05
   728        729      0.0645756      0.0872642    2.29951e-05
   729        730      0.0645756      0.0872642    2.18453e-05
   730        731      0.0645756      0.0872642     2.0753e-05
   731        732      0.0645756      0.0872642    1.97154e-05
   732        733      0.0645756      0.0872642    1.87296e-05
   733        734      0.0645756      0.0872642    1.77931e-05
   734        735      0.0645756      0.0872642    1.69035e-05
   735        736      0.0645756      0.0872642    1.60583e-05
   736        737      0.0645756      0.0872642    1.52554e-05
   737        738      0.0645756      0.0872642    1.44926e-05
   738        739      0.0645756      0.0872642     1.3768e-05
   739        740      0.0645756      0.0872642    1.30796e-05
   740        741      0.0645756      0.0872642    1.24256e-05
   741        742      0.0645756      0.0872642    1.18043e-05
   742        743      0.0645756      0.0872642    1.12141e-05
   743        744      0.0645756      0.0872642    1.06534e-05
   744        745      0.0645756      0.0872642    1.01207e-05
   745        746      0.0645756      0.0872642     9.6147e-06
   746        747      0.0645756      0.0872642    9.13396e-06
   747        748      0.0645756      0.0872642    8.67727e-06
   748        749      0.0645756      0.0872642     8.2434e-06
   749        750      0.0645756      0.0872642    7.83123e-06
   750        751      0.0645756      0.0872642    7.43967e-06

                           Best        Current           Mean
Iteration   f-count         f(x)         f(x)         temperature
   751        752      0.0645756      0.0872642    7.06769e-06
   752        753      0.0645756      0.0872642     6.7143e-06
   753        754      0.0645756      0.0872642    6.37859e-06
   754        755      0.0645756      0.0872642    6.05966e-06
   755        756      0.0645756      0.0872642    5.75668e-06
   756        757      0.0645756      0.0872642    5.46884e-06
   757        758      0.0645756      0.0872642     5.1954e-06
   758        759      0.0645756      0.0872642    4.93563e-06
   759        760      0.0645756      0.0872642    4.68885e-06
   760        761      0.0645756      0.0872642    4.45441e-06
   761        762      0.0645756      0.0872642    4.23169e-06
   762        763      0.0645756      0.0872642     4.0201e-06
   763        764      0.0645756      0.0872642     3.8191e-06
   764        765      0.0645756      0.0872642    3.62814e-06
   765        766      0.0645756      0.0872642    3.44673e-06
   766        767      0.0645756      0.0872642     3.2744e-06
   767        768      0.0645756      0.0872642    3.11068e-06
   768        769      0.0645756      0.0872642    2.95514e-06
   769        770      0.0645756      0.0872642    2.80739e-06
   770        771      0.0645756      0.0872642    2.66702e-06
   771        772      0.0645756      0.0872642    2.53367e-06
   772        773      0.0645756      0.0872642    2.40698e-06
   773        774      0.0645756      0.0872642    2.28663e-06
   774        775      0.0645756      0.0872642     2.1723e-06
   775        776      0.0645756      0.0872642    2.06369e-06
   776        777      0.0645756      0.0872642     1.9605e-06
   777        778      0.0645756      0.0872642    1.86248e-06
   778        779      0.0645756      0.0872642    1.76935e-06
   779        780      0.0645756      0.0872642    1.68089e-06
   780        781      0.0645756      0.0872642    1.59684e-06

                           Best        Current           Mean
Iteration   f-count         f(x)         f(x)         temperature
   781        782      0.0645756      0.0872642      1.517e-06
   782        783      0.0645756      0.0872642    1.44115e-06
   783        784      0.0645756      0.0872642    1.36909e-06
   784        785      0.0645756      0.0872642    1.30064e-06
   785        786      0.0645756      0.0872642    1.23561e-06
   786        787      0.0645756      0.0872642    1.17383e-06
   787        788      0.0645756      0.0872642    1.11513e-06
   788        789      0.0645756      0.0872642    1.05938e-06
   789        790      0.0645756      0.0872642    1.00641e-06
   790        791      0.0645756      0.0872642    9.56088e-07
   791        792      0.0645756      0.0872642    9.08284e-07
   792        793      0.0645756      0.0872642    8.62869e-07
   793        794      0.0645756      0.0872642    8.19726e-07
   794        795      0.0645756      0.0872642     7.7874e-07
   795        796      0.0645756      0.0872642    7.39803e-07
   796        797      0.0645756      0.0872642    7.02813e-07
   797        798      0.0645756      0.0872642    6.67672e-07
   798        799      0.0645756      0.0872642    6.34288e-07
   799        800      0.0645756      0.0872642    6.02574e-07
   800        801      0.0645756      0.0872642    5.72445e-07
   801        802      0.0645756      0.0872642    5.43823e-07
   802        803      0.0645756      0.0872642    5.16632e-07
   803        804      0.0645756      0.0872642      4.908e-07
   804        805      0.0645756      0.0872642     4.6626e-07
   805        806      0.0645756      0.0872642    4.42947e-07
   806        807      0.0645756      0.0872642      4.208e-07
   807        808      0.0645756      0.0872642     3.9976e-07
   808        809      0.0645756      0.0872642    3.79772e-07
   809        810      0.0645756      0.0872642    3.60783e-07
   810        811      0.0645756      0.0872642    3.42744e-07

                           Best        Current           Mean
Iteration   f-count         f(x)         f(x)         temperature
   811        812      0.0645756      0.0872642    3.25607e-07
   812        813      0.0645756      0.0872642    3.09327e-07
   813        814      0.0645756      0.0872642     2.9386e-07
   814        815      0.0645756      0.0872642    2.79167e-07
   815        816      0.0645756      0.0872642    2.65209e-07
   816        817      0.0645756      0.0872642    2.51948e-07
   817        818      0.0645756      0.0872642    2.39351e-07
   818        819      0.0645756      0.0872642    2.27383e-07
   819        820      0.0645756      0.0872642    2.16014e-07
   820        821      0.0645756      0.0872642    2.05214e-07
   821        822      0.0645756      0.0872642    1.94953e-07
   822        823      0.0645756      0.0872642    1.85205e-07
   823        824      0.0645756      0.0872642    1.75945e-07
   824        825      0.0645756      0.0872642    1.67148e-07
   825        826      0.0645756      0.0872642     1.5879e-07
   826        827      0.0645756      0.0872642    1.50851e-07
   827        828      0.0645756      0.0872642    1.43308e-07
   828        829      0.0645756      0.0872642    1.36143e-07
   829        830      0.0645756      0.0872642    1.29336e-07
   830        831      0.0645756      0.0872642    1.22869e-07
   831        832      0.0645756      0.0872642    1.16725e-07
   832        833      0.0645756      0.0872642    1.10889e-07
   833        834      0.0645756      0.0872642    1.05345e-07
   834        835      0.0645756      0.0872642    1.00078e-07
   835        836      0.0645756      0.0872642    9.50736e-08
   836        837      0.0645756      0.0872642      9.032e-08
   837        838      0.0645756      0.0872642     8.5804e-08
   838        839      0.0645756      0.0872642    8.15138e-08
   839        840      0.0645756      0.0872642    7.74381e-08
   840        841      0.0645756      0.0872642    7.35662e-08

                           Best        Current           Mean
Iteration   f-count         f(x)         f(x)         temperature
   841        842      0.0645756      0.0872642    6.98879e-08
   842        843      0.0645756      0.0872642    6.63935e-08
   843        844      0.0645756      0.0872642    6.30738e-08
   844        845      0.0645756      0.0872642    5.99201e-08
   845        846      0.0645756      0.0872642    5.69241e-08
   846        847      0.0645756      0.0872642    5.40779e-08
   847        848      0.0645756      0.0872642     5.1374e-08
   848        849      0.0645756      0.0872642    4.88053e-08
   849        850      0.0645756      0.0872642     4.6365e-08
   850        851      0.0645756      0.0872642    4.40468e-08
   851        852      0.0645756      0.0872642    4.18444e-08
   852        853      0.0645756      0.0872642    3.97522e-08
   853        854      0.0645756      0.0872642    3.77646e-08
   854        855      0.0645756      0.0872642    3.58764e-08
   855        856      0.0645756      0.0872642    3.40826e-08
   856        857      0.0645756      0.0872642    3.23784e-08
   857        858      0.0645756      0.0872642    3.07595e-08
   858        859      0.0645756      0.0872642    2.92215e-08
   859        860      0.0645756      0.0872642    2.77605e-08
   860        861      0.0645756      0.0872642    2.63724e-08
   861        862      0.0645756      0.0872642    2.50538e-08
   862        863      0.0645756      0.0872642    2.38011e-08
   863        864      0.0645756      0.0872642    2.26111e-08
   864        865      0.0645756      0.0872642    2.14805e-08
   865        866      0.0645756      0.0872642    2.04065e-08
   866        867      0.0645756      0.0872642    1.93862e-08
   867        868      0.0645756      0.0872642    1.84169e-08
   868        869      0.0645756      0.0872642     1.7496e-08
   869        870      0.0645756      0.0872642    1.66212e-08
   870        871      0.0645756      0.0872642    1.57902e-08

                           Best        Current           Mean
Iteration   f-count         f(x)         f(x)         temperature
   871        872      0.0645756      0.0872642    1.50006e-08
   872        873      0.0645756      0.0872642    1.42506e-08
   873        874      0.0645756      0.0872642    1.35381e-08
   874        875      0.0645756      0.0872642    1.28612e-08
   875        876      0.0645756      0.0872642    1.22181e-08
   876        877      0.0645756      0.0872642    1.16072e-08
   877        878      0.0645756      0.0872642    1.10269e-08
   878        879      0.0645756      0.0872642    1.04755e-08
   879        880      0.0645756      0.0872642    9.95173e-09
   880        881      0.0645756      0.0872642    9.45415e-09
   881        882      0.0645756      0.0872642    8.98144e-09
   882        883      0.0645756      0.0872642    8.53237e-09
   883        884      0.0645756      0.0872642    8.10575e-09
   884        885      0.0645756      0.0872642    7.70046e-09
   885        886      0.0645756      0.0872642    7.31544e-09
   886        887      0.0645756      0.0872642    6.94967e-09
   887        888      0.0645756      0.0872642    6.60218e-09
   888        889      0.0645756      0.0872642    6.27207e-09
   889        890      0.0645756      0.0872642    5.95847e-09
   890        891      0.0645756      0.0872642    5.66055e-09
   891        892      0.0645756      0.0872642    5.37752e-09
   892        893      0.0645756      0.0872642    5.10864e-09
   893        894      0.0645756      0.0872642    4.85321e-09
   894        895      0.0645756      0.0872642    4.61055e-09
   895        896      0.0645756      0.0872642    4.38002e-09
   896        897      0.0645756      0.0872642    4.16102e-09
   897        898      0.0645756      0.0872642    3.95297e-09
   898        899      0.0645756      0.0872642    3.75532e-09
   899        900      0.0645756      0.0872642    3.56756e-09
   900        901      0.0645756      0.0872642    3.38918e-09

                           Best        Current           Mean
Iteration   f-count         f(x)         f(x)         temperature
   901        902      0.0645756      0.0872642    3.21972e-09
   902        903      0.0645756      0.0872642    3.05873e-09
   903        904      0.0645756      0.0872642     2.9058e-09
   904        905      0.0645756      0.0872642    2.76051e-09
   905        906      0.0645756      0.0872642    2.62248e-09
   906        907      0.0645756      0.0872642    2.49136e-09
   907        908      0.0645756      0.0872642    2.36679e-09
   908        909      0.0645756      0.0872642    2.24845e-09
   909        910      0.0645756      0.0872642    2.13603e-09
   910        911      0.0645756      0.0872642    2.02923e-09
   911        912      0.0645756      0.0872642    1.92777e-09
   912        913      0.0645756      0.0872642    1.83138e-09
   913        914      0.0645756      0.0872642    1.73981e-09
   914        915      0.0645756      0.0872642    1.65282e-09
   915        916      0.0645756      0.0872642    1.57018e-09
   916        917      0.0645756      0.0872642    1.49167e-09
   917        918      0.0645756      0.0872642    1.41708e-09
   918        919      0.0645756      0.0872642    1.34623e-09
   919        920      0.0645756      0.0872642    1.27892e-09
   920        921      0.0645756      0.0872642    1.21497e-09
   921        922      0.0645756      0.0872642    1.15422e-09
   922        923      0.0645756      0.0872642    1.09651e-09
   923        924      0.0645756      0.0872642    1.04169e-09
   924        925      0.0645756      0.0872642    9.89603e-10
   925        926      0.0645756      0.0872642    9.40123e-10
   926        927      0.0645756      0.0872642    8.93117e-10
   927        928      0.0645756      0.0872642    8.48461e-10
   928        929      0.0645756      0.0872642    8.06038e-10
   929        930      0.0645756      0.0872642    7.65736e-10
   930        931      0.0645756      0.0872642    7.27449e-10

                           Best        Current           Mean
Iteration   f-count         f(x)         f(x)         temperature
   931        932      0.0645756      0.0872642    6.91077e-10
   932        933      0.0645756      0.0872642    6.56523e-10
   933        934      0.0645756      0.0872642    6.23697e-10
   934        935      0.0645756      0.0872642    5.92512e-10
   935        936      0.0645756      0.0872642    5.62886e-10
   936        937      0.0645756      0.0872642    5.34742e-10
   937        938      0.0645756      0.0872642    5.08005e-10
   938        939      0.0645756      0.0872642    4.82605e-10
   939        940      0.0645756      0.0872642    4.58474e-10
   940        941      0.0645756      0.0872642    4.35551e-10
   941        942      0.0645756      0.0872642    4.13773e-10
   942        943      0.0645756      0.0872642    3.93084e-10
   943        944      0.0645756      0.0872642     3.7343e-10
   944        945      0.0645756      0.0872642    3.54759e-10
   945        946      0.0645756      0.0872642    3.37021e-10
   946        947      0.0645756      0.0872642     3.2017e-10
   947        948      0.0645756      0.0872642    3.04161e-10
   948        949      0.0645756      0.0872642    2.88953e-10
   949        950      0.0645756      0.0872642    2.74506e-10
   950        951      0.0645756      0.0872642     2.6078e-10
   951        952      0.0645756      0.0872642    2.47741e-10
   952        953      0.0645756      0.0872642    2.35354e-10
   953        954      0.0645756      0.0872642    2.23586e-10
   954        955      0.0645756      0.0872642    2.12407e-10
   955        956      0.0645756      0.0872642    2.01787e-10
   956        957      0.0645756      0.0872642    1.91697e-10
   957        958      0.0645756      0.0872642    1.82113e-10
   958        959      0.0645756      0.0872642    1.73007e-10
   959        960      0.0645756      0.0872642    1.64357e-10
   960        961      0.0645756      0.0872642    1.56139e-10

                           Best        Current           Mean
Iteration   f-count         f(x)         f(x)         temperature
   961        962      0.0645756      0.0872642    1.48332e-10
   962        963      0.0645756      0.0872642    1.40915e-10
   963        964      0.0645756      0.0872642    1.33869e-10
   964        965      0.0645756      0.0872642    1.27176e-10
   965        966      0.0645756      0.0872642    1.20817e-10
   966        967      0.0645756      0.0872642    1.14776e-10
   967        968      0.0645756      0.0872642    1.09038e-10
   968        969      0.0645756      0.0872642    1.03586e-10
   969        970      0.0645756      0.0872642    9.84064e-11
   970        971      0.0645756      0.0872642    9.34861e-11
   971        972      0.0645756      0.0872642    8.88118e-11
   972        973      0.0645756      0.0872642    8.43712e-11
   973        974      0.0645756      0.0872642    8.01526e-11
   974        975      0.0645756      0.0872642     7.6145e-11
   975        976      0.0645756      0.0872642    7.23377e-11
   976        977      0.0645756      0.0872642    6.87208e-11
   977        978      0.0645756      0.0872642    6.52848e-11
   978        979      0.0645756      0.0872642    6.20206e-11
   979        980      0.0645756      0.0872642    5.89195e-11
   980        981      0.0645756      0.0872642    5.59736e-11
   981        982      0.0645756      0.0872642    5.31749e-11
   982        983      0.0645756      0.0872642    5.05161e-11
   983        984      0.0645756      0.0872642    4.79903e-11
   984        985      0.0645756      0.0872642    4.55908e-11
   985        986      0.0645756      0.0872642    4.33113e-11
   986        987      0.0645756      0.0872642    4.11457e-11
   987        988      0.0645756      0.0872642    3.90884e-11
   988        989      0.0645756      0.0872642     3.7134e-11
   989        990      0.0645756      0.0872642    3.52773e-11
   990        991      0.0645756      0.0872642    3.35134e-11

                           Best        Current           Mean
Iteration   f-count         f(x)         f(x)         temperature
   991        992      0.0645756      0.0872642    3.18378e-11
   992        993      0.0645756      0.0872642    3.02459e-11
   993        994      0.0645756      0.0872642    2.87336e-11
   994        995      0.0645756      0.0872642    2.72969e-11
   995        996      0.0645756      0.0872642    2.59321e-11
   996        997      0.0645756      0.0872642    2.46355e-11
   997        998      0.0645756      0.0872642    2.34037e-11
   998        999      0.0645756      0.0872642    2.22335e-11
   999       1000      0.0645756      0.0872642    2.11218e-11
  1000       1001      0.0645756      0.0872642    2.00657e-11
  1001       1002      0.0645756      0.0872642    1.90624e-11
  1002       1003      0.0645756      0.0872642    1.81093e-11
  1003       1004      0.0645756      0.0872642    1.72039e-11
  1004       1005      0.0645756      0.0872642    1.63437e-11
  1005       1006      0.0645756      0.0872642    1.55265e-11
  1006       1007      0.0645756      0.0872642    1.47502e-11
  1007       1008      0.0645756      0.0872642    1.40126e-11
  1008       1009      0.0645756      0.0872642     1.3312e-11
  1009       1010      0.0645756      0.0872642    1.26464e-11
  1010       1011      0.0645756      0.0872642    1.20141e-11
  1011       1012      0.0645756      0.0872642    1.14134e-11
  1012       1013      0.0645756      0.0872642    1.08427e-11
  1013       1014      0.0645756      0.0872642    1.03006e-11
  1014       1015      0.0645756      0.0872642    9.78556e-12
  1015       1016      0.0645756      0.0872642    9.29628e-12
  1016       1017      0.0645756      0.0872642    8.83146e-12
  1017       1018      0.0645756      0.0872642    8.38989e-12
  1018       1019      0.0645756      0.0872642     7.9704e-12
  1019       1020      0.0645756      0.0872642    7.57188e-12
  1020       1021      0.0645756      0.0872642    7.19328e-12

                           Best        Current           Mean
Iteration   f-count         f(x)         f(x)         temperature
  1021       1022      0.0645756      0.0872642    6.83362e-12
  1022       1023      0.0645756      0.0872642    6.49194e-12
  1023       1024      0.0645756      0.0872642    6.16734e-12
  1024       1025      0.0645756      0.0872642    5.85897e-12
  1025       1026      0.0645756      0.0872642    5.56602e-12
  1026       1027      0.0645756      0.0872642    5.28772e-12
  1027       1028      0.0645756      0.0872642    5.02334e-12
  1028       1029      0.0645756      0.0872642    4.77217e-12
  1029       1030      0.0645756      0.0872642    4.53356e-12
  1030       1031      0.0645756      0.0872642    4.30688e-12
  1031       1032      0.0645756      0.0872642    4.09154e-12
  1032       1033      0.0645756      0.0872642    3.88696e-12
  1033       1034      0.0645756      0.0872642    3.69261e-12
  1034       1035      0.0645756      0.0872642    3.50798e-12
  1035       1036      0.0645756      0.0872642    3.33258e-12
  1036       1037      0.0645756      0.0872642    3.16596e-12
  1037       1038      0.0645756      0.0872642    3.00766e-12
  1038       1039      0.0645756      0.0872642    2.85727e-12
  1039       1040      0.0645756      0.0872642    2.71441e-12
  1040       1041      0.0645756      0.0872642    2.57869e-12
  1041       1042      0.0645756      0.0872642    2.44976e-12
  1042       1043      0.0645756      0.0872642    2.32727e-12
  1043       1044      0.0645756      0.0872642     2.2109e-12
  1044       1045      0.0645756      0.0872642    2.10036e-12
  1045       1046      0.0645756      0.0872642    1.99534e-12
  1046       1047      0.0645756      0.0872642    1.89557e-12
  1047       1048      0.0645756      0.0872642     1.8008e-12
  1048       1049      0.0645756      0.0872642    1.71076e-12
  1049       1050      0.0645756      0.0872642    1.62522e-12
  1050       1051      0.0645756      0.0872642    1.54396e-12

                           Best        Current           Mean
Iteration   f-count         f(x)         f(x)         temperature
  1051       1052      0.0645756      0.0872642    1.46676e-12
  1052       1053      0.0645756      0.0872642    1.39342e-12
  1053       1054      0.0645756      0.0872642    1.32375e-12
  1054       1055      0.0645756      0.0872642    1.25756e-12
  1055       1056      0.0645756      0.0872642    1.19468e-12
  1056       1057      0.0645756      0.0872642    1.13495e-12
  1057       1058      0.0645756      0.0872642     1.0782e-12
  1058       1059      0.0645756      0.0872642    1.02429e-12
  1059       1060      0.0645756      0.0872642    9.73078e-13
  1060       1061      0.0645756      0.0872642    9.24424e-13
  1061       1062      0.0645756      0.0872642    8.78203e-13
  1062       1063      0.0645756      0.0872642    8.34293e-13
  1063       1064      0.0645756      0.0872642    7.92578e-13
  1064       1065      0.0645756      0.0872642    7.52949e-13
  1065       1066      0.0645756      0.0872642    7.15302e-13
  1066       1067      0.0645756      0.0872642    6.79537e-13
  1067       1068      0.0645756      0.0872642     6.4556e-13
  1068       1069      0.0645756      0.0872642    6.13282e-13
  1069       1070      0.0645756      0.0872642    5.82618e-13
  1070       1071      0.0645756      0.0872642    5.53487e-13
  1071       1072      0.0645756      0.0872642    5.25813e-13
  1072       1073      0.0645756      0.0872642    4.99522e-13
  1073       1074      0.0645756      0.0872642    4.74546e-13
  1074       1075      0.0645756      0.0872642    4.50819e-13
  1075       1076      0.0645756      0.0872642    4.28278e-13
  1076       1077      0.0645756      0.0872642    4.06864e-13
  1077       1078      0.0645756      0.0872642    3.86521e-13
  1078       1079      0.0645756      0.0872642    3.67195e-13
  1079       1080      0.0645756      0.0872642    3.48835e-13
  1080       1081      0.0645756      0.0872642    3.31393e-13

                           Best        Current           Mean
Iteration   f-count         f(x)         f(x)         temperature
  1081       1082      0.0645756      0.0872642    3.14823e-13
  1082       1083      0.0645756      0.0872642    2.99082e-13
  1083       1084      0.0645756      0.0872642    2.84128e-13
  1084       1085      0.0645756      0.0872642    2.69922e-13
  1085       1086      0.0645756      0.0872642    2.56426e-13
  1086       1087      0.0645756      0.0872642    2.43604e-13
  1087       1088      0.0645756      0.0872642    2.31424e-13
  1088       1089      0.0645756      0.0872642    2.19853e-13
  1089       1090      0.0645756      0.0872642     2.0886e-13
  1090       1091      0.0645756      0.0872642    1.98417e-13
  1091       1092      0.0645756      0.0872642    1.88496e-13
  1092       1093      0.0645756      0.0872642    1.79072e-13
  1093       1094      0.0645756      0.0872642    1.70118e-13
  1094       1095      0.0645756      0.0872642    1.61612e-13
  1095       1096      0.0645756      0.0872642    1.53532e-13
  1096       1097      0.0645756      0.0872642    1.45855e-13
  1097       1098      0.0645756      0.0872642    1.38562e-13
  1098       1099      0.0645756      0.0872642    1.31634e-13
  1099       1100      0.0645756      0.0872642    1.25052e-13
  1100       1101      0.0645756      0.0872642      1.188e-13
  1101       1102      0.0645756      0.0872642     1.1286e-13
  1102       1103      0.0645756      0.0872642    1.07217e-13
  1103       1104      0.0645756      0.0872642    1.01856e-13
  1104       1105      0.0645756      0.0872642    9.67631e-14
  1105       1106      0.0645756      0.0872642     9.1925e-14
  1106       1107      0.0645756      0.0872642    8.73287e-14
  1107       1108      0.0645756      0.0872642    8.29623e-14
  1108       1109      0.0645756      0.0872642    7.88142e-14
  1109       1110      0.0645756      0.0872642    7.48735e-14
  1110       1111      0.0645756      0.0872642    7.11298e-14

                           Best        Current           Mean
Iteration   f-count         f(x)         f(x)         temperature
  1111       1112      0.0645756      0.0872642    6.75733e-14
  1112       1113      0.0645756      0.0872642    6.41946e-14
  1113       1114      0.0645756      0.0872642    6.09849e-14
  1114       1115      0.0645756      0.0872642    5.79357e-14
  1115       1116      0.0645756      0.0872642    5.50389e-14
  1116       1117      0.0645756      0.0872642    5.22869e-14
  1117       1118      0.0645756      0.0872642    4.96726e-14
  1118       1119      0.0645756      0.0872642     4.7189e-14
  1119       1120      0.0645756      0.0872642    4.48295e-14
  1120       1121      0.0645756      0.0872642     4.2588e-14
  1121       1122      0.0645756      0.0872642    4.04586e-14
  1122       1123      0.0645756      0.0872642    3.84357e-14
  1123       1124      0.0645756      0.0872642    3.65139e-14
  1124       1125      0.0645756      0.0872642    3.46882e-14
  1125       1126      0.0645756      0.0872642    3.29538e-14
  1126       1127      0.0645756      0.0872642    3.13061e-14
  1127       1128      0.0645756      0.0872642    2.97408e-14
  1128       1129      0.0645756      0.0872642    2.82538e-14
  1129       1130      0.0645756      0.0872642    2.68411e-14
  1130       1131      0.0645756      0.0872642     2.5499e-14
  1131       1132      0.0645756      0.0872642    2.42241e-14
  1132       1133      0.0645756      0.0872642    2.30129e-14
  1133       1134      0.0645756      0.0872642    2.18622e-14
  1134       1135      0.0645756      0.0872642    2.07691e-14
  1135       1136      0.0645756      0.0872642    1.97307e-14
  1136       1137      0.0645756      0.0872642    1.87441e-14
  1137       1138      0.0645756      0.0872642    1.78069e-14
  1138       1139      0.0645756      0.0872642    1.69166e-14
  1139       1140      0.0645756      0.0872642    1.60708e-14
  1140       1141      0.0645756      0.0872642    1.52672e-14

                           Best        Current           Mean
Iteration   f-count         f(x)         f(x)         temperature
  1141       1142      0.0645756      0.0872642    1.45039e-14
  1142       1143      0.0645756      0.0872642    1.37787e-14
  1143       1144      0.0645756      0.0872642    1.30897e-14
  1144       1145      0.0645756      0.0872642    1.24352e-14
Optimization terminated: change in best function value less than options.TolFun.

vetor =

    2.0000   60.0000    0.3000    1.5200


	 HdL: 2.000  t1dt0: 60.000  L1dL0: 0.300  Alpha: 1.520
