\nSimulated Annealing...Discreted\n

	 Fitness Limit : -Inf
Diagnostic information.
	objective function = @sa_cav_y_4dof
	X0 = [  10 150 0.05 1.25 ]
Modified options:
	options.AnnealingFcn = @d_annealing_c4
	options.TemperatureFcn = @tempboltzexp
	options.StallIterLimit = 1000
	options.InitialTemperature = [  100 100 100 100 ]
	options.Display = 'diagnose'
	options.ReannealInterval = 25
	options.DisplayInterval = 1 
	options.AcceptanceFcn = @acceptancesa
End of diagnostic information.


                           Best        Current           Mean
Iteration   f-count         f(x)         f(x)         temperature
     0          1            Inf            Inf            100
     1          2       0.136512       0.136512         144.27
     2          3      0.0901341      0.0901341        91.0239
     3          4      0.0901341       0.156042        72.1348
     4          5      0.0901341       0.143559        62.1335
     5          6      0.0901341       0.143559        55.8111
     6          7      0.0901341        3.43714        51.3898
     7          8      0.0901341       0.103623        48.0898
     8          9      0.0901341       0.170512         45.512
     9         10      0.0901341       0.159615        43.4294
    10         11      0.0901341        0.53941        41.7032
    11         12      0.0901341       0.519624         40.243
    12         13      0.0901341       0.519624        38.9871
    13         14      0.0891466      0.0891466        37.8923
    14         15      0.0891466        3.14054        36.9269
    15         16      0.0891466        3.14054        36.0674
    16         17      0.0891466        2.38845        35.2956
    17         18      0.0891466        2.38845        34.5976
    18         19      0.0891466        1.25016        33.9623
    19         20      0.0891466       0.293663        33.3808
    20         21      0.0891466       0.306006        32.8459
    21         22      0.0891466       0.119053        32.3515
    22         23      0.0891466        1.69404        31.8929
    23         24      0.0891466        0.91226        31.4658
    24         25      0.0891466       0.345661        31.0667
    25         26      0.0891466       0.345661        30.6928
    26         27      0.0891466       0.345661        30.3413
    27         28      0.0891466       0.345661        30.0102
    28         29      0.0891466       0.345661        29.6974
    29         30      0.0891466       0.345661        29.4014
    30         31      0.0891466       0.345661        29.1207

                           Best        Current           Mean
Iteration   f-count         f(x)         f(x)         temperature
    31         32      0.0891466       0.345661        28.8539
    32         33      0.0891466       0.345661           28.6
    33         34      0.0891466       0.345661        28.3578
    34         35      0.0891466       0.345661        28.1266
    35         36      0.0891466       0.345661        27.9055
    36         37      0.0891466       0.345661        27.6938
    37         38      0.0891466       0.345661        27.4908
    38         39      0.0891466       0.345661        27.2958
    39         40      0.0891466       0.345661        27.1085
    40         41      0.0891466       0.345661        26.9283
    41         42      0.0891466       0.345661        26.7546
    42         43      0.0891466       0.345661        26.5873
    43         44      0.0891466       0.345661        26.4257
    44         45      0.0891466       0.345661        26.2697
    45         46      0.0891466       0.345661        26.1189
    46         47      0.0891466       0.345661         25.973
    47         48      0.0891466       0.345661        25.8318
    48         49      0.0891466       0.345661        25.6949
    49         50      0.0891466       0.345661        25.5622
    50         51      0.0891466       0.345661        25.4335
    51         52      0.0891466       0.345661        25.3085
    52         53      0.0891466       0.345661        25.1871
    53         54      0.0891466       0.345661         25.069
    54         55      0.0891466       0.345661        24.9543
    55         56      0.0891466       0.345661        24.8425
    56         57      0.0891466       0.345661        24.7338
    57         58      0.0891466       0.345661        24.6279
    58         59      0.0891466       0.345661        24.5246
    59         60      0.0891466       0.345661        24.4239
    60         61      0.0891466       0.345661        24.3257

                           Best        Current           Mean
Iteration   f-count         f(x)         f(x)         temperature
    61         62      0.0891466       0.345661        24.2299
    62         63      0.0891466       0.345661        24.1363
    63         64      0.0891466       0.345661        24.0449
    64         65      0.0891466       0.345661        23.9556
    65         66      0.0891466       0.345661        23.8683
    66         67      0.0891466       0.345661         23.783
    67         68      0.0891466       0.345661        23.6994
    68         69      0.0891466       0.345661        23.6177
    69         70      0.0891466       0.345661        23.5377
    70         71      0.0891466       0.345661        23.4594
    71         72      0.0891466       0.345661        23.3827
    72         73      0.0891466       0.345661        23.3075
    73         74      0.0891466       0.345661        23.2338
    74         75      0.0891466       0.345661        23.1616
    75         76      0.0891466       0.345661        23.0908
    76         77      0.0891466       0.345661        23.0213
{Operation terminated by user during cav_yg (line 37)


In d_annealing_c4 (line 139)
			cav_yg([schedule(1) schedule(3) schedule(2) schedule(4)]);

In sanewpoint (line 18)
     newx(:) = options.AnnealingFcn(optimvalues,problem);

In saengine (line 30)
    solverData = sanewpoint(solverData,problem,options);

In simulanneal (line 51)
solverData = saengine(solverData,problem,options);

In simulannealbnd (line 122)
[x, fval, exitflag, output] = simulanneal(FUN, x0, [], [], [], [], lb, ub, options);

In d_sa_cav_y4 (line 20)
[x,fval,exitflag,output] = ...

In dopt_sa_cavy_4 (line 101)
vetor = d_sa_cav_y4(fun,x0,d,s,rs,optValue,modeltemp);
} 
dopt_sa_cavy_4(.3,.05,@tempboltzexp)

x0 =

    2.0000   80.0000    0.3000    1.2900

