
Simulated Annealing...
 Double Vector

optValue =

    0.0611


Diagnostic information.
	objective function = @sa_cav_y_2dof
	X0 = [  0.001 1 ]
Modified options:
	options.TemperatureFcn = @temperaturefast
	options.StallIterLimit = 300
	options.Display = 'diagnose'
	options.DisplayInterval = 1 
End of diagnostic information.


                           Best        Current           Mean
Iteration   f-count         f(x)         f(x)         temperature
     0          1       0.319246       0.319246            100
     1          2       0.319246       0.319246             50
     2          3       0.215754       0.215754        33.3333
     3          4      0.0952732      0.0952732             25
     4          5      0.0952732      0.0952732             20
     5          6      0.0952732       0.108034        16.6667
     6          7      0.0952732       0.120116        14.2857
     7          8      0.0952732      0.0968358           12.5
     8          9      0.0952732      0.0968358        11.1111
     9         10      0.0952732      0.0968358             10
    10         11      0.0952732      0.0968358        9.09091
    11         12      0.0952732       0.228805        8.33333
    12         13      0.0952732       0.228805        7.69231
    13         14      0.0952732       0.203694        7.14286
    14         15      0.0952732       0.169505        6.66667
    15         16      0.0952732       0.169505           6.25
    16         17      0.0952732       0.133443        5.88235
    17         18      0.0952732       0.133301        5.55556
    18         19      0.0922186      0.0922186        5.26316
    19         20      0.0922186      0.0922186              5
    20         21      0.0919773      0.0919773         4.7619
    21         22      0.0919773      0.0919773        4.54545
    22         23      0.0919773      0.0919773        4.34783
    23         24      0.0919773      0.0919773        4.16667
    24         25      0.0919773      0.0919773              4
    25         26      0.0919773      0.0919773        3.84615
    26         27      0.0919773       0.093849         3.7037
    27         28      0.0919773       0.093849        3.57143
    28         29      0.0919773       0.093849        3.44828
    29         30      0.0919773       0.106753        3.33333
    30         31      0.0919773      0.0993059        3.22581

                           Best        Current           Mean
Iteration   f-count         f(x)         f(x)         temperature
    31         32      0.0919773       0.122319          3.125
    32         33      0.0919773       0.127457         3.0303
    33         34      0.0919773       0.127457        2.94118
    34         35      0.0846012      0.0846012        2.85714
    35         36      0.0846012      0.0846012        2.77778
    36         37      0.0846012      0.0846012         2.7027
    37         38      0.0846012      0.0846012        2.63158
    38         39      0.0808389      0.0808389         2.5641
    39         40      0.0808389       0.191817            2.5
    40         41      0.0808389       0.191141        2.43902
    41         42      0.0808389       0.252378        2.38095
    42         43      0.0808389       0.218459        2.32558
    43         44      0.0808389       0.226453        2.27273
    44         45      0.0808389       0.134685        2.22222
    45         46      0.0808389      0.0954176        2.17391
    46         47      0.0808389      0.0954176        2.12766
    47         48      0.0808389      0.0954176        2.08333
    48         49      0.0808389      0.0954176        2.04082
    49         50      0.0808389      0.0930159              2
    50         51      0.0808389      0.0930159        1.96078
    51         52      0.0808389      0.0922763        1.92308
    52         53      0.0808389      0.0922763        1.88679
    53         54      0.0808389      0.0962668        1.85185
    54         55      0.0808389      0.0962668        1.81818
    55         56      0.0808389      0.0962668        1.78571
    56         57      0.0808389      0.0962668        1.75439
    57         58      0.0808389       0.125054        1.72414
    58         59      0.0808389       0.125054        1.69492
    59         60      0.0808389        0.11767        1.66667
    60         61      0.0808389        0.11767        1.63934

                           Best        Current           Mean
Iteration   f-count         f(x)         f(x)         temperature
    61         62      0.0808389        0.11767         1.6129
    62         63      0.0808389        0.11767         1.5873
    63         64      0.0808389        0.11399         1.5625
    64         65      0.0808389        0.11399        1.53846
    65         66      0.0808389       0.188366        1.51515
    66         67      0.0808389        0.22451        1.49254
    67         68      0.0808389       0.210977        1.47059
    68         69      0.0808389       0.282489        1.44928
    69         70      0.0808389       0.282489        1.42857
    70         71      0.0808389       0.300331        1.40845
    71         72      0.0808389      0.0863694        1.38889
    72         73      0.0808389       0.085033        1.36986
    73         74      0.0808389       0.085033        1.35135
    74         75      0.0808389       0.085033        1.33333
    75         76      0.0808389       0.085033        1.31579
    76         77      0.0808389       0.085033         1.2987
    77         78      0.0808389      0.0960961        1.28205
    78         79      0.0782706      0.0782706        1.26582
    79         80      0.0782706      0.0782706           1.25
    80         81      0.0782706      0.0782706        1.23457
    81         82      0.0782706      0.0782706        1.21951
    82         83      0.0782706      0.0782711        1.20482
    83         84      0.0782706      0.0782711        1.19048
    84         85      0.0782706      0.0800201        1.17647
    85         86      0.0782706        0.30403        1.16279
    86         87      0.0782706       0.212701        1.14943
    87         88      0.0782706       0.316993        1.13636
    88         89      0.0782706       0.317864         1.1236
    89         90      0.0782706       0.249337        1.11111
    90         91      0.0782706      0.0926118         1.0989

                           Best        Current           Mean
Iteration   f-count         f(x)         f(x)         temperature
    91         92      0.0782706      0.0926118        1.08696
    92         93      0.0782706      0.0926118        1.07527
    93         94      0.0782706      0.0969065        1.06383
    94         95      0.0782706      0.0959568        1.05263
    95         96      0.0782706      0.0959568        1.04167
    96         97      0.0782706        0.10182        1.03093
    97         98      0.0782706      0.0922928        1.02041
    98         99      0.0782706      0.0983071         1.0101
    99        100      0.0782706      0.0983071              1
   100        101      0.0782706      0.0983071       0.990099
   101        102      0.0782706      0.0983071       0.980392
   102        103      0.0782706      0.0983071       0.970874
   103        104      0.0782706      0.0983071       0.961538
   104        105      0.0782706        0.10777       0.952381
   105        106      0.0782706      0.0924776       0.943396
   106        107      0.0782706      0.0924776       0.934579
   107        108      0.0782706      0.0924776       0.925926
   108        109      0.0782706      0.0924776       0.917431
   109        110      0.0782706      0.0924776       0.909091
   110        111      0.0782706      0.0924776       0.900901
   111        112      0.0782706      0.0956672       0.892857
   112        113      0.0782706      0.0956672       0.884956
   113        114      0.0782706      0.0973339       0.877193
   114        115      0.0782706      0.0973339       0.869565
   115        116      0.0782706      0.0973339       0.862069
   116        117      0.0782706      0.0973339       0.854701
   117        118      0.0782706      0.0973339       0.847458
   118        119      0.0782706      0.0973339       0.840336
   119        120      0.0782706      0.0973339       0.833333
   120        121      0.0782706      0.0973339       0.826446

                           Best        Current           Mean
Iteration   f-count         f(x)         f(x)         temperature
   121        122      0.0782706      0.0973339       0.819672
   122        123      0.0782706       0.119109       0.813008
   123        124      0.0782706       0.119109       0.806452
   124        125      0.0782706       0.264786            0.8
   125        126      0.0782706       0.264786       0.793651
   126        127      0.0782706       0.249774       0.787402
   127        128      0.0782706       0.249774        0.78125
   128        129      0.0782706       0.249774       0.775194
   129        130      0.0782706       0.263094       0.769231
   130        131      0.0782706       0.152629       0.763359
   131        132      0.0782706      0.0879086       0.757576
   132        133      0.0782706      0.0879086        0.75188
   133        134      0.0782706       0.118138       0.746269
   134        135      0.0782706       0.118138       0.740741
   135        136      0.0782706       0.109872       0.735294
   136        137      0.0782706       0.109872       0.729927
   137        138      0.0782706       0.109872       0.724638
   138        139      0.0782706       0.109872       0.719424
   139        140      0.0782706       0.109872       0.714286
   140        141      0.0782706       0.109872        0.70922
   141        142      0.0782706      0.0854222       0.704225
   142        143      0.0782706      0.0854222       0.699301
   143        144      0.0782706      0.0854222       0.694444
   144        145      0.0782706      0.0854222       0.689655
   145        146      0.0782706       0.107539       0.684932
   146        147      0.0782706       0.107539       0.680272
   147        148      0.0782706       0.127038       0.675676
   148        149      0.0782706       0.127038       0.671141
   149        150      0.0782706      0.0813114       0.666667
   150        151      0.0782706      0.0813114       0.662252

                           Best        Current           Mean
Iteration   f-count         f(x)         f(x)         temperature
   151        152      0.0782706       0.178439       0.657895
   152        153      0.0782706       0.130154       0.653595
   153        154      0.0782706       0.232288       0.649351
   154        155      0.0782706       0.220324       0.645161
   155        156      0.0782706      0.0927719       0.641026
   156        157      0.0782706      0.0927719       0.636943
   157        158      0.0782706      0.0927719       0.632911
   158        159      0.0782706      0.0920116       0.628931
   159        160      0.0782706      0.0920116          0.625
   160        161      0.0782706      0.0927315       0.621118
   161        162      0.0782706      0.0929666       0.617284
   162        163      0.0782706      0.0929666       0.613497
   163        164      0.0782706      0.0929666       0.609756
   164        165      0.0782706      0.0909588       0.606061
   165        166      0.0782706      0.0909588        0.60241
   166        167      0.0782706      0.0909588       0.598802
   167        168      0.0782706      0.0909588       0.595238
   168        169      0.0782706      0.0909588       0.591716
   169        170      0.0782706       0.109969       0.588235
   170        171      0.0782706       0.106359       0.584795
   171        172      0.0782706      0.0955316       0.581395
   172        173      0.0782706      0.0955316       0.578035
   173        174      0.0782706       0.157608       0.574713
   174        175      0.0782706       0.157608       0.571429
   175        176      0.0782706       0.157608       0.568182
   176        177      0.0782706       0.154316       0.564972
   177        178      0.0782706       0.205515       0.561798
   178        179      0.0782706       0.185148       0.558659
   179        180      0.0782706       0.185148       0.555556
   180        181      0.0782706       0.185193       0.552486

                           Best        Current           Mean
Iteration   f-count         f(x)         f(x)         temperature
   181        182      0.0782706       0.179165       0.549451
   182        183      0.0782706       0.146297       0.546448
   183        184      0.0782706        0.13138       0.543478
   184        185      0.0782706        0.13138       0.540541
   185        186      0.0782706        0.13138       0.537634
   186        187      0.0782706       0.091737       0.534759
   187        188      0.0782706       0.172841       0.531915
   188        189      0.0782706       0.172841       0.529101
   189        190      0.0782706       0.172841       0.526316
   190        191      0.0782706       0.207501        0.52356
   191        192      0.0782706       0.117192       0.520833
   192        193      0.0782706       0.117192       0.518135
   193        194      0.0782706      0.0785989       0.515464
   194        195      0.0782706       0.104454       0.512821
   195        196      0.0782706       0.104454       0.510204
   196        197      0.0782706       0.104454       0.507614
   197        198      0.0782706        0.11982       0.505051
   198        199      0.0782706      0.0949056       0.502513
*  199        202      0.0782706        0.24292        21.1315
   200        203      0.0782706       0.172789        17.4169
   201        204      0.0782706       0.104504         14.819
   202        205       0.072727       0.072727        12.8983
   203        206       0.072727       0.072727        11.4198
   204        207       0.072727       0.072727        10.2462
   205        208       0.072727       0.072727         9.2918
   206        209       0.072727       0.072727        8.50037
   207        210       0.072727       0.072727        7.83336
   208        211      0.0707997      0.0707997        7.26355
   209        212      0.0707997      0.0707997        6.77111
   210        213      0.0678839      0.0678839        6.34126

                           Best        Current           Mean
Iteration   f-count         f(x)         f(x)         temperature
   211        214      0.0678839       0.296383        5.96278
   212        215      0.0678839       0.284976        5.62697
   213        216      0.0678839       0.132524        5.32699
   214        217      0.0678839       0.132524        5.05739
   215        218      0.0678839      0.0769229        4.81379
   216        219      0.0678839      0.0769229        4.59259
   217        220      0.0678839      0.0769229        4.39083
   218        221      0.0678839      0.0769229        4.20606
   219        222      0.0678839      0.0769229        4.03622
   220        223      0.0678839       0.188468        3.87957
   221        224      0.0678839       0.188468        3.73463
   222        225      0.0678839       0.307104        3.60013
   223        226      0.0678839       0.308466        3.47499
   224        227      0.0678839       0.101949        3.35825
   225        228      0.0678839      0.0966208        3.24911
   226        229      0.0678839      0.0966208        3.14684
   227        230      0.0678839       0.201906        3.05081
   228        231      0.0678839       0.156109        2.96047
   229        232      0.0678839       0.159525        2.87533
   230        233      0.0678839       0.136126        2.79495
   231        234      0.0678839       0.136126        2.71894
   232        235      0.0678839      0.0873662        2.64696
   233        236      0.0678839      0.0866078        2.57869
   234        237      0.0678839      0.0866078        2.51385
   235        238      0.0678839      0.0866078         2.4522
   236        239      0.0678839      0.0866078         2.3935
   237        240      0.0678839        0.29016        2.33754
   238        241      0.0678839       0.280373        2.28414
   239        242      0.0678839       0.181672        2.23313
   240        243      0.0678839       0.181672        2.18434

                           Best        Current           Mean
Iteration   f-count         f(x)         f(x)         temperature
   241        244      0.0678839        0.26905        2.13764
   242        245      0.0678839       0.235261         2.0929
   243        246      0.0678839        0.14143        2.04999
   244        247      0.0678839        0.13679         2.0088
   245        248      0.0678839       0.133905        1.96924
   246        249      0.0678839       0.133905        1.93121
   247        250      0.0678839       0.102498        1.89462
   248        251      0.0678839       0.102498        1.85938
   249        252      0.0678839      0.0781178        1.82544
   250        253      0.0678839       0.128867        1.79271
   251        254      0.0678839      0.0973729        1.76114
   252        255      0.0678839      0.0973729        1.73066
   253        256      0.0678839      0.0973729        1.70121
   254        257      0.0678839      0.0938456        1.67275
   255        258      0.0678839      0.0938456        1.64523
   256        259      0.0678839      0.0934449         1.6186
   257        260      0.0678839       0.104565        1.59281
   258        261      0.0678839       0.208598        1.56784
   259        262      0.0678839       0.163652        1.54364
   260        263      0.0678839       0.228476        1.52017
   261        264      0.0678839      0.0810079        1.49741
   262        265      0.0678839      0.0810079        1.47531
   263        266      0.0678839      0.0810079        1.45386
   264        267      0.0678839      0.0930857        1.43303
   265        268      0.0678839       0.131929        1.41278
   266        269      0.0678839       0.131929         1.3931
   267        270      0.0678839        0.13101        1.37396
   268        271      0.0678839      0.0973106        1.35533
   269        272      0.0678839      0.0973106        1.33721
   270        273      0.0678839      0.0973106        1.31956

                           Best        Current           Mean
Iteration   f-count         f(x)         f(x)         temperature
   271        274      0.0678839      0.0975286        1.30238
   272        275      0.0678839      0.0973434        1.28563
   273        276      0.0678839      0.0973434        1.26931
   274        277      0.0678839      0.0973434         1.2534
   275        278      0.0678839      0.0734395        1.23789
   276        279      0.0678839      0.0734395        1.22275
   277        280      0.0678839      0.0734395        1.20798
   278        281      0.0678839      0.0734395        1.19356
   279        282      0.0678839       0.228817        1.17948
   280        283      0.0678839       0.174606        1.16573
   281        284      0.0678839       0.170897         1.1523
   282        285      0.0678839       0.144688        1.13917
   283        286      0.0678839       0.144688        1.12634
   284        287      0.0678839       0.144688        1.11379
   285        288      0.0678839       0.144688        1.10153
   286        289      0.0678839       0.144688        1.08952
   287        290      0.0678839       0.100428        1.07778
   288        291      0.0678839       0.100428        1.06629
   289        292      0.0678839       0.269108        1.05504
   290        293      0.0678839       0.273527        1.04402
   291        294      0.0678839        0.30279        1.03324
   292        295      0.0678839       0.209602        1.02267
   293        296      0.0678839       0.245135        1.01232
   294        297      0.0678839       0.089569        1.00217
   295        298      0.0678839       0.089569       0.992226
   296        299      0.0678839       0.089569       0.982477
   297        300      0.0678839      0.0855133       0.972919
   298        301      0.0678839      0.0855133       0.963544
   299        302      0.0678839      0.0855133       0.954348
   300        303      0.0678839      0.0855133       0.945326

                           Best        Current           Mean
Iteration   f-count         f(x)         f(x)         temperature
   301        304      0.0678839      0.0855133       0.936473
   302        305      0.0678839      0.0855133       0.927785
   303        306      0.0678839      0.0855133       0.919256
   304        307      0.0678839      0.0946716       0.910882
   305        308      0.0678839      0.0946716        0.90266
   306        309      0.0678839      0.0946716       0.894585
   307        310      0.0678839       0.091232       0.886653
   308        311      0.0678839       0.091232        0.87886
   309        312      0.0678839       0.091232       0.871203
   310        313      0.0678839       0.112483       0.863679
   311        314      0.0678839      0.0937267       0.856283
   312        315      0.0678839      0.0935129       0.849013
   313        316      0.0678839      0.0935129       0.841865
   314        317      0.0678839      0.0935129       0.834837
   315        318      0.0678839      0.0935129       0.827925
   316        319      0.0678839      0.0965844       0.821126
   317        320      0.0678839      0.0987199       0.814439
   318        321      0.0678839      0.0987199       0.807859
   319        322      0.0678839      0.0987199       0.801385
   320        323      0.0678839       0.150872       0.795014
   321        324      0.0678839       0.150872       0.788743
   322        325      0.0678839       0.082222        0.78257
   323        326      0.0678839      0.0731712       0.776494
   324        327      0.0678839      0.0731712       0.770511
   325        328      0.0678839       0.194528       0.764619
   326        329      0.0678839       0.189054       0.758817
   327        330      0.0678839      0.0884404       0.753102
   328        331      0.0678839      0.0921693       0.747473
   329        332      0.0678839      0.0921693       0.741927
   330        333      0.0678839      0.0921693       0.736463

                           Best        Current           Mean
Iteration   f-count         f(x)         f(x)         temperature
   331        334      0.0678839      0.0921693       0.731079
   332        335      0.0678839      0.0921693       0.725773
   333        336      0.0678839      0.0797928       0.720543
   334        337      0.0678839      0.0797928       0.715388
   335        338      0.0678839      0.0797928       0.710307
   336        339      0.0678839      0.0795997       0.705297
   337        340      0.0678839      0.0795997       0.700357
   338        341      0.0678839      0.0795997       0.695487
   339        342      0.0678839       0.251138       0.690683
   340        343      0.0678839       0.251138       0.685945
   341        344      0.0678839       0.251138       0.681272
   342        345      0.0678839       0.291577       0.676662
   343        346      0.0678839       0.283214       0.672114
   344        347      0.0678839       0.139835       0.667627
   345        348      0.0678839       0.139835       0.663199
   346        349      0.0678839       0.128767        0.65883
   347        350      0.0678839       0.115817       0.654517
   348        351      0.0678839       0.151699       0.650261
   349        352      0.0678839       0.151699        0.64606
   350        353      0.0678839       0.143604       0.641913
   351        354      0.0678839       0.135678       0.637819
   352        355      0.0678839      0.0918786       0.633776
   353        356      0.0678839      0.0918786       0.629785
   354        357      0.0678839      0.0918786       0.625843
   355        358      0.0678839      0.0918786       0.621951
   356        359      0.0678839      0.0918786       0.618106
   357        360      0.0678839      0.0918786       0.614309
   358        361      0.0678839       0.140342       0.610559
   359        362      0.0678839       0.140342       0.606853
   360        363      0.0678839       0.167125       0.603193

                           Best        Current           Mean
Iteration   f-count         f(x)         f(x)         temperature
   361        364      0.0678839       0.152645       0.599576
   362        365      0.0678839        0.16019       0.596003
   363        366      0.0678839       0.096563       0.592471
   364        367      0.0678839       0.117025       0.588982
   365        368      0.0678839       0.117025       0.585533
   366        369      0.0678839       0.117025       0.582125
   367        370      0.0678839       0.106338       0.578755
   368        371      0.0678839       0.129654       0.575425
   369        372      0.0678839       0.175641       0.572133
   370        373      0.0678839       0.175641       0.568878
   371        374      0.0678839       0.175641        0.56566
   372        375      0.0678839       0.160735       0.562478
   373        376      0.0678839       0.195077       0.559332
   374        377      0.0678839       0.195077       0.556221
   375        378      0.0678839       0.195077       0.553144
   376        379      0.0678839      0.0732914       0.550102
   377        380      0.0678839      0.0732914       0.547092
   378        381      0.0678839      0.0732914       0.544115
   379        382      0.0678839      0.0732914       0.541171
   380        383      0.0678839       0.193819       0.538258
   381        384      0.0678839       0.211456       0.535376
   382        385      0.0678839       0.217889       0.532525
*  383        388      0.0678839       0.278029        23.1352
   384        389      0.0678839       0.224683        18.7007
   385        390      0.0678839      0.0697622        15.7119
   386        391      0.0645764      0.0645764        13.5552
   387        392      0.0645764      0.0645764        11.9234
   388        393      0.0645764      0.0645764        10.6446
   389        394      0.0645764      0.0645764        9.61485
   390        395      0.0645764      0.0645764        8.76759

                           Best        Current           Mean
Iteration   f-count         f(x)         f(x)         temperature
   391        396      0.0645764      0.0645764        8.05808
   392        397      0.0645764      0.0645764        7.45516
   393        398      0.0645764      0.0645764        6.93643
   394        399      0.0645764      0.0645764        6.48535
   395        400      0.0645764      0.0645764        6.08949
   396        401      0.0645764      0.0645764        5.73926
   397        402      0.0645764      0.0910034        5.42719
   398        403      0.0645764       0.107125        5.14736
   399        404      0.0645764      0.0979147        4.89501
   400        405      0.0645764      0.0979147        4.66628
   401        406      0.0645764      0.0979147          4.458
   402        407      0.0645764      0.0929135        4.26753
   403        408      0.0645764       0.092412        4.09269
   404        409      0.0645764       0.095178        3.93162
   405        410      0.0645764       0.095178        3.78276
   406        411      0.0645764       0.095178        3.64478
   407        412      0.0645764       0.095178        3.51651
   408        413      0.0645764       0.095178        3.39697
   409        414      0.0645764      0.0917225        3.28529
   410        415      0.0645764       0.135154        3.18073
   411        416      0.0645764      0.0948345        3.08262
   412        417      0.0645764      0.0816074        2.99039
   413        418      0.0645764      0.0816074        2.90351
   414        419      0.0645764      0.0816074        2.82155
   415        420      0.0645764      0.0816074        2.74409
   416        421      0.0645764      0.0816074        2.67077
   417        422      0.0645764      0.0816074        2.60126
   418        423      0.0645764       0.174581        2.53529
   419        424      0.0645764       0.145026        2.47258
   420        425      0.0645764       0.292916        2.41289

              