\nSimulated Annealing...Discreted\n

	 Fitness Limit : -Inf
Diagnostic information.
	objective function = @sa_cav_y_4dof
	X0 = [  0.5 40 0.05 1.09 ]
Modified options:
	options.AnnealingFcn = @d_annealing_c4
	options.TemperatureFcn = @temperatureexp
	options.StallIterLimit = 1000
	options.InitialTemperature = [  100 100 100 100 ]
	options.Display = 'diagnose'
	options.ReannealInterval = 10
	options.DisplayInterval = 1 
	options.AcceptanceFcn = @acceptancesa
End of diagnostic information.


                           Best        Current           Mean
Iteration   f-count         f(x)         f(x)         temperature
     0          1            Inf            Inf            100
     1          2            Inf            Inf          90.25
     2          3       0.793784       0.793784        85.7375
     3          4       0.793784       0.793784        81.4506
     4          5       0.793784       0.793784        77.3781
     5          6       0.793784       0.793784        73.5092
     6          7       0.185909       0.185909        69.8337
     7          8       0.185909       0.185909         66.342
     8          9       0.185909       0.185909        63.0249
     9         10       0.185909       0.185909        59.8737
    10         11       0.185909       0.185909          56.88
    11         12       0.185909       0.267722         54.036
    12         13       0.107182       0.107182        51.3342
    13         14       0.107182       0.107182        48.7675
    14         15       0.107182       0.302673        46.3291
    15         16       0.107182       0.302673        44.0127
    16         17       0.107182       0.302673         41.812
    17         18       0.107182       0.302673        39.7214
    18         19       0.107182       0.302673        37.7354
    19         20       0.107182       0.302673        35.8486
    20         21       0.107182       0.302673        34.0562
    21         22       0.107182       0.302673        32.3534
    22         23       0.107182       0.302673        30.7357
    23         24       0.107182       0.302673        29.1989
    24         25       0.107182       0.302673         27.739
    25         26       0.107182       0.302673         26.352
    26         27       0.107182       0.302673        25.0344
    27         28       0.107182       0.302673        23.7827
    28         29       0.107182       0.302673        22.5936
    29         30       0.107182       0.302673        21.4639
    30         31       0.107182       0.302673        20.3907

                           Best        Current           Mean
Iteration   f-count         f(x)         f(x)         temperature
    31         32       0.107182       0.302673        19.3711
    32         33       0.107182       0.302673        18.4026
    33         34       0.107182       0.302673        17.4825
    34         35       0.107182       0.302673        16.6083
    35         36       0.107182       0.302673        15.7779
    36         37       0.107182       0.302673         14.989
    37         38       0.107182       0.302673        14.2396
    38         39       0.107182       0.302673        13.5276
    39         40       0.107182       0.302673        12.8512
    40         41       0.107182       0.302673        12.2087
    41         42       0.107182       0.302673        11.5982
    42         43       0.107182       0.302673        11.0183
    43         44       0.107182       0.302673        10.4674
    44         45       0.107182       0.302673        9.94403
    45         46       0.107182       0.302673        9.44682
    46         47       0.107182       0.302673        8.97448
    47         48       0.107182       0.302673        8.52576
    48         49       0.107182       0.302673        8.09947
    49         50       0.107182       0.302673         7.6945
    50         51       0.107182       0.302673        7.30977
    51         52       0.107182       0.302673        6.94428
    52         53       0.107182       0.302673        6.59707
    53         54       0.107182       0.302673        6.26722
    54         55       0.107182       0.302673        5.95386
    55         56       0.107182       0.302673        5.65616
    56         57       0.107182       0.302673        5.37335
    57         58       0.107182       0.302673        5.10469
    58         59       0.107182       0.302673        4.84945
    59         60       0.107182       0.302673        4.60698
    60         61       0.107182       0.302673        4.37663

                           Best        Current           Mean
Iteration   f-count         f(x)         f(x)         temperature
    61         62       0.107182       0.302673         4.1578
    62         63       0.107182       0.302673        3.94991
    63         64       0.107182       0.302673        3.75241
    64         65       0.107182       0.302673        3.56479
    65         66       0.107182       0.302673        3.38655
    66         67       0.107182       0.302673        3.21723
    67         68       0.107182       0.302673        3.05636
    68         69       0.107182       0.302673        2.90355
    69         70       0.107182       0.302673        2.75837
    70         71       0.107182       0.302673        2.62045
    71         72       0.107182       0.302673        2.48943
    72         73       0.107182       0.302673        2.36496
    73         74       0.107182       0.302673        2.24671
    74         75       0.107182       0.302673        2.13437
    75         76       0.107182       0.302673        2.02765
    76         77       0.107182       0.302673        1.92627
    77         78       0.107182       0.302673        1.82996
    78         79       0.107182       0.302673        1.73846
    79         80       0.107182       0.302673        1.65154
    80         81       0.107182       0.302673        1.56896
    81         82       0.107182       0.302673        1.49051
    82         83       0.107182       0.302673        1.41599
    83         84       0.107182       0.302673        1.34519
    84         85       0.107182       0.302673        1.27793
    85         86       0.107182       0.302673        1.21403
    86         87       0.107182       0.302673        1.15333
    87         88       0.107182       0.302673        1.09566
    88         89       0.107182       0.302673        1.04088
    89         90       0.107182       0.302673       0.988836
    90         91       0.107182       0.302673       0.939395

                           Best        Current           Mean
Iteration   f-count         f(x)         f(x)         temperature
    91         92       0.107182       0.302673       0.892425
    92         93       0.107182       0.302673       0.847804
    93         94       0.107182       0.302673       0.805413
    94         95       0.107182       0.302673       0.765143
    95         96       0.107182       0.302673       0.726886
    96         97       0.107182       0.302673       0.690541
    97         98       0.107182       0.302673       0.656014
    98         99       0.107182       0.302673       0.623214
    99        100       0.107182       0.302673       0.592053
   100        101       0.107182       0.302673        0.56245
   101        102       0.107182       0.302673       0.534328
   102        103       0.107182       0.302673       0.507611
   103        104       0.107182       0.302673       0.482231
   104        105       0.107182       0.302673       0.458119
   105        106       0.107182       0.302673       0.435213
   106        107       0.107182       0.302673       0.413453
   107        108       0.107182       0.302673        0.39278
   108        109       0.107182       0.302673       0.373141
   109        110       0.107182       0.302673       0.354484
   110        111       0.107182       0.302673        0.33676
   111        112       0.107182       0.302673       0.319922
   112        113       0.107182       0.302673       0.303926
   113        114       0.107182       0.302673       0.288729
   114        115       0.107182       0.302673       0.274293
   115        116       0.107182       0.302673       0.260578
   116        117       0.107182       0.302673       0.247549
   117        118       0.107182       0.302673       0.235172
   118        119       0.107182       0.302673       0.223413
   119        120       0.107182       0.302673       0.212243
   120        121       0.107182       0.302673       0.201631

                           Best        Current           Mean
Iteration   f-count         f(x)         f(x)         temperature
   121        122       0.107182       0.302673       0.191549
   122        123       0.107182       0.302673       0.181972
   123        124       0.107182       0.302673       0.172873
   124        125       0.107182       0.302673       0.164229
   125        126       0.107182       0.302673       0.156018
   126        127       0.107182       0.302673       0.148217
   127        128       0.107182       0.302673       0.140806
   128        129       0.107182       0.302673       0.133766
   129        130       0.107182       0.302673       0.127078
   130        131       0.107182       0.302673       0.120724
   131        132       0.107182       0.302673       0.114687
   132        133       0.107182       0.302673       0.108953
   133        134       0.107182       0.302673       0.103505
   134        135       0.107182       0.302673      0.0983302
   135        136       0.107182       0.302673      0.0934136
   136        137       0.107182       0.302673       0.088743
   137        138       0.107182       0.302673      0.0843058
   138        139       0.107182       0.302673      0.0800905
   139        140       0.107182       0.302673       0.076086
   140        141       0.107182       0.302673      0.0722817
   141        142       0.107182       0.302673      0.0686676
   142        143       0.107182       0.302673      0.0652342
   143        144       0.107182       0.302673      0.0619725
   144        145       0.107182       0.302673      0.0588739
   145        146       0.107182       0.302673      0.0559302
   146        147       0.107182       0.302673      0.0531337
   147        148       0.107182       0.302673       0.050477
   148        149       0.107182       0.302673      0.0479532
   149        150       0.107182       0.302673      0.0455555
   150        151       0.107182       0.302673      0.0432777

                           Best        Current           Mean
Iteration   f-count         f(x)         f(x)         temperature
   151        152       0.107182       0.302673      0.0411138
   152        153       0.107182       0.302673      0.0390581
   153        154       0.107182       0.302673      0.0371052
   154        155       0.107182       0.302673        0.03525
   155        156       0.107182       0.302673      0.0334875
   156        157       0.107182       0.302673      0.0318131
   157        158       0.107182       0.302673      0.0302224
   158        159       0.107182       0.302673      0.0287113
   159        160       0.107182       0.302673      0.0272758
   160        161       0.107182       0.302673       0.025912
   161        162       0.107182       0.302673      0.0246164
   162        163       0.107182       0.302673      0.0233856
   163        164       0.107182       0.302673      0.0222163
   164        165       0.107182       0.302673      0.0211055
   165        166       0.107182       0.302673      0.0200502
   166        167       0.107182       0.302673      0.0190477
   167        168       0.107182       0.302673      0.0180953
   168        169       0.107182       0.302673      0.0171905
   169        170       0.107182       0.302673       0.016331
   170        171       0.107182       0.302673      0.0155145
   171        172       0.107182       0.302673      0.0147387
   172        173       0.107182       0.302673      0.0140018
   173        174       0.107182       0.302673      0.0133017
   174        175       0.107182       0.302673      0.0126366
   175        176       0.107182       0.302673      0.0120048
   176        177       0.107182       0.302673      0.0114045
   177        178       0.107182       0.302673      0.0108343
   178        179       0.107182       0.302673      0.0102926
   179        180       0.107182       0.302673     0.00977798
   180        181       0.107182       0.302673     0.00928908

                           Best        Current           Mean
Iteration   f-count         f(x)         f(x)         temperature
   181        182       0.107182       0.302673     0.00882462
   182        183       0.107182       0.302673     0.00838339
   183        184       0.107182       0.302673     0.00796422
   184        185       0.107182       0.302673     0.00756601
   185        186       0.107182       0.302673     0.00718771
   186        187       0.107182       0.302673     0.00682833
   187        188       0.107182       0.302673     0.00648691
   188        189       0.107182       0.302673     0.00616256
   189        190       0.107182       0.302673     0.00585444
   190        191       0.107182       0.302673     0.00556171
   191        192       0.107182       0.302673     0.00528363
   192        193       0.107182       0.302673     0.00501945
   193        194       0.107182       0.302673     0.00476847
   194        195       0.107182       0.302673     0.00453005
   195        196       0.107182       0.302673     0.00430355
   196        197       0.107182       0.302673     0.00408837
   197        198       0.107182       0.302673     0.00388395
   198        199       0.107182       0.302673     0.00368975
   199        200       0.107182       0.302673     0.00350527
   200        201       0.107182       0.302673        0.00333
   201        202       0.107182       0.302673      0.0031635
   202        203       0.107182       0.302673     0.00300533
   203        204       0.107182       0.302673     0.00285506
   204        205       0.107182       0.302673     0.00271231
   205        206       0.107182       0.302673     0.00257669
   206        207       0.107182       0.302673     0.00244786
   207        208       0.107182       0.302673     0.00232547
   208        209       0.107182       0.302673     0.00220919
   209        210       0.107182       0.302673     0.00209873
   210        211       0.107182       0.302673      0.0019938

                           Best        Current           Mean
Iteration   f-count         f(x)         f(x)         temperature
   211        212       0.107182       0.302673     0.00189411
   212        213       0.107182       0.302673      0.0017994
   213        214       0.107182       0.302673     0.00170943
   214        215       0.107182       0.302673     0.00162396
   215        216       0.107182       0.302673     0.00154276
   216        217       0.107182       0.302673     0.00146562
   217        218       0.107182       0.302673     0.00139234
   218        219       0.107182       0.302673     0.00132272
   219        220       0.107182       0.302673     0.00125659
   220        221       0.107182       0.302673     0.00119376
   221        222       0.107182       0.302673     0.00113407
   222        223       0.107182       0.302673     0.00107737
   223        224       0.107182       0.302673      0.0010235
   224        225       0.107182       0.302673    0.000972324
   225        226       0.107182       0.302673    0.000923708
   226        227       0.107182       0.302673    0.000877523
   227        228       0.107182       0.302673    0.000833647
   228        229       0.107182       0.302673    0.000791964
   229        230       0.107182       0.302673    0.000752366
   230        231       0.107182       0.302673    0.000714748
   231        232       0.107182       0.302673     0.00067901
   232        233       0.107182       0.302673     0.00064506
   233        234       0.107182       0.302673    0.000612807
   234        235       0.107182       0.302673    0.000582167
   235        236       0.107182       0.302673    0.000553058
   236        237       0.107182       0.302673    0.000525405
   237        238       0.107182       0.302673    0.000499135
   238        239       0.107182       0.302673    0.000474178
   239        240       0.107182       0.302673    0.000450469
   240        241       0.107182       0.302673    0.000427946

                           Best        Current           Mean
Iteration   f-count         f(x)         f(x)         temperature
   241        242       0.107182       0.302673    0.000406549
   242        243       0.107182       0.302673    0.000386221
   243        244       0.107182       0.302673     0.00036691
   244        245       0.107182       0.302673    0.000348565
   245        246       0.107182       0.302673    0.000331136
   246        247       0.107182       0.302673     0.00031458
   247        248       0.107182       0.302673    0.000298851
   248        249       0.107182       0.302673    0.000283908
   249        250       0.107182       0.302673    0.000269713
   250        251       0.107182       0.302673    0.000256227
   251        252       0.107182       0.302673    0.000243416
   252        253       0.107182       0.302673    0.000231245
   253        254       0.107182       0.302673    0.000219683
   254        255       0.107182       0.302673    0.000208699
   255        256       0.107182       0.302673    0.000198264
   256        257       0.107182       0.302673     0.00018835
   257        258       0.107182       0.302673    0.000178933
   258        259       0.107182       0.302673    0.000169986
   259        260       0.107182       0.302673    0.000161487
   260        261       0.107182       0.302673    0.000153413
   261        262       0.107182       0.302673    0.000145742
   262        263       0.107182       0.302673    0.000138455
   263        264       0.107182       0.302673    0.000131532
   264        265       0.107182       0.302673    0.000124956
   265        266       0.107182       0.302673    0.000118708
   266        267       0.107182       0.302673    0.000112772
   267        268       0.107182       0.302673    0.000107134
   268        269       0.107182       0.302673    0.000101777
   269        270       0.107182       0.302673    9.66882e-05
   270        271       0.107182       0.302673    9.18538e-05

                           Best        Current           Mean
Iteration   f-count         f(x)         f(x)         temperature
   271        272       0.107182       0.302673    8.72611e-05
   272        273       0.107182       0.302673     8.2898e-05
   273        274       0.107182       0.302673    7.87531e-05
   274        275       0.107182       0.302673    7.48155e-05
   275        276       0.107182       0.302673    7.10747e-05
   276        277       0.107182       0.302673     6.7521e-05
   277        278       0.107182       0.302673    6.41449e-05
   278        279       0.107182       0.302673    6.09377e-05
   279        280       0.107182       0.302673    5.78908e-05
   280        281       0.107182       0.302673    5.49963e-05
   281        282       0.107182       0.302673    5.22464e-05
   282        283       0.107182       0.302673    4.96341e-05
   283        284       0.107182       0.302673    4.71524e-05
   284        285       0.107182       0.302673    4.47948e-05
   285        286       0.107182       0.302673    4.25551e-05
   286        287       0.107182       0.302673    4.04273e-05
   287        288       0.107182       0.302673    3.84059e-05
   288        289       0.107182       0.302673    3.64856e-05
   289        290       0.107182       0.302673    3.46614e-05
   290        291       0.107182       0.302673    3.29283e-05
   291        292       0.107182       0.302673    3.12819e-05
   292        293       0.107182       0.302673    2.97178e-05
   293        294       0.107182       0.302673    2.82319e-05
   294        295       0.107182       0.302673    2.68203e-05
   295        296       0.107182       0.302673    2.54793e-05
   296        297       0.107182       0.302673    2.42053e-05
   297        298       0.107182       0.302673    2.29951e-05
   298        299       0.107182       0.302673    2.18453e-05
   299        300       0.107182       0.302673     2.0753e-05
   300        301       0.107182       0.302673    1.97154e-05

                           Best        Current           Mean
Iteration   f-count         f(x)         f(x)         temperature
   301        302       0.107182       0.302673    1.87296e-05
   302        303       0.107182       0.302673    1.77931e-05
   303        304       0.107182       0.302673    1.69035e-05
   304        305       0.107182       0.302673    1.60583e-05
   305        306       0.107182       0.302673    1.52554e-05
   306        307       0.107182       0.302673    1.44926e-05
   307        308       0.107182       0.302673     1.3768e-05
   308        309       0.107182       0.302673    1.30796e-05
   309        310       0.107182       0.302673    1.24256e-05
   310        311       0.107182       0.302673    1.18043e-05
   311        312       0.107182       0.302673    1.12141e-05
   312        313       0.107182       0.302673    1.06534e-05
   313        314       0.107182       0.302673    1.01207e-05
   314        315       0.107182       0.302673     9.6147e-06
   315        316       0.107182       0.302673    9.13396e-06
   316        317       0.107182       0.302673    8.67727e-06
   317        318       0.107182       0.302673     8.2434e-06
   318        319       0.107182       0.302673    7.83123e-06
   319        320       0.107182       0.302673    7.43967e-06
   320        321       0.107182       0.302673    7.06769e-06
   321        322       0.107182       0.302673     6.7143e-06
   322        323       0.107182       0.302673    6.37859e-06
   323        324       0.107182       0.302673    6.05966e-06
   324        325       0.107182       0.302673    5.75668e-06
   325        326       0.107182       0.302673    5.46884e-06
   326        327       0.107182       0.302673     5.1954e-06
   327        328       0.107182       0.302673    4.93563e-06
   328        329       0.107182       0.302673    4.68885e-06
   329        330       0.107182       0.302673    4.45441e-06
   330        331       0.107182       0.302673    4.23169e-06

                           Best        Current           Mean
Iteration   f-count         f(x)         f(x)         temperature
   331        332       0.107182       0.302673     4.0201e-06
   332        333       0.107182       0.302673     3.8191e-06
   333        334       0.107182       0.302673    3.62814e-06
   334        335       0.107182       0.302673    3.44673e-06
   335        336       0.107182       0.302673     3.2744e-06
   336        337       0.107182       0.302673    3.11068e-06
   337        338       0.107182       0.302673    2.95514e-06
   338        339       0.107182       0.302673    2.80739e-06
   339        340       0.107182       0.302673    2.66702e-06
   340        341       0.107182       0.302673    2.53367e-06
   341        342       0.107182       0.302673    2.40698e-06
   342        343       0.107182       0.302673    2.28663e-06
   343        344       0.107182       0.302673     2.1723e-06
   344        345       0.107182       0.302673    2.06369e-06
   345        346       0.107182       0.302673     1.9605e-06
   346        347       0.107182       0.302673    1.86248e-06
   347        348       0.107182       0.302673    1.76935e-06
   348        349       0.107182       0.302673    1.68089e-06
   349        350       0.107182       0.302673    1.59684e-06
   350        351       0.107182       0.302673      1.517e-06
   351        352       0.107182       0.302673    1.44115e-06
   352        353       0.107182       0.302673    1.36909e-06
   353        354       0.107182       0.302673    1.30064e-06
   354        355       0.107182       0.302673    1.23561e-06
   355        356       0.107182       0.302673    1.17383e-06
   356        357       0.107182       0.302673    1.11513e-06
   357        358       0.107182       0.302673    1.05938e-06
   358        359       0.107182       0.302673    1.00641e-06
   359        360       0.107182       0.302673    9.56088e-07
   360        361       0.107182       0.302673    9.08284e-07

                           Best        Current           Mean
Iteration   f-count         f(x)         f(x)         temperature
   361        362       0.107182       0.302673    8.62869e-07
   362        363       0.107182       0.302673    8.19726e-07
   363        364       0.107182       0.302673     7.7874e-07
   364        365       0.107182       0.302673    7.39803e-07
   365        366       0.107182       0.302673    7.02813e-07
   366        367       0.107182       0.302673    6.67672e-07
   367        368       0.107182       0.302673    6.34288e-07
   368        369       0.107182       0.302673    6.02574e-07
   369        370       0.107182       0.302673    5.72445e-07
   370        371       0.107182       0.302673    5.43823e-07
   371        372       0.107182       0.302673    5.16632e-07
   372        373       0.107182       0.302673      4.908e-07
   373        374       0.107182       0.302673     4.6626e-07
   374        375       0.107182       0.302673    4.42947e-07
   375        376       0.107182       0.302673      4.208e-07
   376        377       0.107182       0.302673     3.9976e-07
   377        378       0.107182       0.302673    3.79772e-07
   378        379       0.107182       0.302673    3.60783e-07
   379        380       0.107182       0.302673    3.42744e-07
   380        381       0.107182       0.302673    3.25607e-07
   381        382       0.107182       0.302673    3.09327e-07
   382        383       0.107182       0.302673     2.9386e-07
   383        384       0.107182       0.302673    2.79167e-07
   384        385       0.107182       0.302673    2.65209e-07
   385        386       0.107182       0.302673    2.51948e-07
   386        387       0.107182       0.302673    2.39351e-07
   387        388       0.107182       0.302673    2.27383e-07
   388        389       0.107182       0.302673    2.16014e-07
   389        390       0.107182       0.302673    2.05214e-07
   390        391       0.107182       0.302673    1.94953e-07

                           Best        Current           Mean
Iteration   f-count         f(x)         f(x)         temperature
   391        392       0.107182       0.302673    1.85205e-07
   392        393       0.107182       0.302673    1.75945e-07
   393        394       0.107182       0.302673    1.67148e-07
   394        395       0.107182       0.302673     1.5879e-07
   395        396       0.107182       0.302673    1.50851e-07
   396        397       0.107182       0.302673    1.43308e-07
   397        398       0.107182       0.302673    1.36143e-07
   398        399       0.107182       0.302673    1.29336e-07
   399        400       0.107182       0.302673    1.22869e-07
   400        401       0.107182       0.302673    1.16725e-07
   401        402       0.107182       0.302673    1.10889e-07
   402        403       0.107182       0.302673    1.05345e-07
   403        404       0.107182       0.302673    1.00078e-07
   404        405       0.107182       0.302673    9.50736e-08
   405        406       0.107182       0.302673      9.032e-08
   406        407       0.107182       0.302673     8.5804e-08
   407        408       0.107182       0.302673    8.15138e-08
   408        409       0.107182       0.302673    7.74381e-08
   409        410       0.107182       0.302673    7.35662e-08
   410        411       0.107182       0.302673    6.98879e-08
   411        412       0.107182       0.302673    6.63935e-08
   412        413       0.107182       0.302673    6.30738e-08
   413        414       0.107182       0.302673    5.99201e-08
   414        415       0.107182       0.302673    5.69241e-08
   415        416       0.107182       0.302673    5.40779e-08
   416        417       0.107182       0.302673     5.1374e-08
   417        418       0.107182       0.302673    4.88053e-08
   418        419       0.107182       0.302673     4.6365e-08
   419        420       0.107182       0.302673    4.40468e-08
   420        421       0.107182       0.302673    4.18444e-08

                           Best        Current           Mean
Iteration   f-count         f(x)         f(x)         temperature
   421        422       0.107182       0.302673    3.97522e-08
   422        423       0.107182       0.302673    3.77646e-08
   423        424       0.107182       0.302673    3.58764e-08
   424        425       0.107182       0.302673    3.40826e-08
   425        426       0.107182       0.302673    3.23784e-08
   426        427       0.107182       0.302673    3.07595e-08
   427        428       0.107182       0.302673    2.92215e-08
   428        429       0.107182       0.302673    2.77605e-08
   429        430       0.107182       0.302673    2.63724e-08
   430        431       0.107182       0.302673    2.50538e-08
   431        432       0.107182       0.302673    2.38011e-08
   432        433       0.107182       0.302673    2.26111e-08
   433        434       0.107182       0.302673    2.14805e-08
   434        435       0.107182       0.302673    2.04065e-08
   435        436       0.107182       0.302673    1.93862e-08
   436        437       0.107182       0.302673    1.84169e-08
   437        438       0.107182       0.302673     1.7496e-08
   438        439       0.107182       0.302673    1.66212e-08
   439        440       0.107182       0.302673    1.57902e-08
   440        441       0.107182       0.302673    1.50006e-08
   441        442       0.107182       0.302673    1.42506e-08
   442        443       0.107182       0.302673    1.35381e-08
   443        444       0.107182       0.302673    1.28612e-08
   444        445       0.107182       0.302673    1.22181e-08
   445        446       0.107182       0.302673    1.16072e-08
   446        447       0.107182       0.302673    1.10269e-08
   447        448       0.107182       0.302673    1.04755e-08
   448        449       0.107182       0.302673    9.95173e-09
   449        450       0.107182       0.302673    9.45415e-09
   450        451       0.107182       0.302673    8.98144e-09

                           Best        Current           Mean
Iteration   f-count         f(x)         f(x)         temperature
   451        452       0.107182       0.302673    8.53237e-09
   452        453       0.107182       0.302673    8.10575e-09
   453        454       0.107182       0.302673    7.70046e-09
   454        455       0.107182       0.302673    7.31544e-09
   455        456       0.107182       0.302673    6.94967e-09
   456        457       0.107182       0.302673    6.60218e-09
   457        458       0.107182       0.302673    6.27207e-09
   458        459       0.107182       0.302673    5.95847e-09
   459        460       0.107182       0.302673    5.66055e-09
   460        461       0.107182       0.302673    5.37752e-09
   461        462       0.107182       0.302673    5.10864e-09
   462        463       0.107182       0.302673    4.85321e-09
   463        464       0.107182       0.302673    4.61055e-09
   464        465       0.107182       0.302673    4.38002e-09
   465        466       0.107182       0.302673    4.16102e-09
   466        467       0.107182       0.302673    3.95297e-09
   467        468       0.107182       0.302673    3.75532e-09
   468        469       0.107182       0.302673    3.56756e-09
   469        470       0.107182       0.302673    3.38918e-09
   470        471       0.107182       0.302673    3.21972e-09
   471        472       0.107182       0.302673    3.05873e-09
   472        473       0.107182       0.302673     2.9058e-09
   473        474       0.107182       0.302673    2.76051e-09
   474        475       0.107182       0.302673    2.62248e-09
   475        476       0.107182       0.302673    2.49136e-09
   476        477       0.107182       0.302673    2.36679e-09
   477        478       0.107182       0.302673    2.24845e-09
   478        479       0.107182       0.302673    2.13603e-09
   479        480       0.107182       0.302673    2.02923e-09
   480        481       0.107182       0.302673    1.92777e-09

                           Best        Current           Mean
Iteration   f-count         f(x)         f(x)         temperature
   481        482       0.107182       0.302673    1.83138e-09
   482        483       0.107182       0.302673    1.73981e-09
   483        484       0.107182       0.302673    1.65282e-09
   484        485       0.107182       0.302673    1.57018e-09
   485        486       0.107182       0.302673    1.49167e-09
   486        487       0.107182       0.302673    1.41708e-09
   487        488       0.107182       0.302673    1.34623e-09
   488        489       0.107182       0.302673    1.27892e-09
   489        490       0.107182       0.302673    1.21497e-09
   490        491       0.107182       0.302673    1.15422e-09
   491        492       0.107182       0.302673    1.09651e-09
   492        493       0.107182       0.302673    1.04169e-09
   493        494       0.107182       0.302673    9.89603e-10
   494        495       0.107182       0.302673    9.40123e-10
   495        496       0.107182       0.302673    8.93117e-10
   496        497       0.107182       0.302673    8.48461e-10
   497        498       0.107182       0.302673    8.06038e-10
   498        499       0.107182       0.302673    7.65736e-10
   499        500       0.107182       0.302673    7.27449e-10
   500        501       0.107182       0.302673    6.91077e-10
   501        502       0.107182       0.302673    6.56523e-10
   502        503       0.107182       0.302673    6.23697e-10
   503        504       0.107182       0.302673    5.92512e-10
   504        505       0.107182       0.302673    5.62886e-10
   505        506       0.107182       0.302673    5.34742e-10
   506        507       0.107182       0.302673    5.08005e-10
   507        508       0.107182       0.302673    4.82605e-10
   508        509       0.107182       0.302673    4.58474e-10
   509        510       0.107182       0.302673    4.35551e-10
   510        511       0.107182       0.302673    4.13773e-10

                           Best        Current           Mean
Iteration   f-count         f(x)         f(x)         temperature
   511        512       0.107182       0.302673    3.93084e-10
   512        513       0.107182       0.302673     3.7343e-10
   513        514       0.107182       0.302673    3.54759e-10
   514        515       0.107182       0.302673    3.37021e-10
   515        516       0.107182       0.302673     3.2017e-10
   516        517       0.107182       0.302673    3.04161e-10
   517        518       0.107182       0.302673    2.88953e-10
   518        519       0.107182       0.302673    2.74506e-10
   519        520       0.107182       0.302673     2.6078e-10
   520        521       0.107182       0.302673    2.47741e-10
   521        522       0.107182       0.302673    2.35354e-10
   522        523       0.107182       0.302673    2.23586e-10
   523        524       0.107182       0.302673    2.12407e-10
   524        525       0.107182       0.302673    2.01787e-10
   525        526       0.107182       0.302673    1.91697e-10
   526        527       0.107182       0.302673    1.82113e-10
   527        528       0.107182       0.302673    1.73007e-10
   528        529       0.107182       0.302673    1.64357e-10
   529        530       0.107182       0.302673    1.56139e-10
   530        531       0.107182       0.302673    1.48332e-10
   531        532       0.107182       0.302673    1.40915e-10
   532        533       0.107182       0.302673    1.33869e-10
   533        534       0.107182       0.302673    1.27176e-10
   534        535       0.107182       0.302673    1.20817e-10
   535        536       0.107182       0.302673    1.14776e-10
   536        537       0.107182       0.302673    1.09038e-10
   537        538       0.107182       0.302673    1.03586e-10
   538        539       0.107182       0.302673    9.84064e-11
   539        540       0.107182       0.302673    9.34861e-11
   540        541       0.107182       0.302673    8.88118e-11

                           Best        Current           Mean
Iteration   f-count         f(x)         f(x)         temperature
   541        542       0.107182       0.302673    8.43712e-11
   542        543       0.107182       0.302673    8.01526e-11
   543        544       0.107182       0.302673     7.6145e-11
   544        545       0.107182       0.302673    7.23377e-11
   545        546       0.107182       0.302673    6.87208e-11
   546        547       0.107182       0.302673    6.52848e-11
   547        548       0.107182       0.302673    6.20206e-11
   548        549       0.107182       0.302673    5.89195e-11
   549        550       0.107182       0.302673    5.59736e-11
   550        551       0.107182       0.302673    5.31749e-11
   551        552       0.107182       0.302673    5.05161e-11
   552        553       0.107182       0.302673    4.79903e-11
   553        554       0.107182       0.302673    4.55908e-11
   554        555       0.107182       0.302673    4.33113e-11
   555        556       0.107182       0.302673    4.11457e-11
   556        557       0.107182       0.302673    3.90884e-11
   557        558       0.107182       0.302673     3.7134e-11
   558        559       0.107182       0.302673    3.52773e-11
   559        560       0.107182       0.302673    3.35134e-11
   560        561       0.107182       0.302673    3.18378e-11
   561        562       0.107182       0.302673    3.02459e-11
   562        563       0.107182       0.302673    2.87336e-11
   563        564       0.107182       0.302673    2.72969e-11
   564        565       0.107182       0.302673    2.59321e-11
   565        566       0.107182       0.302673    2.46355e-11
   566        567       0.107182       0.302673    2.34037e-11
   567        568       0.107182       0.302673    2.22335e-11
   568        569       0.107182       0.302673    2.11218e-11
   569        570       0.107182       0.302673    2.00657e-11
   570        571       0.107182       0.302673    1.90624e-11

                           Best        Current           Mean
Iteration   f-count         f(x)         f(x)         temperature
   571        572       0.107182       0.302673    1.81093e-11
   572        573       0.107182       0.302673    1.72039e-11
   573        574       0.107182       0.302673    1.63437e-11
   574        575       0.107182       0.302673    1.55265e-11
   575        576       0.107182       0.302673    1.47502e-11
   576        577       0.107182       0.302673    1.40126e-11
   577        578       0.107182       0.302673     1.3312e-11
   578        579       0.107182       0.302673    1.26464e-11
   579        580       0.107182       0.302673    1.20141e-11
   580        581       0.107182       0.302673    1.14134e-11
   581        582       0.107182       0.302673    1.08427e-11
   582        583       0.107182       0.302673    1.03006e-11
   583        584       0.107182       0.302673    9.78556e-12
   584        585       0.107182       0.302673    9.29628e-12
   585        586       0.107182       0.302673    8.83146e-12
   586        587       0.107182       0.302673    8.38989e-12
   587        588       0.107182       0.302673     7.9704e-12
   588        589       0.107182       0.302673    7.57188e-12
   589        590       0.107182       0.302673    7.19328e-12
   590        591       0.107182       0.302673    6.83362e-12
   591        592       0.107182       0.302673    6.49194e-12
   592        593       0.107182       0.302673    6.16734e-12
   593        594       0.107182       0.302673    5.85897e-12
   594        595       0.107182       0.302673    5.56602e-12
   595        596       0.107182       0.302673    5.28772e-12
   596        597       0.107182       0.302673    5.02334e-12
   597        598       0.107182       0.302673    4.77217e-12
   598        599       0.107182       0.302673    4.53356e-12
   599        600       0.107182       0.302673    4.30688e-12
   600        601       0.107182       0.302673    4.09154e-12

                           Best        Current           Mean
Iteration   f-count         f(x)         f(x)         temperature
   601        602       0.107182       0.302673    3.88696e-12
   602        603       0.107182       0.302673    3.69261e-12
   603        604       0.107182       0.302673    3.50798e-12
   604        605       0.107182       0.302673    3.33258e-12
   605        606       0.107182       0.302673    3.16596e-12
   606        607       0.107182       0.302673    3.00766e-12
   607        608       0.107182       0.302673    2.85727e-12
   608        609       0.107182       0.302673    2.71441e-12
   609        610       0.107182       0.302673    2.57869e-12
   610        611       0.107182       0.302673    2.44976e-12
   611        612       0.107182       0.302673    2.32727e-12
   612        613       0.107182       0.302673     2.2109e-12
   613        614       0.107182       0.302673    2.10036e-12
   614        615       0.107182       0.302673    1.99534e-12
   615        616       0.107182       0.302673    1.89557e-12
   616        617       0.107182       0.302673     1.8008e-12
   617        618       0.107182       0.302673    1.71076e-12
   618        619       0.107182       0.302673    1.62522e-12
   619        620       0.107182       0.302673    1.54396e-12
   620        621       0.107182       0.302673    1.46676e-12
   621        622       0.107182       0.302673    1.39342e-12
   622        623       0.107182       0.302673    1.32375e-12
   623        624       0.107182       0.302673    1.25756e-12
   624        625       0.107182       0.302673    1.19468e-12
   625        626       0.107182       0.302673    1.13495e-12
   626        627       0.107182       0.302673     1.0782e-12
   627        628       0.107182       0.302673    1.02429e-12
   628        629       0.107182       0.302673    9.73078e-13
   629        630       0.107182       0.302673    9.24424e-13
   630        631       0.107182       0.302673    8.78203e-13

                           Best        Current           Mean
Iteration   f-count         f(x)         f(x)         temperature
   631        632       0.107182       0.302673    8.34293e-13
   632        633       0.107182       0.302673    7.92578e-13
   633        634       0.107182       0.302673    7.52949e-13
   634        635       0.107182       0.302673    7.15302e-13
   635        636       0.107182       0.302673    6.79537e-13
   636        637       0.107182       0.302673     6.4556e-13
   637        638       0.107182       0.302673    6.13282e-13
   638        639       0.107182       0.302673    5.82618e-13
   639        640       0.107182       0.302673    5.53487e-13
   640        641       0.107182       0.302673    5.25813e-13
   641        642       0.107182       0.302673    4.99522e-13
   642        643       0.107182       0.302673    4.74546e-13
   643        644       0.107182       0.302673    4.50819e-13
   644        645       0.107182       0.302673    4.28278e-13
   645        646       0.107182       0.302673    4.06864e-13
   646        647       0.107182       0.302673    3.86521e-13
   647        648       0.107182       0.302673    3.67195e-13
   648        649       0.107182       0.302673    3.48835e-13
   649        650       0.107182       0.302673    3.31393e-13
   650        651       0.107182       0.302673    3.14823e-13
   651        652       0.107182       0.302673    2.99082e-13
   652        653       0.107182       0.302673    2.84128e-13
   653        654       0.107182       0.302673    2.69922e-13
   654        655       0.107182       0.302673    2.56426e-13
   655        656       0.107182       0.302673    2.43604e-13
   656        657       0.107182       0.302673    2.31424e-13
   657        658       0.107182       0.302673    2.19853e-13
   658        659       0.107182       0.302673     2.0886e-13
   659        660       0.107182       0.302673    1.98417e-13
   660        661       0.107182       0.302673    1.88496e-13

                           Best        Current           Mean
Iteration   f-count         f(x)         f(x)         temperature
   661        662       0.107182       0.302673    1.79072e-13
   662        663       0.107182       0.302673    1.70118e-13
   663        664       0.107182       0.302673    1.61612e-13
   664        665       0.107182       0.302673    1.53532e-13
   665        666       0.107182       0.302673    1.45855e-13
   666        667       0.107182       0.302673    1.38562e-13
   667        668       0.107182       0.302673    1.31634e-13
   668        669       0.107182       0.302673    1.25052e-13
   669        670       0.107182       0.302673      1.188e-13
   670        671       0.107182       0.302673     1.1286e-13
   671        672       0.107182       0.302673    1.07217e-13
   672        673       0.107182       0.302673    1.01856e-13
   673        674       0.107182       0.302673    9.67631e-14
   674        675       0.107182       0.302673     9.1925e-14
   675        676       0.107182       0.302673    8.73287e-14
   676        677       0.107182       0.302673    8.29623e-14
   677        678       0.107182       0.302673    7.88142e-14
   678        679       0.107182       0.302673    7.48735e-14
   679        680       0.107182       0.302673    7.11298e-14
   680        681       0.107182       0.302673    6.75733e-14
   681        682       0.107182       0.302673    6.41946e-14
   682        683       0.107182       0.302673    6.09849e-14
   683        684       0.107182       0.302673    5.79357e-14
   684        685       0.107182       0.302673    5.50389e-14
   685        686       0.107182       0.302673    5.22869e-14
   686        687       0.107182       0.302673    4.96726e-14
   687        688       0.107182       0.302673     4.7189e-14
   688        689       0.107182       0.302673    4.48295e-14
   689        690       0.107182       0.302673     4.2588e-14
   690        691       0.107182       0.302673    4.04586e-14

                           Best        Current           Mean
Iteration   f-count         f(x)         f(x)         temperature
   691        692       0.107182       0.302673    3.84357e-14
   692        693       0.107182       0.302673    3.65139e-14
   693        694       0.107182       0.302673    3.46882e-14
   694        695       0.107182       0.302673    3.29538e-14
   695        696       0.107182       0.302673    3.13061e-14
   696        697       0.107182       0.302673    2.97408e-14
   697        698       0.107182       0.302673    2.82538e-14
   698        699       0.107182       0.302673    2.68411e-14
   699        700       0.107182       0.302673     2.5499e-14
   700        701       0.107182       0.302673    2.42241e-14
   701        702       0.107182       0.302673    2.30129e-14
   702        703       0.107182       0.302673    2.18622e-14
   703        704       0.107182       0.302673    2.07691e-14
   704        705       0.107182       0.302673    1.97307e-14
   705        706       0.107182       0.302673    1.87441e-14
   706        707       0.107182       0.302673    1.78069e-14
   707        708       0.107182       0.302673    1.69166e-14
   708        709       0.107182       0.302673    1.60708e-14
   709        710       0.107182       0.302673    1.52672e-14
   710        711       0.107182       0.302673    1.45039e-14
   711        712       0.107182       0.302673    1.37787e-14
   712        713       0.107182       0.302673    1.30897e-14
   713        714       0.107182       0.302673    1.24352e-14
   714        715       0.107182       0.302673    1.18135e-14
   715        716       0.107182       0.302673    1.12228e-14
   716        717       0.107182       0.302673    1.06617e-14
   717        718       0.107182       0.302673    1.01286e-14
   718        719       0.107182       0.302673    9.62215e-15
   719        720       0.107182       0.302673    9.14104e-15
   720        721       0.107182       0.302673    8.68399e-15

                           Best        Current           Mean
Iteration   f-count         f(x)         f(x)         temperature
   721        722       0.107182       0.302673    8.24979e-15
   722        723       0.107182       0.302673     7.8373e-15
   723        724       0.107182       0.302673    7.44544e-15
   724        725       0.107182       0.302673    7.07317e-15
   725        726       0.107182       0.302673    6.71951e-15
   726        727       0.107182       0.302673    6.38353e-15
   727        728       0.107182       0.302673    6.06436e-15
   728        729       0.107182       0.302673    5.76114e-15
   729        730       0.107182       0.302673    5.47308e-15
   730        731       0.107182       0.302673    5.19943e-15
   731        732       0.107182       0.302673    4.93946e-15
   732        733       0.107182       0.302673    4.69248e-15
   733        734       0.107182       0.302673    4.45786e-15
   734        735       0.107182       0.302673    4.23497e-15
   735        736       0.107182       0.302673    4.02322e-15
   736        737       0.107182       0.302673    3.82206e-15
   737        738       0.107182       0.302673    3.63095e-15
   738        739       0.107182       0.302673    3.44941e-15
   739        740       0.107182       0.302673    3.27694e-15
   740        741       0.107182       0.302673    3.11309e-15
   741        742       0.107182       0.302673    2.95743e-15
   742        743       0.107182       0.302673    2.80956e-15
   743        744       0.107182       0.302673    2.66908e-15
   744        745       0.107182       0.302673    2.53563e-15
   745        746       0.107182       0.302673    2.40885e-15
   746        747       0.107182       0.302673    2.28841e-15
   747        748       0.107182       0.302673    2.17399e-15
   748        749       0.107182       0.302673    2.06529e-15
   749        750       0.107182       0.302673    1.96202e-15
   750        751       0.107182       0.302673    1.86392e-15

                           Best        Current           Mean
Iteration   f-count         f(x)         f(x)         temperature
   751        752       0.107182       0.302673    1.77073e-15
   752        753       0.107182       0.302673    1.68219e-15
   753        754       0.107182       0.302673    1.59808e-15
   754        755       0.107182       0.302673    1.51818e-15
   755        756       0.107182       0.302673    1.44227e-15
   756        757       0.107182       0.302673    1.37015e-15
   757        758       0.107182       0.302673    1.30165e-15
   758        759       0.107182       0.302673    1.23656e-15
   759        760       0.107182       0.302673    1.17474e-15
   760        761       0.107182       0.302673      1.116e-15
   761        762       0.107182       0.302673     1.0602e-15
   762        763       0.107182       0.302673    1.00719e-15
   763        764       0.107182       0.302673    9.56829e-16
   764        765       0.107182       0.302673    9.08988e-16
   765        766       0.107182       0.302673    8.63538e-16
   766        767       0.107182       0.302673    8.20361e-16
   767        768       0.107182       0.302673    7.79343e-16
   768        769       0.107182       0.302673    7.40376e-16
   769        770       0.107182       0.302673    7.03357e-16
   770        771       0.107182       0.302673     6.6819e-16
   771        772       0.107182       0.302673     6.3478e-16
   772        773       0.107182       0.302673    6.03041e-16
   773        774       0.107182       0.302673    5.72889e-16
   774        775       0.107182       0.302673    5.44245e-16
   775        776       0.107182       0.302673    5.17032e-16
   776        777       0.107182       0.302673    4.91181e-16
   777        778       0.107182       0.302673    4.66622e-16
   778        779       0.107182       0.302673    4.43291e-16
   779        780       0.107182       0.302673    4.21126e-16
   780        781       0.107182       0.302673     4.0007e-16

                           Best        Current           Mean
Iteration   f-count         f(x)         f(x)         temperature
   781        782       0.107182       0.302673    3.80066e-16
   782        783       0.107182       0.302673    3.61063e-16
   783        784       0.107182       0.302673     3.4301e-16
   784        785       0.107182       0.302673    3.25859e-16
   785        786       0.107182       0.302673    3.09566e-16
   786        787       0.107182       0.302673    2.94088e-16
   787        788       0.107182       0.302673    2.79384e-16
   788        789       0.107182       0.302673    2.65414e-16
   789        790       0.107182       0.302673    2.52144e-16
   790        791       0.107182       0.302673    2.39537e-16
   791        792       0.107182       0.302673     2.2756e-16
   792        793       0.107182       0.302673    2.22045e-16
   793        794       0.107182       0.302673    2.22045e-16
   794        795       0.107182       0.302673    2.22045e-16
   795        796       0.107182       0.302673    2.22045e-16
   796        797       0.107182       0.302673    2.22045e-16
   797        798       0.107182       0.302673    2.22045e-16
   798        799       0.107182       0.302673    2.22045e-16
   799        800       0.107182       0.302673    2.22045e-16
   800        801       0.107182       0.302673    2.22045e-16
   801        802       0.107182       0.302673    2.22045e-16
   802        803       0.107182       0.302673    2.22045e-16
   803        804       0.107182       0.302673    2.22045e-16
   804        805       0.107182       0.302673    2.22045e-16
   805        806       0.107182       0.302673    2.22045e-16
   806        807       0.107182       0.302673    2.22045e-16
   807        808       0.107182       0.302673    2.22045e-16
   808        809       0.107182       0.302673    2.22045e-16
   809        810       0.107182       0.302673    2.22045e-16
   810        811       0.107182       0.302673    2.22045e-16

                           Best        Current           Mean
Iteration   f-count         f(x)         f(x)         temperature
   811        812       0.107182       0.302673    2.22045e-16
   812        813       0.107182       0.302673    2.22045e-16
   813        814       0.107182       0.302673    2.22045e-16
   814        815       0.107182       0.302673    2.22045e-16
   815        816       0.107182       0.302673    2.22045e-16
   816        817       0.107182       0.302673    2.22045e-16
   817        818       0.107182       0.302673    2.22045e-16
   818        819       0.107182       0.302673    2.22045e-16
   819        820       0.107182       0.302673    2.22045e-16
   820        821       0.107182       0.302673    2.22045e-16
   821        822       0.107182       0.302673    2.22045e-16
   822        823       0.107182       0.302673    2.22045e-16
   823        824       0.107182       0.302673    2.22045e-16
   824        825       0.107182       0.302673    2.22045e-16
   825        826       0.107182       0.302673    2.22045e-16
   826        827       0.107182       0.302673    2.22045e-16
   827        828       0.107182       0.302673    2.22045e-16
   828        829       0.107182       0.302673    2.22045e-16
   829        830       0.107182       0.302673    2.22045e-16
   830        831       0.107182       0.302673    2.22045e-16
   831        832       0.107182       0.302673    2.22045e-16
   832        833       0.107182       0.302673    2.22045e-16
   833        834       0.107182       0.302673    2.22045e-16
   834        835       0.107182       0.302673    2.22045e-16
   835        836       0.107182       0.302673    2.22045e-16
   836        837       0.107182       0.302673    2.22045e-16
   837        838       0.107182       0.302673    2.22045e-16
   838        839       0.107182       0.302673    2.22045e-16
   839        840       0.107182       0.302673    2.22045e-16
   840        841       0.107182       0.302673    2.22045e-16

                           Best        Current           Mean
Iteration   f-count         f(x)         f(x)         temperature
   841        842       0.107182       0.302673    2.22045e-16
   842        843       0.107182       0.302673    2.22045e-16
   843        844       0.107182       0.302673    2.22045e-16
   844        845       0.107182       0.302673    2.22045e-16
   845        846       0.107182       0.302673    2.22045e-16
   846        847       0.107182       0.302673    2.22045e-16
   847        848       0.107182       0.302673    2.22045e-16
   848        849       0.107182       0.302673    2.22045e-16
   849        850       0.107182       0.302673    2.22045e-16
   850        851       0.107182       0.302673    2.22045e-16
   851        852       0.107182       0.302673    2.22045e-16
   852        853       0.107182       0.302673    2.22045e-16
   853        854       0.107182       0.302673    2.22045e-16
   854        855       0.107182       0.302673    2.22045e-16
   855        856       0.107182       0.302673    2.22045e-16
   856        857       0.107182       0.302673    2.22045e-16
   857        858       0.107182       0.302673    2.22045e-16
   858        859       0.107182       0.302673    2.22045e-16
   859        860       0.107182       0.302673    2.22045e-16
   860        861       0.107182       0.302673    2.22045e-16
   861        862       0.107182       0.302673    2.22045e-16
   862        863       0.107182       0.302673    2.22045e-16
   863        864       0.107182       0.302673    2.22045e-16
   864        865       0.107182       0.302673    2.22045e-16
   865        866       0.107182       0.302673    2.22045e-16
   866        867       0.107182       0.302673    2.22045e-16
   867        868       0.107182       0.302673    2.22045e-16
   868        869       0.107182       0.302673    2.22045e-16
   869        870       0.107182       0.302673    2.22045e-16
   870        871       0.107182       0.302673    2.22045e-16

                           Best        Current           Mean
Iteration   f-count         f(x)         f(x)         temperature
   871        872       0.107182       0.302673    2.22045e-16
   872        873       0.107182       0.302673    2.22045e-16
   873        874       0.107182       0.302673    2.22045e-16
   874        875       0.107182       0.302673    2.22045e-16
   875        876       0.107182       0.302673    2.22045e-16
   876        877       0.107182       0.302673    2.22045e-16
   877        878       0.107182       0.302673    2.22045e-16
   878        879       0.107182       0.302673    2.22045e-16
   879        880       0.107182       0.302673    2.22045e-16
   880        881       0.107182       0.302673    2.22045e-16
   881        882       0.107182       0.302673    2.22045e-16
   882        883       0.107182       0.302673    2.22045e-16
   883        884       0.107182       0.302673    2.22045e-16
   884        885       0.107182       0.302673    2.22045e-16
   885        886       0.107182       0.302673    2.22045e-16
   886        887       0.107182       0.302673    2.22045e-16
   887        888       0.107182       0.302673    2.22045e-16
   888        889       0.107182       0.302673    2.22045e-16
   889        890       0.107182       0.302673    2.22045e-16
   890        891       0.107182       0.302673    2.22045e-16
   891        892       0.107182       0.302673    2.22045e-16
   892        893       0.107182       0.302673    2.22045e-16
   893        894       0.107182       0.302673    2.22045e-16
   894        895       0.107182       0.302673    2.22045e-16
   895        896       0.107182       0.302673    2.22045e-16
   896        897       0.107182       0.302673    2.22045e-16
   897        898       0.107182       0.302673    2.22045e-16
   898        899       0.107182       0.302673    2.22045e-16
   899        900       0.107182       0.302673    2.22045e-16
   900        901       0.107182       0.302673    2.22045e-16

                           Best        Current           Mean
Iteration   f-count         f(x)         f(x)         temperature
   901        902       0.107182       0.302673    2.22045e-16
   902        903       0.107182       0.302673    2.22045e-16
   903        904       0.107182       0.302673    2.22045e-16
   904        905       0.107182       0.302673    2.22045e-16
   905        906       0.107182       0.302673    2.22045e-16
   906        907       0.107182       0.302673    2.22045e-16
   907        908       0.107182       0.302673    2.22045e-16
   908        909       0.107182       0.302673    2.22045e-16
   909        910       0.107182       0.302673    2.22045e-16
   910        911       0.107182       0.302673    2.22045e-16
   911        912       0.107182       0.302673    2.22045e-16
   912        913       0.107182       0.302673    2.22045e-16
   913        914       0.107182       0.302673    2.22045e-16
   914        915       0.107182       0.302673    2.22045e-16
   915        916       0.107182       0.302673    2.22045e-16
   916        917       0.107182       0.302673    2.22045e-16
   917        918       0.107182       0.302673    2.22045e-16
   918        919       0.107182       0.302673    2.22045e-16
   919        920       0.107182       0.302673    2.22045e-16
   920        921       0.107182       0.302673    2.22045e-16
   921        922       0.107182       0.302673    2.22045e-16
   922        923       0.107182       0.302673    2.22045e-16
   923        924       0.107182       0.302673    2.22045e-16
   924        925       0.107182       0.302673    2.22045e-16
   925        926       0.107182       0.302673    2.22045e-16
   926        927       0.107182       0.302673    2.22045e-16
   927        928       0.107182       0.302673    2.22045e-16
   928        929       0.107182       0.302673    2.22045e-16
   929        930       0.107182       0.302673    2.22045e-16
   930        931       0.107182       0.302673    2.22045e-16

                           Best        Current           Mean
Iteration   f-count         f(x)         f(x)         temperature
   931        932       0.107182       0.302673    2.22045e-16
   932        933       0.107182       0.302673    2.22045e-16
   933        934       0.107182       0.302673    2.22045e-16
   934        935       0.107182       0.302673    2.22045e-16
   935        936       0.107182       0.302673    2.22045e-16
   936        937       0.107182       0.302673    2.22045e-16
   937        938       0.107182       0.302673    2.22045e-16
   938        939       0.107182       0.302673    2.22045e-16
   939        940       0.107182       0.302673    2.22045e-16
   940        941       0.107182       0.302673    2.22045e-16
   941        942       0.107182       0.302673    2.22045e-16
   942        943       0.107182       0.302673    2.22045e-16
   943        944       0.107182       0.302673    2.22045e-16
   944        945       0.107182       0.302673    2.22045e-16
   945        946       0.107182       0.302673    2.22045e-16
   946        947       0.107182       0.302673    2.22045e-16
   947        948       0.107182       0.302673    2.22045e-16
   948        949       0.107182       0.302673    2.22045e-16
   949        950       0.107182       0.302673    2.22045e-16
   950        951       0.107182       0.302673    2.22045e-16
   951        952       0.107182       0.302673    2.22045e-16
   952        953       0.107182       0.302673    2.22045e-16
   953        954       0.107182       0.302673    2.22045e-16
   954        955       0.107182       0.302673    2.22045e-16
   955        956       0.107182       0.302673    2.22045e-16
   956        957       0.107182       0.302673    2.22045e-16
   957        958       0.107182       0.302673    2.22045e-16
   958        959       0.107182       0.302673    2.22045e-16
   959        960       0.107182       0.302673    2.22045e-16
   960        961       0.107182       0.302673    2.22045e-16

                           Best        Current           Mean
Iteration   f-count         f(x)         f(x)         temperature
   961        962       0.107182       0.302673    2.22045e-16
   962        963       0.107182       0.302673    2.22045e-16
   963        964       0.107182       0.302673    2.22045e-16
   964        965       0.107182       0.302673    2.22045e-16
   965        966       0.107182       0.302673    2.22045e-16
   966        967       0.107182       0.302673    2.22045e-16
   967        968       0.107182       0.302673    2.22045e-16
   968        969       0.107182       0.302673    2.22045e-16
   969        970       0.107182       0.302673    2.22045e-16
   970        971       0.107182       0.302673    2.22045e-16
   971        972       0.107182       0.302673    2.22045e-16
   972        973       0.107182       0.302673    2.22045e-16
   973        974       0.107182       0.302673    2.22045e-16
   974        975       0.107182       0.302673    2.22045e-16
   975        976       0.107182       0.302673    2.22045e-16
   976        977       0.107182       0.302673    2.22045e-16
   977        978       0.107182       0.302673    2.22045e-16
   978        979       0.107182       0.302673    2.22045e-16
   979        980       0.107182       0.302673    2.22045e-16
   980        981       0.107182       0.302673    2.22045e-16
   981        982       0.107182       0.302673    2.22045e-16
   982        983       0.107182       0.302673    2.22045e-16
   983        984       0.107182       0.302673    2.22045e-16
   984        985       0.107182       0.302673    2.22045e-16
   985        986       0.107182       0.302673    2.22045e-16
   986        987       0.107182       0.302673    2.22045e-16
   987        988       0.107182       0.302673    2.22045e-16
   988        989       0.107182       0.302673    2.22045e-16
   989        990       0.107182       0.302673    2.22045e-16
   990        991       0.107182       0.302673    2.22045e-16

                           Best        Current           Mean
Iteration   f-count         f(x)         f(x)         temperature
   991        992       0.107182       0.302673    2.22045e-16
   992        993       0.107182       0.302673    2.22045e-16
   993        994       0.107182       0.302673    2.22045e-16
   994        995       0.107182       0.302673    2.22045e-16
   995        996       0.107182       0.302673    2.22045e-16
   996        997       0.107182       0.302673    2.22045e-16
   997        998       0.107182       0.302673    2.22045e-16
   998        999       0.107182       0.302673    2.22045e-16
   999       1000       0.107182       0.302673    2.22045e-16
  1000       1001       0.107182       0.302673    2.22045e-16
  1001       1002       0.107182       0.302673    2.22045e-16
  1002       1003       0.107182       0.302673    2.22045e-16
  1003       1004       0.107182       0.302673    2.22045e-16
  1004       1005       0.107182       0.302673    2.22045e-16
  1005       1006       0.107182       0.302673    2.22045e-16
  1006       1007       0.107182       0.302673    2.22045e-16
  1007       1008       0.107182       0.302673    2.22045e-16
  1008       1009       0.107182       0.302673    2.22045e-16
  1009       1010       0.107182       0.302673    2.22045e-16
  1010       1011       0.107182       0.302673    2.22045e-16
  1011       1012       0.107182       0.302673    2.22045e-16
  1012       1013       0.107182       0.302673    2.22045e-16
Optimization terminated: change in best function value less than options.TolFun.

vetor =

    1.0000   18.0000    1.0000    1.1400


	 HdL: 1.000  t1dt0: 18.000  L1dL0: 1.000  Alpha: 1.140
