\nSimulated Annealing...Discreted\n

	 Fitness Limit : -Inf
Diagnostic information.
	objective function = @sa_cav_y_4dof
	X0 = [  1 9 0.7 1.34 ]
Modified options:
	options.AnnealingFcn = @d_annealing_c4
	options.TemperatureFcn = @temperaturefast
	options.StallIterLimit = 1000
	options.InitialTemperature = [  100 100 100 100 ]
	options.Display = 'diagnose'
	options.ReannealInterval = 10
	options.DisplayInterval = 1 
	options.AcceptanceFcn = @acceptancesa
End of diagnostic information.


                           Best        Current           Mean
Iteration   f-count         f(x)         f(x)         temperature
     0          1      0.0932996      0.0932996            100
     1          2      0.0932996      0.0932996             50
     2          3      0.0932996      0.0932996        33.3333
     3          4      0.0932996      0.0932996             25
     4          5      0.0932996      0.0932996             20
     5          6      0.0932996       0.230094        16.6667
     6          7      0.0932996       0.230094        14.2857
     7          8      0.0932996       0.230094           12.5
     8          9      0.0932996       0.230094        11.1111
     9         10      0.0890066      0.0890066             10
    10         11      0.0890066      0.0890066        9.09091
    11         12      0.0890066       0.917295        8.33333
    12         13      0.0890066      0.0954608        7.69231
    13         14      0.0890066      0.0954608        7.14286
    14         15      0.0890066      0.0954608        6.66667
    15         16      0.0890066      0.0954608           6.25
    16         17      0.0890066       0.139503        5.88235
    17         18      0.0890066       0.119302        5.55556
    18         19      0.0890066       0.119302        5.26316
    19         20      0.0890066       0.119302              5
    20         21      0.0890066       0.119302         4.7619
    21         22      0.0890066       0.119302        4.54545
    22         23      0.0890066       0.119302        4.34783
    23         24      0.0890066       0.190996        4.16667
    24         25      0.0890066       0.190996              4
    25         26      0.0890066       0.190996        3.84615
    26         27      0.0890066       0.190996         3.7037
    27         28      0.0890066       0.190996        3.57143
    28         29      0.0890066       0.240888        3.44828
    29         30      0.0890066       0.240888        3.33333
*   30         31      0.0890066       0.159948            100

                           Best        Current           Mean
Iteration   f-count         f(x)         f(x)         temperature
    31         32      0.0890066       0.159948             50
    32         33      0.0890066       0.159948        33.3333
    33         34      0.0890066       0.159948             25
    34         35      0.0890066       0.159948             20
    35         36      0.0890066       0.159948        16.6667
    36         37      0.0890066       0.159948        14.2857
    37         38      0.0890066       0.159948           12.5
    38         39      0.0890066       0.178664        11.1111
    39         40      0.0890066       0.178664             10
    40         41      0.0890066       0.141241        9.09091
    41         42      0.0890066      0.0952819        8.33333
    42         43      0.0890066      0.0952819        7.69231
    43         44      0.0890066      0.0952819        7.14286
    44         45      0.0890066       0.264906        6.66667
    45         46      0.0881571      0.0881571           6.25
    46         47      0.0881571      0.0881571        5.88235
    47         48      0.0881571       0.285979        5.55556
    48         49      0.0881571       0.285979        5.26316
    49         50      0.0881571       0.225754              5
    50         51      0.0881571       0.169904         4.7619
    51         52      0.0881571       0.169904        4.54545
    52         53      0.0881571       0.169904        4.34783
    53         54      0.0881571       0.169904        4.16667
    54         55      0.0881571       0.169904              4
    55         56      0.0881571       0.138215        3.84615
*   56         57      0.0881571      0.0887803            100
    57         58      0.0881571      0.0887803             50
    58         59      0.0881571      0.0887803        33.3333
    59         60      0.0881571      0.0887803             25
    60         61      0.0881571      0.0887803             20

                           Best        Current           Mean
Iteration   f-count         f(x)         f(x)         temperature
    61         62      0.0881571      0.0887803        16.6667
    62         63      0.0881571      0.0887803        14.2857
    63         64      0.0881571      0.0887803           12.5
    64         65      0.0881571      0.0887803        11.1111
    65         66      0.0881571       0.164353             10
    66         67      0.0881571      0.0959016        9.09091
    67         68      0.0881571      0.0959016        8.33333
    68         69      0.0881571      0.0959016        7.69231
    69         70      0.0881571      0.0959016        7.14286
    70         71      0.0881571       0.092825        6.66667
    71         72      0.0881571       0.092825           6.25
    72         73      0.0881571       0.092825        5.88235
    73         74      0.0881571       0.092825        5.55556
    74         75      0.0881571       0.092825        5.26316
    75         76      0.0881571       0.092825              5
    76         77      0.0881571       0.092825         4.7619
    77         78      0.0881571       0.092825        4.54545
    78         79      0.0881571       0.278338        4.34783
    79         80      0.0881571      0.0906669        4.16667
    80         81      0.0881571      0.0906669              4
    81         82      0.0881571      0.0906669        3.84615
    82         83      0.0881571      0.0906669         3.7037
    83         84      0.0881571      0.0906669        3.57143
    84         85      0.0881571      0.0906669        3.44828
    85         86      0.0881571      0.0906669        3.33333
    86         87      0.0881571      0.0906669        3.22581
    87         88      0.0881571       0.113818          3.125
    88         89      0.0881571       0.113818         3.0303
    89         90      0.0881571       0.113818        2.94118
    90         91      0.0881571       0.113818        2.85714

                           Best        Current           Mean
Iteration   f-count         f(x)         f(x)         temperature
    91         92      0.0881571       0.331804        2.77778
    92         93      0.0881571        1.32998         2.7027
    93         94      0.0881571       0.417581        2.63158
*   94         95      0.0881571       0.397537            100
    95         96      0.0881571       0.397537             50
    96         97      0.0881571       0.397537        33.3333
    97         98      0.0881571       0.397537             25
    98         99      0.0881571       0.397537             20
    99        100      0.0881571       0.397537        16.6667
   100        101      0.0881571       0.397537        14.2857
   101        102      0.0881571       0.168254           12.5
   102        103      0.0881571       0.168254        11.1111
   103        104      0.0881571       0.169731             10
   104        105      0.0881571       0.153591        9.09091
   105        106      0.0881571       0.153591        8.33333
   106        107      0.0881571       0.153591        7.69231
   107        108      0.0881571       0.161881        7.14286
   108        109      0.0881571       0.104502        6.66667
   109        110      0.0881571       0.318232           6.25
   110        111      0.0881571       0.318232        5.88235
[Warning: Unable to complete the meshing step. Please try the alternate mesher
version that can be selected in pdetool using the Mesh Parameters dialog or in
the initmesh function using the 'MesherVersion', 'R2013a' option.] 
   111        112      0.0881571       0.318232        5.55556
   112        113      0.0881571       0.119316        5.26316
   113        114      0.0881571       0.119316              5
   114        115      0.0881571       0.411221         4.7619
   115        116      0.0881571       0.119664        4.54545
*  116        117      0.0881571       0.417841            100
   117        118      0.0881571       0.417841             50
   118        119      0.0881571       0.417841        33.3333
   119        120      0.0881571       0.337548             25
   120        121      0.0881571       0.337548             20

                           Best        Current           Mean
Iteration   f-count         f(x)         f(x)         temperature
   121        122      0.0881571       0.337548        16.6667
   122        123      0.0881571       0.337548        14.2857
   123        124      0.0881571       0.337548           12.5
   124        125      0.0881571       0.337548        11.1111
   125        126      0.0881571       0.337548             10
   126        127      0.0881571       0.337548        9.09091
   127        128      0.0881571       0.337548        8.33333
   128        129      0.0881571       0.337548        7.69231
   129        130      0.0881571       0.337548        7.14286
   130        131      0.0881571       0.337548        6.66667
   131        132      0.0881571       0.337548           6.25
   132        133      0.0881571       0.337548        5.88235
   133        134      0.0881571       0.337548        5.55556
   134        135      0.0881571       0.337548        5.26316
   135        136      0.0881571       0.337548              5
   136        137      0.0881571       0.337548         4.7619
   137        138      0.0881571       0.337548        4.54545
   138        139      0.0881571       0.337548        4.34783
   139        140      0.0881571       0.337548        4.16667
   140        141      0.0881571       0.337548              4
   141        142      0.0881571       0.337548        3.84615
   142        143      0.0881571       0.337548         3.7037
   143        144      0.0881571       0.337548        3.57143
   144        145      0.0881571       0.337548        3.44828
   145        146      0.0881571       0.337548        3.33333
   146        147      0.0881571       0.337548        3.22581
   147        148      0.0881571       0.337548          3.125
   148        149      0.0881571       0.337548         3.0303
   149        150      0.0881571       0.337548        2.94118
   150        151      0.0881571       0.337548        2.85714

                           Best        Current           Mean
Iteration   f-count         f(x)         f(x)         temperature
   151        152      0.0881571       0.337548        2.77778
   152        153      0.0881571       0.337548         2.7027
   153        154      0.0881571       0.337548        2.63158
   154        155      0.0881571       0.337548         2.5641
   155        156      0.0881571       0.337548            2.5
   156        157      0.0881571       0.337548        2.43902
   157        158      0.0881571       0.337548        2.38095
   158        159      0.0881571       0.337548        2.32558
   159        160      0.0881571       0.337548        2.27273
   160        161      0.0881571       0.337548        2.22222
   161        162      0.0881571       0.337548        2.17391
   162        163      0.0881571       0.337548        2.12766
   163        164      0.0881571       0.337548        2.08333
   164        165      0.0881571       0.337548        2.04082
   165        166      0.0881571       0.337548              2
   166        167      0.0881571       0.337548        1.96078
   167        168      0.0881571       0.337548        1.92308
   168        169      0.0881571       0.337548        1.88679
   169        170      0.0881571       0.337548        1.85185
   170        171      0.0881571       0.337548        1.81818
   171        172      0.0881571       0.337548        1.78571
   172        173      0.0881571       0.337548        1.75439
   173        174      0.0881571       0.337548        1.72414
   174        175      0.0881571       0.337548        1.69492
   175        176      0.0881571       0.337548        1.66667
   176        177      0.0881571       0.337548        1.63934
   177        178      0.0881571       0.337548         1.6129
   178        179      0.0881571       0.337548         1.5873
   179        180      0.0881571       0.337548         1.5625
   180        181      0.0881571       0.337548        1.53846

                           Best        Current           Mean
Iteration   f-count         f(x)         f(x)         temperature
   181        182      0.0881571       0.337548        1.51515
   182        183      0.0881571       0.337548        1.49254
   183        184      0.0881571       0.337548        1.47059
   184        185      0.0881571       0.337548        1.44928
   185        186      0.0881571       0.337548        1.42857
   186        187      0.0881571       0.337548        1.40845
   187        188      0.0881571       0.337548        1.38889
   188        189      0.0881571       0.337548        1.36986
   189        190      0.0881571       0.337548        1.35135
   190        191      0.0881571       0.337548        1.33333
   191        192      0.0881571       0.337548        1.31579
   192        193      0.0881571       0.337548         1.2987
   193        194      0.0881571       0.337548        1.28205
   194        195      0.0881571       0.337548        1.26582
   195        196      0.0881571       0.337548           1.25
   196        197      0.0881571       0.337548        1.23457
   197        198      0.0881571       0.337548        1.21951
   198        199      0.0881571       0.337548        1.20482
   199        200      0.0881571       0.337548        1.19048
   200        201      0.0881571       0.337548        1.17647
   201        202      0.0881571       0.337548        1.16279
   202        203      0.0881571       0.337548        1.14943
   203        204      0.0881571       0.337548        1.13636
   204        205      0.0881571       0.337548         1.1236
   205        206      0.0881571       0.337548        1.11111
   206        207      0.0881571       0.337548         1.0989
   207        208      0.0881571       0.337548        1.08696
   208        209      0.0881571       0.337548        1.07527
   209        210      0.0881571       0.337548        1.06383
   210        211      0.0881571       0.337548        1.05263

                           Best        Current           Mean
Iteration   f-count         f(x)         f(x)         temperature
   211        212      0.0881571       0.337548        1.04167
   212        213      0.0881571       0.337548        1.03093
   213        214      0.0881571       0.337548        1.02041
   214        215      0.0881571       0.337548         1.0101
   215        216      0.0881571       0.337548              1
   216        217      0.0881571       0.337548       0.990099
   217        218      0.0881571       0.337548       0.980392
   218        219      0.0881571       0.337548       0.970874
   219        220      0.0881571       0.337548       0.961538
   220        221      0.0881571       0.337548       0.952381
   221        222      0.0881571       0.337548       0.943396
   222        223      0.0881571       0.337548       0.934579
   223        224      0.0881571       0.337548       0.925926
   224        225      0.0881571       0.337548       0.917431
   225        226      0.0881571       0.337548       0.909091
   226        227      0.0881571       0.337548       0.900901
   227        228      0.0881571       0.337548       0.892857
   228        229      0.0881571       0.337548       0.884956
   229        230      0.0881571       0.337548       0.877193
   230        231      0.0881571       0.337548       0.869565
   231        232      0.0881571       0.337548       0.862069
   232        233      0.0881571       0.337548       0.854701
   233        234      0.0881571       0.337548       0.847458
   234        235      0.0881571       0.337548       0.840336
   235        236      0.0881571       0.337548       0.833333
   236        237      0.0881571       0.337548       0.826446
   237        238      0.0881571       0.337548       0.819672
   238        239      0.0881571       0.337548       0.813008
   239        240      0.0881571       0.337548       0.806452
   240        241      0.0881571       0.337548            0.8

                           Best        Current           Mean
Iteration   f-count         f(x)         f(x)         temperature
   241        242      0.0881571       0.337548       0.793651
   242        243      0.0881571       0.337548       0.787402
   243        244      0.0881571       0.337548        0.78125
   244        245      0.0881571       0.337548       0.775194
   245        246      0.0881571       0.337548       0.769231
   246        247      0.0881571       0.337548       0.763359
   247        248      0.0881571       0.337548       0.757576
   248        249      0.0881571       0.337548        0.75188
   249        250      0.0881571       0.337548       0.746269
   250        251      0.0881571       0.337548       0.740741
   251        252      0.0881571       0.337548       0.735294
   252        253      0.0881571       0.337548       0.729927
   253        254      0.0881571       0.337548       0.724638
   254        255      0.0881571       0.337548       0.719424
   255        256      0.0881571       0.337548       0.714286
   256        257      0.0881571       0.337548        0.70922
   257        258      0.0881571       0.337548       0.704225
   258        259      0.0881571       0.337548       0.699301
   259        260      0.0881571       0.337548       0.694444
   260        261      0.0881571       0.337548       0.689655
   261        262      0.0881571       0.337548       0.684932
   262        263      0.0881571       0.337548       0.680272
   263        264      0.0881571       0.337548       0.675676
   264        265      0.0881571       0.337548       0.671141
   265        266      0.0881571       0.337548       0.666667
   266        267      0.0881571       0.337548       0.662252
   267        268      0.0881571       0.337548       0.657895
   268        269      0.0881571       0.337548       0.653595
   269        270      0.0881571       0.337548       0.649351
   270        271      0.0881571       0.337548       0.645161

                           Best        Current           Mean
Iteration   f-count         f(x)         f(x)         temperature
   271        272      0.0881571       0.337548       0.641026
   272        273      0.0881571       0.337548       0.636943
   273        274      0.0881571       0.337548       0.632911
   274        275      0.0881571       0.337548       0.628931
   275        276      0.0881571       0.337548          0.625
   276        277      0.0881571       0.337548       0.621118
   277        278      0.0881571       0.337548       0.617284
   278        279      0.0881571       0.337548       0.613497
   279        280      0.0881571       0.337548       0.609756
   280        281      0.0881571       0.337548       0.606061
   281        282      0.0881571       0.337548        0.60241
   282        283      0.0881571       0.337548       0.598802
   283        284      0.0881571       0.337548       0.595238
   284        285      0.0881571       0.337548       0.591716
   285        286      0.0881571       0.337548       0.588235
   286        287      0.0881571       0.337548       0.584795
   287        288      0.0881571       0.337548       0.581395
   288        289      0.0881571       0.337548       0.578035
   289        290      0.0881571       0.337548       0.574713
   290        291      0.0881571       0.337548       0.571429
   291        292      0.0881571       0.337548       0.568182
   292        293      0.0881571       0.337548       0.564972
   293        294      0.0881571       0.337548       0.561798
   294        295      0.0881571       0.337548       0.558659
   295        296      0.0881571       0.337548       0.555556
   296        297      0.0881571       0.337548       0.552486
   297        298      0.0881571       0.337548       0.549451
   298        299      0.0881571       0.337548       0.546448
   299        300      0.0881571       0.337548       0.543478
   300        301      0.0881571       0.337548       0.540541

                           Best        Current           Mean
Iteration   f-count         f(x)         f(x)         temperature
   301        302      0.0881571       0.337548       0.537634
   302        303      0.0881571       0.337548       0.534759
   303        304      0.0881571       0.337548       0.531915
   304        305      0.0881571       0.337548       0.529101
   305        306      0.0881571       0.337548       0.526316
   306        307      0.0881571       0.337548        0.52356
   307        308      0.0881571       0.337548       0.520833
   308        309      0.0881571       0.337548       0.518135
   309        310      0.0881571       0.337548       0.515464
   310        311      0.0881571       0.337548       0.512821
   311        312      0.0881571       0.337548       0.510204
   312        313      0.0881571       0.337548       0.507614
   313        314      0.0881571       0.337548       0.505051
   314        315      0.0881571       0.337548       0.502513
   315        316      0.0881571       0.337548            0.5
   316        317      0.0881571       0.337548       0.497512
   317        318      0.0881571       0.337548        0.49505
   318        319      0.0881571       0.337548       0.492611
   319        320      0.0881571       0.337548       0.490196
   320        321      0.0881571       0.337548       0.487805
   321        322      0.0881571       0.337548       0.485437
   322        323      0.0881571       0.337548       0.483092
   323        324      0.0881571       0.337548       0.480769
   324        325      0.0881571       0.337548       0.478469
   325        326      0.0881571       0.337548        0.47619
   326        327      0.0881571       0.337548       0.473934
   327        328      0.0881571       0.337548       0.471698
   328        329      0.0881571       0.337548       0.469484
   329        330      0.0881571       0.337548        0.46729
   330        331      0.0881571       0.337548       0.465116

                           Best        Current           Mean
Iteration   f-count         f(x)         f(x)         temperature
   331        332      0.0881571       0.337548       0.462963
   332        333      0.0881571       0.337548       0.460829
   333        334      0.0881571       0.337548       0.458716
   334        335      0.0881571       0.337548       0.456621
   335        336      0.0881571       0.337548       0.454545
   336        337      0.0881571       0.337548       0.452489
   337        338      0.0881571       0.337548        0.45045
   338        339      0.0881571       0.337548        0.44843
   339        340      0.0881571       0.337548       0.446429
   340        341      0.0881571       0.337548       0.444444
   341        342      0.0881571       0.337548       0.442478
   342        343      0.0881571       0.337548       0.440529
   343        344      0.0881571       0.337548       0.438596
   344        345      0.0881571       0.337548       0.436681
   345        346      0.0881571       0.337548       0.434783
   346        347      0.0881571       0.337548         0.4329
   347        348      0.0881571       0.337548       0.431034
   348        349      0.0881571       0.337548       0.429185
   349        350      0.0881571       0.337548        0.42735
   350        351      0.0881571       0.337548       0.425532
   351        352      0.0881571       0.337548       0.423729
   352        353      0.0881571       0.337548       0.421941
   353        354      0.0881571       0.337548       0.420168
   354        355      0.0881571       0.337548        0.41841
   355        356      0.0881571       0.337548       0.416667
   356        357      0.0881571       0.337548       0.414938
   357        358      0.0881571       0.337548       0.413223
   358        359      0.0881571       0.337548       0.411523
   359        360      0.0881571       0.337548       0.409836
   360        361      0.0881571       0.337548       0.408163

                           Best        Current           Mean
Iteration   f-count         f(x)         f(x)         temperature
   361        362      0.0881571       0.337548       0.406504
   362        363      0.0881571       0.337548       0.404858
   363        364      0.0881571       0.337548       0.403226
   364        365      0.0881571       0.337548       0.401606
   365        366      0.0881571       0.337548            0.4
   366        367      0.0881571       0.337548       0.398406
   367        368      0.0881571       0.337548       0.396825
   368        369      0.0881571       0.337548       0.395257
   369        370      0.0881571       0.337548       0.393701
   370        371      0.0881571       0.337548       0.392157
   371        372      0.0881571       0.337548       0.390625
   372        373      0.0881571       0.337548       0.389105
   373        374      0.0881571       0.337548       0.387597
   374        375      0.0881571       0.337548         0.3861
   375        376      0.0881571       0.337548       0.384615
   376        377      0.0881571       0.337548       0.383142
   377        378      0.0881571       0.337548       0.381679
   378        379      0.0881571       0.337548       0.380228
   379        380      0.0881571       0.337548       0.378788
   380        381      0.0881571       0.337548       0.377358
   381        382      0.0881571       0.337548        0.37594
   382        383      0.0881571       0.337548       0.374532
   383        384      0.0881571       0.337548       0.373134
   384        385      0.0881571       0.337548       0.371747
   385        386      0.0881571       0.337548        0.37037
   386        387      0.0881571       0.337548       0.369004
   387        388      0.0881571       0.337548       0.367647
   388        389      0.0881571       0.337548         0.3663
   389        390      0.0881571       0.337548       0.364964
   390        391      0.0881571       0.337548       0.363636

                           Best        Current           Mean
Iteration   f-count         f(x)         f(x)         temperature
   391        392      0.0881571       0.337548       0.362319
   392        393      0.0881571       0.337548       0.361011
   393        394      0.0881571       0.337548       0.359712
   394        395      0.0881571       0.337548       0.358423
   395        396      0.0881571       0.337548       0.357143
   396        397      0.0881571       0.337548       0.355872
   397        398      0.0881571       0.337548        0.35461
   398        399      0.0881571       0.337548       0.353357
   399        400      0.0881571       0.337548       0.352113
   400        401      0.0881571       0.337548       0.350877
   401        402      0.0881571       0.337548        0.34965
   402        403      0.0881571       0.337548       0.348432
   403        404      0.0881571       0.337548       0.347222
   404        405      0.0881571       0.337548       0.346021
   405        406      0.0881571       0.337548       0.344828
   406        407      0.0881571       0.337548       0.343643
   407        408      0.0881571       0.337548       0.342466
   408        409      0.0881571       0.337548       0.341297
   409        410      0.0881571       0.337548       0.340136
   410        411      0.0881571       0.337548       0.338983
   411        412      0.0881571       0.337548       0.337838
   412        413      0.0881571       0.337548         0.3367
   413        414      0.0881571       0.337548        0.33557
   414        415      0.0881571       0.337548       0.334448
   415        416      0.0881571       0.337548       0.333333
   416        417      0.0881571       0.337548       0.332226
   417        418      0.0881571       0.337548       0.331126
   418        419      0.0881571       0.337548       0.330033
   419        420      0.0881571       0.337548       0.328947
   420        421      0.0881571       0.337548       0.327869

                           Best        Current           Mean
Iteration   f-count         f(x)         f(x)         temperature
   421        422      0.0881571       0.337548       0.326797
   422        423      0.0881571       0.337548       0.325733
   423        424      0.0881571       0.337548       0.324675
   424        425      0.0881571       0.337548       0.323625
   425        426      0.0881571       0.337548       0.322581
   426        427      0.0881571       0.337548       0.321543
   427        428      0.0881571       0.337548       0.320513
   428        429      0.0881571       0.337548       0.319489
   429        430      0.0881571       0.337548       0.318471
   430        431      0.0881571       0.337548        0.31746
   431        432      0.0881571       0.337548       0.316456
   432        433      0.0881571       0.337548       0.315457
   433        434      0.0881571       0.337548       0.314465
   434        435      0.0881571       0.337548        0.31348
   435        436      0.0881571       0.337548         0.3125
   436        437      0.0881571       0.337548       0.311526
   437        438      0.0881571       0.337548       0.310559
   438        439      0.0881571       0.337548       0.309598
   439        440      0.0881571       0.337548       0.308642
   440        441      0.0881571       0.337548       0.307692
   441        442      0.0881571       0.337548       0.306748
   442        443      0.0881571       0.337548        0.30581
   443        444      0.0881571       0.337548       0.304878
   444        445      0.0881571       0.337548       0.303951
   445        446      0.0881571       0.337548        0.30303
   446        447      0.0881571       0.337548       0.302115
   447        448      0.0881571       0.337548       0.301205
   448        449      0.0881571       0.337548         0.3003
   449        450      0.0881571       0.337548       0.299401
   450        451      0.0881571       0.337548       0.298507

                           Best        Current           Mean
Iteration   f-count         f(x)         f(x)         temperature
   451        452      0.0881571       0.337548       0.297619
   452        453      0.0881571       0.337548       0.296736
   453        454      0.0881571       0.337548       0.295858
   454        455      0.0881571       0.337548       0.294985
   455        456      0.0881571       0.337548       0.294118
   456        457      0.0881571       0.337548       0.293255
   457        458      0.0881571       0.337548       0.292398
   458        459      0.0881571       0.337548       0.291545
   459        460      0.0881571       0.337548       0.290698
   460        461      0.0881571       0.337548       0.289855
   461        462      0.0881571       0.337548       0.289017
   462        463      0.0881571       0.337548       0.288184
   463        464      0.0881571       0.337548       0.287356
   464        465      0.0881571       0.337548       0.286533
   465        466      0.0881571       0.337548       0.285714
   466        467      0.0881571       0.337548         0.2849
   467        468      0.0881571       0.337548       0.284091
   468        469      0.0881571       0.337548       0.283286
   469        470      0.0881571       0.337548       0.282486
   470        471      0.0881571       0.337548        0.28169
   471        472      0.0881571       0.337548       0.280899
   472        473      0.0881571       0.337548       0.280112
   473        474      0.0881571       0.337548        0.27933
   474        475      0.0881571       0.337548       0.278552
   475        476      0.0881571       0.337548       0.277778
   476        477      0.0881571       0.337548       0.277008
   477        478      0.0881571       0.337548       0.276243
   478        479      0.0881571       0.337548       0.275482
   479        480      0.0881571       0.337548       0.274725
   480        481      0.0881571       0.337548       0.273973

                           Best        Current           Mean
Iteration   f-count         f(x)         f(x)         temperature
   481        482      0.0881571       0.337548       0.273224
   482        483      0.0881571       0.337548        0.27248
   483        484      0.0881571       0.337548       0.271739
   484        485      0.0881571       0.337548       0.271003
   485        486      0.0881571       0.337548        0.27027
   486        487      0.0881571       0.337548       0.269542
   487        488      0.0881571       0.337548       0.268817
   488        489      0.0881571       0.337548       0.268097
   489        490      0.0881571       0.337548        0.26738
   490        491      0.0881571       0.337548       0.266667
   491        492      0.0881571       0.337548       0.265957
   492        493      0.0881571       0.337548       0.265252
   493        494      0.0881571       0.337548        0.26455
   494        495      0.0881571       0.337548       0.263852
   495        496      0.0881571       0.337548       0.263158
   496        497      0.0881571       0.337548       0.262467
   497        498      0.0881571       0.337548        0.26178
   498        499      0.0881571       0.337548       0.261097
   499        500      0.0881571       0.337548       0.260417
   500        501      0.0881571       0.337548        0.25974
   501        502      0.0881571       0.337548       0.259067
   502        503      0.0881571       0.337548       0.258398
   503        504      0.0881571       0.337548       0.257732
   504        505      0.0881571       0.337548       0.257069
   505        506      0.0881571       0.337548        0.25641
   506        507      0.0881571       0.337548       0.255754
   507        508      0.0881571       0.337548       0.255102
   508        509      0.0881571       0.337548       0.254453
   509        510      0.0881571       0.337548       0.253807
   510        511      0.0881571       0.337548       0.253165

                           Best        Current           Mean
Iteration   f-count         f(x)         f(x)         temperature
   511        512      0.0881571       0.337548       0.252525
   512        513      0.0881571       0.337548       0.251889
   513        514      0.0881571       0.337548       0.251256
   514        515      0.0881571       0.337548       0.250627
   515        516      0.0881571       0.337548           0.25
   516        517      0.0881571       0.337548       0.249377
   517        518      0.0881571       0.337548       0.248756
   518        519      0.0881571       0.337548       0.248139
   519        520      0.0881571       0.337548       0.247525
   520        521      0.0881571       0.337548       0.246914
   521        522      0.0881571       0.337548       0.246305
   522        523      0.0881571       0.337548         0.2457
   523        524      0.0881571       0.337548       0.245098
   524        525      0.0881571       0.337548       0.244499
   525        526      0.0881571       0.337548       0.243902
   526        527      0.0881571       0.337548       0.243309
   527        528      0.0881571       0.337548       0.242718
   528        529      0.0881571       0.337548       0.242131
   529        530      0.0881571       0.337548       0.241546
   530        531      0.0881571       0.337548       0.240964
   531        532      0.0881571       0.337548       0.240385
   532        533      0.0881571       0.337548       0.239808
   533        534      0.0881571       0.337548       0.239234
   534        535      0.0881571       0.337548       0.238663
   535        536      0.0881571       0.337548       0.238095
   536        537      0.0881571       0.337548        0.23753
   537        538      0.0881571       0.337548       0.236967
   538        539      0.0881571       0.337548       0.236407
   539        540      0.0881571       0.337548       0.235849
   540        541      0.0881571       0.337548       0.235294

                           Best        Current           Mean
Iteration   f-count         f(x)         f(x)         temperature
   541        542      0.0881571       0.337548       0.234742
   542        543      0.0881571       0.337548       0.234192
   543        544      0.0881571       0.337548       0.233645
   544        545      0.0881571       0.337548         0.2331
   545        546      0.0881571       0.337548       0.232558
   546        547      0.0881571       0.337548       0.232019
   547        548      0.0881571       0.337548       0.231481
   548        549      0.0881571       0.337548       0.230947
   549        550      0.0881571       0.337548       0.230415
   550        551      0.0881571       0.337548       0.229885
   551        552      0.0881571       0.337548       0.229358
   552        553      0.0881571       0.337548       0.228833
   553        554      0.0881571       0.337548       0.228311
   554        555      0.0881571       0.337548        0.22779
   555        556      0.0881571       0.337548       0.227273
   556        557      0.0881571       0.337548       0.226757
   557        558      0.0881571       0.337548       0.226244
   558        559      0.0881571       0.337548       0.225734
   559        560      0.0881571       0.337548       0.225225
   560        561      0.0881571       0.337548       0.224719
   561        562      0.0881571       0.337548       0.224215
   562        563      0.0881571       0.337548       0.223714
   563        564      0.0881571       0.337548       0.223214
   564        565      0.0881571       0.337548       0.222717
   565        566      0.0881571       0.337548       0.222222
   566        567      0.0881571       0.337548       0.221729
   567        568      0.0881571       0.337548       0.221239
   568        569      0.0881571       0.337548       0.220751
   569        570      0.0881571       0.337548       0.220264
   570        571      0.0881571       0.337548        0.21978

                           Best        Current           Mean
Iteration   f-count         f(x)         f(x)         temperature
   571        572      0.0881571       0.337548       0.219298
   572        573      0.0881571       0.337548       0.218818
   573        574      0.0881571       0.337548       0.218341
   574        575      0.0881571       0.337548       0.217865
   575        576      0.0881571       0.337548       0.217391
   576        577      0.0881571       0.337548        0.21692
   577        578      0.0881571       0.337548        0.21645
   578        579      0.0881571       0.337548       0.215983
   579        580      0.0881571       0.337548       0.215517
   580        581      0.0881571       0.337548       0.215054
   581        582      0.0881571       0.337548       0.214592
   582        583      0.0881571       0.337548       0.214133
   583        584      0.0881571       0.337548       0.213675
   584        585      0.0881571       0.337548        0.21322
   585        586      0.0881571       0.337548       0.212766
   586        587      0.0881571       0.337548       0.212314
   587        588      0.0881571       0.337548       0.211864
   588        589      0.0881571       0.337548       0.211416
   589        590      0.0881571       0.337548        0.21097
   590        591      0.0881571       0.337548       0.210526
   591        592      0.0881571       0.337548       0.210084
   592        593      0.0881571       0.337548       0.209644
   593        594      0.0881571       0.337548       0.209205
   594        595      0.0881571       0.337548       0.208768
   595        596      0.0881571       0.337548       0.208333
   596        597      0.0881571       0.337548         0.2079
   597        598      0.0881571       0.337548       0.207469
   598        599      0.0881571       0.337548       0.207039
   599        600      0.0881571       0.337548       0.206612
   600        601      0.0881571       0.337548       0.206186

                           Best        Current           Mean
Iteration   f-count         f(x)         f(x)         temperature
   601        602      0.0881571       0.337548       0.205761
   602        603      0.0881571       0.337548       0.205339
   603        604      0.0881571       0.337548       0.204918
   604        605      0.0881571       0.337548       0.204499
   605        606      0.0881571       0.337548       0.204082
   606        607      0.0881571       0.337548       0.203666
   607        608      0.0881571       0.337548       0.203252
   608        609      0.0881571       0.337548        0.20284
   609        610      0.0881571       0.337548       0.202429
   610        611      0.0881571       0.337548        0.20202
   611        612      0.0881571       0.337548       0.201613
   612        613      0.0881571       0.337548       0.201207
   613        614      0.0881571       0.337548       0.200803
   614        615      0.0881571       0.337548       0.200401
   615        616      0.0881571       0.337548            0.2
   616        617      0.0881571       0.337548       0.199601
   617        618      0.0881571       0.337548       0.199203
   618        619      0.0881571       0.337548       0.198807
   619        620      0.0881571       0.337548       0.198413
   620        621      0.0881571       0.337548        0.19802
   621        622      0.0881571       0.337548       0.197628
   622        623      0.0881571       0.337548       0.197239
   623        624      0.0881571       0.337548        0.19685
   624        625      0.0881571       0.337548       0.196464
   625        626      0.0881571       0.337548       0.196078
   626        627      0.0881571       0.337548       0.195695
   627        628      0.0881571       0.337548       0.195312
   628        629      0.0881571       0.337548       0.194932
   629        630      0.0881571       0.337548       0.194553
   630        631      0.0881571       0.337548       0.194175

                           Best        Current           Mean
Iteration   f-count         f(x)         f(x)         temperature
   631        632      0.0881571       0.337548       0.193798
   632        633      0.0881571       0.337548       0.193424
   633        634      0.0881571       0.337548        0.19305
   634        635      0.0881571       0.337548       0.192678
   635        636      0.0881571       0.337548       0.192308
   636        637      0.0881571       0.337548       0.191939
   637        638      0.0881571       0.337548       0.191571
   638        639      0.0881571       0.337548       0.191205
   639        640      0.0881571       0.337548        0.19084
   640        641      0.0881571       0.337548       0.190476
   641        642      0.0881571       0.337548       0.190114
   642        643      0.0881571       0.337548       0.189753
   643        644      0.0881571       0.337548       0.189394
   644        645      0.0881571       0.337548       0.189036
   645        646      0.0881571       0.337548       0.188679
   646        647      0.0881571       0.337548       0.188324
   647        648      0.0881571       0.337548        0.18797
   648        649      0.0881571       0.337548       0.187617
   649        650      0.0881571       0.337548       0.187266
   650        651      0.0881571       0.337548       0.186916
   651        652      0.0881571       0.337548       0.186567
   652        653      0.0881571       0.337548        0.18622
   653        654      0.0881571       0.337548       0.185874
   654        655      0.0881571       0.337548       0.185529
   655        656      0.0881571       0.337548       0.185185
   656        657      0.0881571       0.337548       0.184843
   657        658      0.0881571       0.337548       0.184502
   658        659      0.0881571       0.337548       0.184162
   659        660      0.0881571       0.337548       0.183824
   660        661      0.0881571       0.337548       0.183486

                           Best        Current           Mean
Iteration   f-count         f(x)         f(x)         temperature
   661        662      0.0881571       0.337548        0.18315
   662        663      0.0881571       0.337548       0.182815
   663        664      0.0881571       0.337548       0.182482
   664        665      0.0881571       0.337548       0.182149
   665        666      0.0881571       0.337548       0.181818
   666        667      0.0881571       0.337548       0.181488
   667        668      0.0881571       0.337548       0.181159
   668        669      0.0881571       0.337548       0.180832
   669        670      0.0881571       0.337548       0.180505
   670        671      0.0881571       0.337548        0.18018
   671        672      0.0881571       0.337548       0.179856
   672        673      0.0881571       0.337548       0.179533
   673        674      0.0881571       0.337548       0.179211
   674        675      0.0881571       0.337548       0.178891
   675        676      0.0881571       0.337548       0.178571
   676        677      0.0881571       0.337548       0.178253
   677        678      0.0881571       0.337548       0.177936
   678        679      0.0881571       0.337548        0.17762
   679        680      0.0881571       0.337548       0.177305
   680        681      0.0881571       0.337548       0.176991
   681        682      0.0881571       0.337548       0.176678
   682        683      0.0881571       0.337548       0.176367
   683        684      0.0881571       0.337548       0.176056
   684        685      0.0881571       0.337548       0.175747
   685        686      0.0881571       0.337548       0.175439
   686        687      0.0881571       0.337548       0.175131
   687        688      0.0881571       0.337548       0.174825
   688        689      0.0881571       0.337548        0.17452
   689        690      0.0881571       0.337548       0.174216
   690        691      0.0881571       0.337548       0.173913

                           Best        Current           Mean
Iteration   f-count         f(x)         f(x)         temperature
   691        692      0.0881571       0.337548       0.173611
   692        693      0.0881571       0.337548        0.17331
   693        694      0.0881571       0.337548        0.17301
   694        695      0.0881571       0.337548       0.172712
   695        696      0.0881571       0.337548       0.172414
   696        697      0.0881571       0.337548       0.172117
   697        698      0.0881571       0.337548       0.171821
   698        699      0.0881571       0.337548       0.171527
   699        700      0.0881571       0.337548       0.171233
   700        701      0.0881571       0.337548        0.17094
   701        702      0.0881571       0.337548       0.170648
   702        703      0.0881571       0.337548       0.170358
   703        704      0.0881571       0.337548       0.170068
   704        705      0.0881571       0.337548       0.169779
   705        706      0.0881571       0.337548       0.169492
   706        707      0.0881571       0.337548       0.169205
   707        708      0.0881571       0.337548       0.168919
   708        709      0.0881571       0.337548       0.168634
   709        710      0.0881571       0.337548        0.16835
   710        711      0.0881571       0.337548       0.168067
   711        712      0.0881571       0.337548       0.167785
   712        713      0.0881571       0.337548       0.167504
   713        714      0.0881571       0.337548       0.167224
   714        715      0.0881571       0.337548       0.166945
   715        716      0.0881571       0.337548       0.166667
   716        717      0.0881571       0.337548       0.166389
   717        718      0.0881571       0.337548       0.166113
   718        719      0.0881571       0.337548       0.165837
   719        720      0.0881571       0.337548       0.165563
   720        721      0.0881571       0.337548       0.165289

                           Best        Current           Mean
Iteration   f-count         f(x)         f(x)         temperature
   721        722      0.0881571       0.337548       0.165017
   722        723      0.0881571       0.337548       0.164745
   723        724      0.0881571       0.337548       0.164474
   724        725      0.0881571       0.337548       0.164204
   725        726      0.0881571       0.337548       0.163934
   726        727      0.0881571       0.337548       0.163666
   727        728      0.0881571       0.337548       0.163399
   728        729      0.0881571       0.337548       0.163132
   729        730      0.0881571       0.337548       0.162866
   730        731      0.0881571       0.337548       0.162602
   731        732      0.0881571       0.337548       0.162338
   732        733      0.0881571       0.337548       0.162075
   733        734      0.0881571       0.337548       0.161812
   734        735      0.0881571       0.337548       0.161551
   735        736      0.0881571       0.337548        0.16129
   736        737      0.0881571       0.337548       0.161031
   737        738      0.0881571       0.337548       0.160772
   738        739      0.0881571       0.337548       0.160514
   739        740      0.0881571       0.337548       0.160256
   740        741      0.0881571       0.337548           0.16
   741        742      0.0881571       0.337548       0.159744
   742        743      0.0881571       0.337548        0.15949
   743        744      0.0881571       0.337548       0.159236
   744        745      0.0881571       0.337548       0.158983
   745        746      0.0881571       0.337548        0.15873
   746        747      0.0881571       0.337548       0.158479
   747        748      0.0881571       0.337548       0.158228
   748        749      0.0881571       0.337548       0.157978
   749        750      0.0881571       0.337548       0.157729
   750        751      0.0881571       0.337548        0.15748

                           Best        Current           Mean
Iteration   f-count         f(x)         f(x)         temperature
   751        752      0.0881571       0.337548       0.157233
   752        753      0.0881571       0.337548       0.156986
   753        754      0.0881571       0.337548        0.15674
   754        755      0.0881571       0.337548       0.156495
   755        756      0.0881571       0.337548        0.15625
   756        757      0.0881571       0.337548       0.156006
   757        758      0.0881571       0.337548       0.155763
   758        759      0.0881571       0.337548       0.155521
   759        760      0.0881571       0.337548        0.15528
   760        761      0.0881571       0.337548       0.155039
   761        762      0.0881571       0.337548       0.154799
   762        763      0.0881571       0.337548        0.15456
   763        764      0.0881571       0.337548       0.154321
   764        765      0.0881571       0.337548       0.154083
   765        766      0.0881571       0.337548       0.153846
   766        767      0.0881571       0.337548        0.15361
   767        768      0.0881571       0.337548       0.153374
   768        769      0.0881571       0.337548       0.153139
   769        770      0.0881571       0.337548       0.152905
   770        771      0.0881571       0.337548       0.152672
   771        772      0.0881571       0.337548       0.152439
   772        773      0.0881571       0.337548       0.152207
   773        774      0.0881571       0.337548       0.151976
   774        775      0.0881571       0.337548       0.151745
   775        776      0.0881571       0.337548       0.151515
   776        777      0.0881571       0.337548       0.151286
   777        778      0.0881571       0.337548       0.151057
   778        779      0.0881571       0.337548        0.15083
   779        780      0.0881571       0.337548       0.150602
   780        781      0.0881571       0.337548       0.150376

                           Best        Current           Mean
Iteration   f-count         f(x)         f(x)         temperature
   781        782      0.0881571       0.337548        0.15015
   782        783      0.0881571       0.337548       0.149925
   783        784      0.0881571       0.337548       0.149701
   784        785      0.0881571       0.337548       0.149477
   785        786      0.0881571       0.337548       0.149254
   786        787      0.0881571       0.337548       0.149031
   787        788      0.0881571       0.337548        0.14881
   788        789      0.0881571       0.337548       0.148588
   789        790      0.0881571       0.337548       0.148368
   790        791      0.0881571       0.337548       0.148148
   791        792      0.0881571       0.337548       0.147929
   792        793      0.0881571       0.337548        0.14771
   793        794      0.0881571       0.337548       0.147493
   794        795      0.0881571       0.337548       0.147275
   795        796      0.0881571       0.337548       0.147059
   796        797      0.0881571       0.337548       0.146843
   797        798      0.0881571       0.337548       0.146628
   798        799      0.0881571       0.337548       0.146413
   799        800      0.0881571       0.337548       0.146199
   800        801      0.0881571       0.337548       0.145985
   801        802      0.0881571       0.337548       0.145773
   802        803      0.0881571       0.337548        0.14556
   803        804      0.0881571       0.337548       0.145349
   804        805      0.0881571       0.337548       0.145138
   805        806      0.0881571       0.337548       0.144928
   806        807      0.0881571       0.337548       0.144718
   807        808      0.0881571       0.337548       0.144509
   808        809      0.0881571       0.337548         0.1443
   809        810      0.0881571       0.337548       0.144092
   810        811      0.0881571       0.337548       0.143885

                           Best        Current           Mean
Iteration   f-count         f(x)         f(x)         temperature
   811        812      0.0881571       0.337548       0.143678
   812        813      0.0881571       0.337548       0.143472
   813        814      0.0881571       0.337548       0.143266
   814        815      0.0881571       0.337548       0.143062
   815        816      0.0881571       0.337548       0.142857
   816        817      0.0881571       0.337548       0.142653
   817        818      0.0881571       0.337548        0.14245
   818        819      0.0881571       0.337548       0.142248
   819        820      0.0881571       0.337548       0.142045
   820        821      0.0881571       0.337548       0.141844
   821        822      0.0881571       0.337548       0.141643
   822        823      0.0881571       0.337548       0.141443
   823        824      0.0881571       0.337548       0.141243
   824        825      0.0881571       0.337548       0.141044
   825        826      0.0881571       0.337548       0.140845
   826        827      0.0881571       0.337548       0.140647
   827        828      0.0881571       0.337548       0.140449
   828        829      0.0881571       0.337548       0.140252
   829        830      0.0881571       0.337548       0.140056
   830        831      0.0881571       0.337548        0.13986
   831        832      0.0881571       0.337548       0.139665
   832        833      0.0881571       0.337548        0.13947
   833        834      0.0881571       0.337548       0.139276
   834        835      0.0881571       0.337548       0.139082
   835        836      0.0881571       0.337548       0.138889
   836        837      0.0881571       0.337548       0.138696
   837        838      0.0881571       0.337548       0.138504
   838        839      0.0881571       0.337548       0.138313
   839        840      0.0881571       0.337548       0.138122
   840        841      0.0881571       0.337548       0.137931

                           Best        Current           Mean
Iteration   f-count         f(x)         f(x)         temperature
   841        842      0.0881571       0.337548       0.137741
   842        843      0.0881571       0.337548       0.137552
   843        844      0.0881571       0.337548       0.137363
   844        845      0.0881571       0.337548       0.137174
   845        846      0.0881571       0.337548       0.136986
   846        847      0.0881571       0.337548       0.136799
   847        848      0.0881571       0.337548       0.136612
   848        849      0.0881571       0.337548       0.136426
   849        850      0.0881571       0.337548        0.13624
   850        851      0.0881571       0.337548       0.136054
   851        852      0.0881571       0.337548        0.13587
   852        853      0.0881571       0.337548       0.135685
   853        854      0.0881571       0.337548       0.135501
   854        855      0.0881571       0.337548       0.135318
   855        856      0.0881571       0.337548       0.135135
   856        857      0.0881571       0.337548       0.134953
   857        858      0.0881571       0.337548       0.134771
   858        859      0.0881571       0.337548        0.13459
   859        860      0.0881571       0.337548       0.134409
   860        861      0.0881571       0.337548       0.134228
   861        862      0.0881571       0.337548       0.134048
   862        863      0.0881571       0.337548       0.133869
   863        864      0.0881571       0.337548        0.13369
   864        865      0.0881571       0.337548       0.133511
   865        866      0.0881571       0.337548       0.133333
   866        867      0.0881571       0.337548       0.133156
   867        868      0.0881571       0.337548       0.132979
   868        869      0.0881571       0.337548       0.132802
   869        870      0.0881571       0.337548       0.132626
   870        871      0.0881571       0.337548        0.13245

                           Best        Current           Mean
Iteration   f-count         f(x)         f(x)         temperature
   871        872      0.0881571       0.337548       0.132275
   872        873      0.0881571       0.337548         0.1321
   873        874      0.0881571       0.337548       0.131926
   874        875      0.0881571       0.337548       0.131752
   875        876      0.0881571       0.337548       0.131579
   876        877      0.0881571       0.337548       0.131406
   877        878      0.0881571       0.337548       0.131234
   878        879      0.0881571       0.337548       0.131062
   879        880      0.0881571       0.337548        0.13089
   880        881      0.0881571       0.337548       0.130719
   881        882      0.0881571       0.337548       0.130548
   882        883      0.0881571       0.337548       0.130378
   883        884      0.0881571       0.337548       0.130208
   884        885      0.0881571       0.337548       0.130039
   885        886      0.0881571       0.337548        0.12987
   886        887      0.0881571       0.337548       0.129702
   887        888      0.0881571       0.337548       0.129534
   888        889      0.0881571       0.337548       0.129366
   889        890      0.0881571       0.337548       0.129199
   890        891      0.0881571       0.337548       0.129032
   891        892      0.0881571       0.337548       0.128866
   892        893      0.0881571       0.337548         0.1287
   893        894      0.0881571       0.337548       0.128535
   894        895      0.0881571       0.337548        0.12837
   895        896      0.0881571       0.337548       0.128205
   896        897      0.0881571       0.337548       0.128041
   897        898      0.0881571       0.337548       0.127877
   898        899      0.0881571       0.337548       0.127714
   899        900      0.0881571       0.337548       0.127551
   900        901      0.0881571       0.337548       0.127389

                           Best        Current           Mean
Iteration   f-count         f(x)         f(x)         temperature
   901        902      0.0881571       0.337548       0.127226
   902        903      0.0881571       0.337548       0.127065
   903        904      0.0881571       0.337548       0.126904
   904        905      0.0881571       0.337548       0.126743
   905        906      0.0881571       0.337548       0.126582
   906        907      0.0881571       0.337548       0.126422
   907        908      0.0881571       0.337548       0.126263
   908        909      0.0881571       0.337548       0.126103
   909        910      0.0881571       0.337548       0.125945
   910        911      0.0881571       0.337548       0.125786
   911        912      0.0881571       0.337548       0.125628
   912        913      0.0881571       0.337548       0.125471
   913        914      0.0881571       0.337548       0.125313
   914        915      0.0881571       0.337548       0.125156
   915        916      0.0881571       0.337548          0.125
   916        917      0.0881571       0.337548       0.124844
   917        918      0.0881571       0.337548       0.124688
   918        919      0.0881571       0.337548       0.124533
   919        920      0.0881571       0.337548       0.124378
   920        921      0.0881571       0.337548       0.124224
   921        922      0.0881571       0.337548       0.124069
   922        923      0.0881571       0.337548       0.123916
   923        924      0.0881571       0.337548       0.123762
   924        925      0.0881571       0.337548       0.123609
   925        926      0.0881571       0.337548       0.123457
   926        927      0.0881571       0.337548       0.123305
   927        928      0.0881571       0.337548       0.123153
   928        929      0.0881571       0.337548       0.123001
   929        930      0.0881571       0.337548        0.12285
   930        931      0.0881571       0.337548       0.122699

                           Best        Current           Mean
Iteration   f-count         f(x)         f(x)         temperature
   931        932      0.0881571       0.337548       0.122549
   932        933      0.0881571       0.337548       0.122399
   933        934      0.0881571       0.337548       0.122249
   934        935      0.0881571       0.337548         0.1221
   935        936      0.0881571       0.337548       0.121951
   936        937      0.0881571       0.337548       0.121803
   937        938      0.0881571       0.337548       0.121655
   938        939      0.0881571       0.337548       0.121507
   939        940      0.0881571       0.337548       0.121359
   940        941      0.0881571       0.337548       0.121212
   941        942      0.0881571       0.337548       0.121065
   942        943      0.0881571       0.337548       0.120919
   943        944      0.0881571       0.337548       0.120773
   944        945      0.0881571       0.337548       0.120627
   945        946      0.0881571       0.337548       0.120482
   946        947      0.0881571       0.337548       0.120337
   947        948      0.0881571       0.337548       0.120192
   948        949      0.0881571       0.337548       0.120048
   949        950      0.0881571       0.337548       0.119904
   950        951      0.0881571       0.337548        0.11976
   951        952      0.0881571       0.337548       0.119617
   952        953      0.0881571       0.337548       0.119474
   953        954      0.0881571       0.337548       0.119332
   954        955      0.0881571       0.337548        0.11919
   955        956      0.0881571       0.337548       0.119048
   956        957      0.0881571       0.337548       0.118906
   957        958      0.0881571       0.337548       0.118765
   958        959      0.0881571       0.337548       0.118624
   959        960      0.0881571       0.337548       0.118483
   960        961      0.0881571       0.337548       0.118343

                           Best        Current           Mean
Iteration   f-count         f(x)         f(x)         temperature
   961        962      0.0881571       0.337548       0.118203
   962        963      0.0881571       0.337548       0.118064
   963        964      0.0881571       0.337548       0.117925
   964        965      0.0881571       0.337548       0.117786
   965        966      0.0881571       0.337548       0.117647
   966        967      0.0881571       0.337548       0.117509
   967        968      0.0881571       0.337548       0.117371
   968        969      0.0881571       0.337548       0.117233
   969        970      0.0881571       0.337548       0.117096
   970        971      0.0881571       0.337548       0.116959
   971        972      0.0881571       0.337548       0.116822
   972        973      0.0881571       0.337548       0.116686
   973        974      0.0881571       0.337548        0.11655
   974        975      0.0881571       0.337548       0.116414
   975        976      0.0881571       0.337548       0.116279
   976        977      0.0881571       0.337548       0.116144
   977        978      0.0881571       0.337548       0.116009
   978        979      0.0881571       0.337548       0.115875
   979        980      0.0881571       0.337548       0.115741
   980        981      0.0881571       0.337548       0.115607
   981        982      0.0881571       0.337548       0.115473
   982        983      0.0881571       0.337548        0.11534
   983        984      0.0881571       0.337548       0.115207
   984        985      0.0881571       0.337548       0.115075
   985        986      0.0881571       0.337548       0.114943
   986        987      0.0881571       0.337548       0.114811
   987        988      0.0881571       0.337548       0.114679
   988        989      0.0881571       0.337548       0.114548
   989        990      0.0881571       0.337548       0.114416
   990        991      0.0881571       0.337548       0.114286

                           Best        Current           Mean
Iteration   f-count         f(x)         f(x)         temperature
   991        992      0.0881571       0.337548       0.114155
   992        993      0.0881571       0.337548       0.114025
   993        994      0.0881571       0.337548       0.113895
   994        995      0.0881571       0.337548       0.113766
   995        996      0.0881571       0.337548       0.113636
   996        997      0.0881571       0.337548       0.113507
   997        998      0.0881571       0.337548       0.113379
   998        999      0.0881571       0.337548        0.11325
   999       1000      0.0881571       0.337548       0.113122
  1000       1001      0.0881571       0.337548       0.112994
  1001       1002      0.0881571       0.337548       0.112867
  1002       1003      0.0881571       0.337548        0.11274
  1003       1004      0.0881571       0.337548       0.112613
  1004       1005      0.0881571       0.337548       0.112486
  1005       1006      0.0881571       0.337548        0.11236
  1006       1007      0.0881571       0.337548       0.112233
  1007       1008      0.0881571       0.337548       0.112108
  1008       1009      0.0881571       0.337548       0.111982
  1009       1010      0.0881571       0.337548       0.111857
  1010       1011      0.0881571       0.337548       0.111732
  1011       1012      0.0881571       0.337548       0.111607
  1012       1013      0.0881571       0.337548       0.111483
  1013       1014      0.0881571       0.337548       0.111359
  1014       1015      0.0881571       0.337548       0.111235
  1015       1016      0.0881571       0.337548       0.111111
  1016       1017      0.0881571       0.337548       0.110988
  1017       1018      0.0881571       0.337548       0.110865
  1018       1019      0.0881571       0.337548       0.110742
  1019       1020      0.0881571       0.337548       0.110619
  1020       1021      0.0881571       0.337548       0.110497

                           Best        Current           Mean
Iteration   f-count         f(x)         f(x)         temperature
  1021       1022      0.0881571       0.337548       0.110375
  1022       1023      0.0881571       0.337548       0.110254
  1023       1024      0.0881571       0.337548       0.110132
  1024       1025      0.0881571       0.337548       0.110011
  1025       1026      0.0881571       0.337548        0.10989
  1026       1027      0.0881571       0.337548       0.109769
  1027       1028      0.0881571       0.337548       0.109649
  1028       1029      0.0881571       0.337548       0.109529
  1029       1030      0.0881571       0.337548       0.109409
  1030       1031      0.0881571       0.337548        0.10929
  1031       1032      0.0881571       0.337548        0.10917
  1032       1033      0.0881571       0.337548       0.109051
  1033       1034      0.0881571       0.337548       0.108932
  1034       1035      0.0881571       0.337548       0.108814
  1035       1036      0.0881571       0.337548       0.108696
  1036       1037      0.0881571       0.337548       0.108578
  1037       1038      0.0881571       0.337548        0.10846
  1038       1039      0.0881571       0.337548       0.108342
  1039       1040      0.0881571       0.337548       0.108225
  1040       1041      0.0881571       0.337548       0.108108
  1041       1042      0.0881571       0.337548       0.107991
  1042       1043      0.0881571       0.337548       0.107875
  1043       1044      0.0881571       0.337548       0.107759
  1044       1045      0.0881571       0.337548       0.107643
  1045       1046      0.0881571       0.337548       0.107527
Optimization terminated: change in best function value less than options.TolFun.

vetor =

    1.0000   17.0000    0.7000    1.3100


	 HdL: 1.000  t1dt0: 17.000  L1dL0: 0.700  Alpha: 1.310
