\nSimulated Annealing...Discreted\n

	 Fitness Limit : -Inf
Diagnostic information.
	objective function = @sa_cav_y_4dof
	X0 = [  1 11 0.7 1.15 ]
Modified options:
	options.AnnealingFcn = @d_annealing_c4
	options.TemperatureFcn = @temperaturefast
	options.StallIterLimit = 1000
	options.InitialTemperature = [  100 100 100 100 ]
	options.Display = 'diagnose'
	options.ReannealInterval = 5 
	options.DisplayInterval = 1 
	options.AcceptanceFcn = @acceptancesa
End of diagnostic information.


                           Best        Current           Mean
Iteration   f-count         f(x)         f(x)         temperature
     0          1       0.122908       0.122908            100
     1          2       0.122908       0.122908             50
     2          3       0.122908       0.122908        33.3333
     3          4       0.122908       0.122908             25
     4          5       0.122908       0.122908             20
     5          6       0.122908       0.122908        16.6667
     6          7       0.122908       0.122908        14.2857
     7          8       0.122908       0.122908           12.5
     8          9       0.122908       0.170659        11.1111
     9         10       0.122908       0.170659             10
    10         11       0.122908       0.213798        9.09091
    11         12       0.122908       0.137267        8.33333
    12         13       0.122908       0.137267        7.69231
    13         14       0.122908       0.137267        7.14286
*   14         15       0.122908       0.142268            100
    15         16       0.122908       0.142268             50
    16         17       0.122908       0.142268        33.3333
    17         18       0.122908       0.142268             25
    18         19       0.122908       0.142268             20
    19         20       0.122908       0.142268        16.6667
    20         21       0.122908       0.172043        14.2857
    21         22       0.122908       0.172043           12.5
    22         23       0.122908       0.172043        11.1111
    23         24       0.122908       0.172043             10
    24         25       0.115832       0.115832        9.09091
    25         26       0.115832       0.137824        8.33333
    26         27       0.115832       0.137824        7.69231
    27         28       0.115832       0.191287        7.14286
    28         29       0.115832       0.191287        6.66667
*   29         30       0.115832       0.131736            100
    30         31       0.115832       0.131736             50

                           Best        Current           Mean
Iteration   f-count         f(x)         f(x)         temperature
    31         32       0.115832       0.480667        33.3333
    32         33       0.115832       0.480667             25
    33         34       0.103162       0.103162             20
    34         35       0.103162        0.27943        16.6667
    35         36       0.103162       0.285869        14.2857
*   36         37       0.103162       0.159297            100
    37         38       0.103162       0.159297             50
    38         39       0.103162       0.159297        33.3333
    39         40       0.103162       0.135257             25
    40         41       0.103162       0.135257             20
    41         42       0.103162       0.135257        16.6667
    42         43       0.103162       0.143559        14.2857
    43         44       0.103162       0.143559           12.5
    44         45       0.103162       0.143559        11.1111
    45         46       0.103162       0.143559             10
    46         47       0.103162       0.128396        9.09091
    47         48       0.103162        0.12297        8.33333
    48         49       0.103162        0.12297        7.69231
*   49         50        0.10316        0.10316            100
    50         51        0.10316        0.10316             50
    51         52        0.10316        0.10316        33.3333
    52         53        0.10316        0.10316             25
    53         54        0.10316        0.10316             20
    54         55        0.10316        0.10316        16.6667
    55         56        0.10316       0.512547        14.2857
    56         57        0.10316       0.512547           12.5
    57         58        0.10316       0.512547        11.1111
    58         59        0.10316       0.512547             10
    59         60        0.10316       0.512547        9.09091
    60         61        0.10316        0.13193        8.33333

                           Best        Current           Mean
Iteration   f-count         f(x)         f(x)         temperature
    61         62        0.10316        0.13193        7.69231
    62         63        0.10316        0.13193        7.14286
    63         64        0.10316       0.247148        6.66667
    64         65        0.10316       0.136181           6.25
*   65         66        0.10316       0.342897            100
    66         67        0.10316       0.342897             50
    67         68        0.10316       0.342897        33.3333
    68         69        0.10316        0.16822             25
    69         70        0.10316        0.16822             20
    70         71        0.10316        0.16822        16.6667
    71         72        0.10316        0.16822        14.2857
    72         73        0.10316        0.16822           12.5
    73         74        0.10316        0.16822        11.1111
    74         75        0.10316        0.16822             10
    75         76        0.10316       0.495918        9.09091
    76         77        0.10316       0.495918        8.33333
    77         78        0.10316       0.495918        7.69231
    78         79        0.10316       0.130459        7.14286
    79         80        0.10316        0.12395        6.66667
    80         81        0.10316        0.12395           6.25
    81         82        0.10316        0.12395        5.88235
*   82         83        0.10316         0.1114            100
    83         84        0.10316         0.1114             50
    84         85        0.10316         0.1114        33.3333
    85         86        0.10316         0.1114             25
    86         87        0.10316         0.1114             20
    87         88        0.10316         0.1114        16.6667
    88         89        0.10316         0.1114        14.2857
    89         90        0.10316         0.1114           12.5
    90         91        0.10316         0.1114        11.1111

                           Best        Current           Mean
Iteration   f-count         f(x)         f(x)         temperature
    91         92        0.10316         0.1114             10
    92         93        0.10316       0.117818        9.09091
    93         94        0.10316       0.117818        8.33333
    94         95        0.10316       0.310263        7.69231
    95         96        0.10316       0.413294        7.14286
    96         97        0.10316       0.413294        6.66667
    97         98        0.10316       0.413294           6.25
    98         99        0.10316        0.17811        5.88235
*   99        100        0.10316       0.136926            100
   100        101        0.10316       0.136926             50
   101        102        0.10316       0.136926        33.3333
   102        103        0.10316       0.114594             25
   103        104        0.10316       0.114594             20
   104        105        0.10316       0.262248        16.6667
   105        106      0.0891691      0.0891691        14.2857
   106        107      0.0891691       0.171402           12.5
*  107        108      0.0891691       0.319065            100
   108        109      0.0891691       0.319065             50
   109        110      0.0891691       0.319065        33.3333
   110        111      0.0891691       0.319065             25
   111        112      0.0891691       0.319065             20
   112        113      0.0891691       0.319065        16.6667
   113        114      0.0891691       0.319065        14.2857
   114        115      0.0891691       0.319065           12.5
   115        116      0.0891691        1.20419        11.1111
   116        117      0.0891691        1.20419             10
   117        118      0.0820739      0.0820739        9.09091
   118        119      0.0820739       0.275657        8.33333
   119        120      0.0820739       0.126436        7.69231
   120        121      0.0820739       0.126436        7.14286

                           Best        Current           Mean
Iteration   f-count         f(x)         f(x)         temperature
   121        122      0.0820739       0.126436        6.66667
   122        123      0.0820739       0.126436           6.25
   123        124      0.0820739       0.126436        5.88235
   124        125      0.0820739       0.126436        5.55556
*  125        126      0.0820739        0.21271            100
   126        127      0.0820739       0.256332             50
   127        128      0.0820739       0.256332        33.3333
   128        129      0.0820739       0.121219             25
   129        130      0.0820739       0.121219             20
   130        131      0.0820739        0.34438        16.6667
   131        132      0.0820739       0.126365        14.2857
   132        133      0.0820739       0.126365           12.5
   133        134      0.0820739       0.126365        11.1111
   134        135      0.0820739       0.126365             10
*  135        136      0.0820739       0.102917            100
   136        137      0.0820739       0.102917             50
   137        138      0.0820739       0.102917        33.3333
   138        139      0.0820739       0.102917             25
   139        140      0.0820739      0.0873227             20
   140        141      0.0820739      0.0873227        16.6667
   141        142      0.0820739      0.0873227        14.2857
   142        143      0.0820739        1.28748           12.5
   143        144      0.0820739        1.28748        11.1111
   144        145      0.0820739        1.28748             10
   145        146      0.0820739        1.28748        9.09091
   146        147      0.0820739       0.506044        8.33333
   147        148      0.0820739       0.183264        7.69231
   148        149      0.0820739       0.183264        7.14286
*  149        150      0.0820739       0.193434            100
   150        151      0.0820739        1.80132             50

                           Best        Current           Mean
Iteration   f-count         f(x)         f(x)         temperature
   151        152      0.0820739        1.80132        33.3333
   152        153      0.0820739        1.80132             25
   153        154      0.0820739        1.80132             20
   154        155      0.0820739       0.268772        16.6667
   155        156      0.0820739       0.268772        14.2857
   156        157      0.0820739        1.87427           12.5
   157        158      0.0820739       0.135624        11.1111
*  158        159      0.0820739        1.68184            100
   159        160      0.0820739        1.68184             50
   160        161      0.0820739        1.68184        33.3333
   161        162      0.0820739        1.68184             25
   162        163      0.0820739        1.68184             20
   163        164      0.0820739       0.243965        16.6667
   164        165      0.0820739       0.243965        14.2857
   165        166      0.0820739       0.243965           12.5
   166        167      0.0820739       0.243965        11.1111
   167        168      0.0820739       0.243965             10
   168        169      0.0820739       0.243965        9.09091
   169        170      0.0820739       0.243965        8.33333
   170        171      0.0820739       0.243965        7.69231
   171        172      0.0820739       0.243965        7.14286
   172        173      0.0820739       0.243965        6.66667
   173        174      0.0820739       0.243965           6.25
   174        175      0.0820739       0.243965        5.88235
   175        176      0.0820739       0.328565        5.55556
   176        177      0.0820739       0.328565        5.26316
   177        178      0.0820739       0.328565              5
   178        179      0.0820739       0.328565         4.7619
   179        180      0.0820739       0.328565        4.54545
   180        181      0.0820739       0.328565        4.34783

                           Best        Current           Mean
Iteration   f-count         f(x)         f(x)         temperature
   181        182      0.0820739       0.328565        4.16667
   182        183      0.0820739       0.776861              4
   183        184      0.0820739       0.776861        3.84615
   184        185      0.0820739       0.776861         3.7037
   185        186      0.0820739       0.776861        3.57143
   186        187      0.0820739        1.22155        3.44828
   187        188      0.0820739        1.22155        3.33333
*  188        189      0.0820739       0.798436            100
   189        190      0.0820739       0.798436             50
   190        191      0.0820739       0.140323        33.3333
   191        192      0.0820739       0.140323             25
   192        193      0.0820739       0.140323             20
   193        194      0.0820739       0.140323        16.6667
   194        195      0.0820739       0.140323        14.2857
   195        196      0.0820739       0.140323           12.5
   196        197      0.0820739       0.140323        11.1111
   197        198      0.0820739       0.140323             10
   198        199      0.0820739       0.140323        9.09091
   199        200      0.0820739       0.140323        8.33333
   200        201      0.0820739       0.140323        7.69231
   201        202      0.0820739       0.140323        7.14286
   202        203      0.0820739       0.140323        6.66667
   203        204      0.0820739       0.140323           6.25
   204        205      0.0820739       0.140323        5.88235
   205        206      0.0820739       0.140323        5.55556
   206        207      0.0820739       0.140323        5.26316
   207        208      0.0820739       0.140323              5
   208        209      0.0820739       0.140323         4.7619
   209        210      0.0820739       0.140323        4.54545
   210        211      0.0820739       0.140323        4.34783

                           Best        Current           Mean
Iteration   f-count         f(x)         f(x)         temperature
   211        212      0.0820739       0.140323        4.16667
   212        213      0.0820739       0.140323              4
   213        214      0.0820739       0.140323        3.84615
   214        215      0.0820739       0.140323         3.7037
   215        216      0.0820739       0.140323        3.57143
   216        217      0.0820739       0.140323        3.44828
   217        218      0.0820739       0.140323        3.33333
   218        219      0.0820739       0.140323        3.22581
   219        220      0.0820739       0.140323          3.125
   220        221      0.0820739       0.140323         3.0303
   221        222      0.0820739       0.140323        2.94118
   222        223      0.0820739       0.140323        2.85714
   223        224      0.0820739       0.140323        2.77778
   224        225      0.0820739       0.140323         2.7027
   225        226      0.0820739       0.140323        2.63158
   226        227      0.0820739       0.140323         2.5641
   227        228      0.0820739       0.140323            2.5
   228        229      0.0820739       0.140323        2.43902
   229        230      0.0820739       0.140323        2.38095
   230        231      0.0820739       0.140323        2.32558
   231        232      0.0820739       0.140323        2.27273
   232        233      0.0820739       0.140323        2.22222
   233        234      0.0820739       0.140323        2.17391
   234        235      0.0820739       0.140323        2.12766
   235        236      0.0820739       0.140323        2.08333
   236        237      0.0820739       0.140323        2.04082
   237        238      0.0820739       0.140323              2
   238        239      0.0820739       0.140323        1.96078
   239        240      0.0820739       0.140323        1.92308
   240        241      0.0820739       0.140323        1.88679

                           Best        Current           Mean
Iteration   f-count         f(x)         f(x)         temperature
   241        242      0.0820739       0.140323        1.85185
   242        243      0.0820739       0.140323        1.81818
   243        244      0.0820739       0.140323        1.78571
   244        245      0.0820739       0.140323        1.75439
   245        246      0.0820739       0.140323        1.72414
   246        247      0.0820739       0.140323        1.69492
   247        248      0.0820739       0.140323        1.66667
   248        249      0.0820739       0.140323        1.63934
   249        250      0.0820739       0.140323         1.6129
   250        251      0.0820739       0.140323         1.5873
   251        252      0.0820739       0.140323         1.5625
   252        253      0.0820739       0.140323        1.53846
   253        254      0.0820739       0.140323        1.51515
   254        255      0.0820739       0.140323        1.49254
   255        256      0.0820739       0.140323        1.47059
   256        257      0.0820739       0.140323        1.44928
   257        258      0.0820739       0.140323        1.42857
   258        259      0.0820739       0.140323        1.40845
   259        260      0.0820739       0.140323        1.38889
   260        261      0.0820739       0.140323        1.36986
   261        262      0.0820739       0.140323        1.35135
   262        263      0.0820739       0.140323        1.33333
   263        264      0.0820739       0.140323        1.31579
   264        265      0.0820739       0.140323         1.2987
   265        266      0.0820739       0.140323        1.28205
   266        267      0.0820739       0.140323        1.26582
   267        268      0.0820739       0.140323           1.25
   268        269      0.0820739       0.140323        1.23457
   269        270      0.0820739       0.140323        1.21951
   270        271      0.0820739       0.140323        1.20482

                           Best        Current           Mean
Iteration   f-count         f(x)         f(x)         temperature
   271        272      0.0820739       0.140323        1.19048
   272        273      0.0820739       0.140323        1.17647
   273        274      0.0820739       0.140323        1.16279
   274        275      0.0820739       0.140323        1.14943
   275        276      0.0820739       0.140323        1.13636
   276        277      0.0820739       0.140323         1.1236
   277        278      0.0820739       0.140323        1.11111
   278        279      0.0820739       0.140323         1.0989
   279        280      0.0820739       0.140323        1.08696
   280        281      0.0820739       0.140323        1.07527
   281        282      0.0820739       0.140323        1.06383
   282        283      0.0820739       0.140323        1.05263
   283        284      0.0820739       0.140323        1.04167
   284        285      0.0820739       0.140323        1.03093
   285        286      0.0820739       0.140323        1.02041
   286        287      0.0820739       0.140323         1.0101
   287        288      0.0820739       0.140323              1
   288        289      0.0820739       0.140323       0.990099
   289        290      0.0820739       0.140323       0.980392
   290        291      0.0820739       0.140323       0.970874
   291        292      0.0820739       0.140323       0.961538
   292        293      0.0820739       0.140323       0.952381
   293        294      0.0820739       0.140323       0.943396
   294        295      0.0820739       0.140323       0.934579
   295        296      0.0820739       0.140323       0.925926
   296        297      0.0820739       0.140323       0.917431
   297        298      0.0820739       0.140323       0.909091
   298        299      0.0820739       0.140323       0.900901
   299        300      0.0820739       0.140323       0.892857
   300        301      0.0820739       0.140323       0.884956

                           Best        Current           Mean
Iteration   f-count         f(x)         f(x)         temperature
   301        302      0.0820739       0.140323       0.877193
   302        303      0.0820739       0.140323       0.869565
   303        304      0.0820739       0.140323       0.862069
   304        305      0.0820739       0.140323       0.854701
   305        306      0.0820739       0.140323       0.847458
   306        307      0.0820739       0.140323       0.840336
   307        308      0.0820739       0.140323       0.833333
   308        309      0.0820739       0.140323       0.826446
   309        310      0.0820739       0.140323       0.819672
   310        311      0.0820739       0.140323       0.813008
   311        312      0.0820739       0.140323       0.806452
   312        313      0.0820739       0.140323            0.8
   313        314      0.0820739       0.140323       0.793651
   314        315      0.0820739       0.140323       0.787402
   315        316      0.0820739       0.140323        0.78125
   316        317      0.0820739       0.140323       0.775194
   317        318      0.0820739       0.140323       0.769231
   318        319      0.0820739       0.140323       0.763359
   319        320      0.0820739       0.140323       0.757576
   320        321      0.0820739       0.140323        0.75188
   321        322      0.0820739       0.140323       0.746269
   322        323      0.0820739       0.140323       0.740741
   323        324      0.0820739       0.140323       0.735294
   324        325      0.0820739       0.140323       0.729927
   325        326      0.0820739       0.140323       0.724638
   326        327      0.0820739       0.140323       0.719424
   327        328      0.0820739       0.140323       0.714286
   328        329      0.0820739       0.140323        0.70922
   329        330      0.0820739       0.140323       0.704225
   330        331      0.0820739       0.140323       0.699301

                           Best        Current           Mean
Iteration   f-count         f(x)         f(x)         temperature
   331        332      0.0820739       0.140323       0.694444
   332        333      0.0820739       0.140323       0.689655
   333        334      0.0820739       0.140323       0.684932
   334        335      0.0820739       0.140323       0.680272
   335        336      0.0820739       0.140323       0.675676
   336        337      0.0820739       0.140323       0.671141
   337        338      0.0820739       0.140323       0.666667
   338        339      0.0820739       0.140323       0.662252
   339        340      0.0820739       0.140323       0.657895
   340        341      0.0820739       0.140323       0.653595
   341        342      0.0820739       0.140323       0.649351
   342        343      0.0820739       0.140323       0.645161
   343        344      0.0820739       0.140323       0.641026
   344        345      0.0820739       0.140323       0.636943
   345        346      0.0820739       0.140323       0.632911
   346        347      0.0820739       0.140323       0.628931
   347        348      0.0820739       0.140323          0.625
   348        349      0.0820739       0.140323       0.621118
   349        350      0.0820739       0.140323       0.617284
   350        351      0.0820739       0.140323       0.613497
   351        352      0.0820739       0.140323       0.609756
   352        353      0.0820739       0.140323       0.606061
   353        354      0.0820739       0.140323        0.60241
   354        355      0.0820739       0.140323       0.598802
   355        356      0.0820739       0.140323       0.595238
   356        357      0.0820739       0.140323       0.591716
   357        358      0.0820739       0.140323       0.588235
   358        359      0.0820739       0.140323       0.584795
   359        360      0.0820739       0.140323       0.581395
   360        361      0.0820739       0.140323       0.578035

                           Best        Current           Mean
Iteration   f-count         f(x)         f(x)         temperature
   361        362      0.0820739       0.140323       0.574713
   362        363      0.0820739       0.140323       0.571429
   363        364      0.0820739       0.140323       0.568182
   364        365      0.0820739       0.140323       0.564972
   365        366      0.0820739       0.140323       0.561798
   366        367      0.0820739       0.140323       0.558659
   367        368      0.0820739       0.140323       0.555556
   368        369      0.0820739       0.140323       0.552486
   369        370      0.0820739       0.140323       0.549451
   370        371      0.0820739       0.140323       0.546448
   371        372      0.0820739       0.140323       0.543478
   372        373      0.0820739       0.140323       0.540541
   373        374      0.0820739       0.140323       0.537634
   374        375      0.0820739       0.140323       0.534759
   375        376      0.0820739       0.140323       0.531915
   376        377      0.0820739       0.140323       0.529101
   377        378      0.0820739       0.140323       0.526316
   378        379      0.0820739       0.140323        0.52356
   379        380      0.0820739       0.140323       0.520833
   380        381      0.0820739       0.140323       0.518135
   381        382      0.0820739       0.140323       0.515464
   382        383      0.0820739       0.140323       0.512821
   383        384      0.0820739       0.140323       0.510204
   384        385      0.0820739       0.140323       0.507614
   385        386      0.0820739       0.140323       0.505051
   386        387      0.0820739       0.140323       0.502513
   387        388      0.0820739       0.140323            0.5
   388        389      0.0820739       0.140323       0.497512
   389        390      0.0820739       0.140323        0.49505
   390        391      0.0820739       0.140323       0.492611

                           Best        Current           Mean
Iteration   f-count         f(x)         f(x)         temperature
   391        392      0.0820739       0.140323       0.490196
   392        393      0.0820739       0.140323       0.487805
   393        394      0.0820739       0.140323       0.485437
   394        395      0.0820739       0.140323       0.483092
   395        396      0.0820739       0.140323       0.480769
   396        397      0.0820739       0.140323       0.478469
   397        398      0.0820739       0.140323        0.47619
   398        399      0.0820739       0.140323       0.473934
   399        400      0.0820739       0.140323       0.471698
   400        401      0.0820739       0.140323       0.469484
   401        402      0.0820739       0.140323        0.46729
   402        403      0.0820739       0.140323       0.465116
   403        404      0.0820739       0.140323       0.462963
   404        405      0.0820739       0.140323       0.460829
   405        406      0.0820739       0.140323       0.458716
   406        407      0.0820739       0.140323       0.456621
   407        408      0.0820739       0.140323       0.454545
   408        409      0.0820739       0.140323       0.452489
   409        410      0.0820739       0.140323        0.45045
   410        411      0.0820739       0.140323        0.44843
   411        412      0.0820739       0.140323       0.446429
   412        413      0.0820739       0.140323       0.444444
   413        414      0.0820739       0.140323       0.442478
   414        415      0.0820739       0.140323       0.440529
   415        416      0.0820739       0.140323       0.438596
   416        417      0.0820739       0.140323       0.436681
   417        418      0.0820739       0.140323       0.434783
   418        419      0.0820739       0.140323         0.4329
   419        420      0.0820739       0.140323       0.431034
   420        421      0.0820739       0.140323       0.429185

                           Best        Current           Mean
Iteration   f-count         f(x)         f(x)         temperature
   421        422      0.0820739       0.140323        0.42735
   422        423      0.0820739       0.140323       0.425532
   423        424      0.0820739       0.140323       0.423729
   424        425      0.0820739       0.140323       0.421941
   425        426      0.0820739       0.140323       0.420168
   426        427      0.0820739       0.140323        0.41841
   427        428      0.0820739       0.140323       0.416667
   428        429      0.0820739       0.140323       0.414938
   429        430      0.0820739       0.140323       0.413223
   430        431      0.0820739       0.140323       0.411523
   431        432      0.0820739       0.140323       0.409836
   432        433      0.0820739       0.140323       0.408163
   433        434      0.0820739       0.140323       0.406504
   434        435      0.0820739       0.140323       0.404858
   435        436      0.0820739       0.140323       0.403226
   436        437      0.0820739       0.140323       0.401606
   437        438      0.0820739       0.140323            0.4
   438        439      0.0820739       0.140323       0.398406
   439        440      0.0820739       0.140323       0.396825
   440        441      0.0820739       0.140323       0.395257
   441        442      0.0820739       0.140323       0.393701
   442        443      0.0820739       0.140323       0.392157
   443        444      0.0820739       0.140323       0.390625
   444        445      0.0820739       0.140323       0.389105
   445        446      0.0820739       0.140323       0.387597
   446        447      0.0820739       0.140323         0.3861
   447        448      0.0820739       0.140323       0.384615
   448        449      0.0820739       0.140323       0.383142
   449        450      0.0820739       0.140323       0.381679
   450        451      0.0820739       0.140323       0.380228

                           Best        Current           Mean
Iteration   f-count         f(x)         f(x)         temperature
   451        452      0.0820739       0.140323       0.378788
   452        453      0.0820739       0.140323       0.377358
   453        454      0.0820739       0.140323        0.37594
   454        455      0.0820739       0.140323       0.374532
   455        456      0.0820739       0.140323       0.373134
   456        457      0.0820739       0.140323       0.371747
   457        458      0.0820739       0.140323        0.37037
   458        459      0.0820739       0.140323       0.369004
   459        460      0.0820739       0.140323       0.367647
   460        461      0.0820739       0.140323         0.3663
   461        462      0.0820739       0.140323       0.364964
   462        463      0.0820739       0.140323       0.363636
   463        464      0.0820739       0.140323       0.362319
   464        465      0.0820739       0.140323       0.361011
   465        466      0.0820739       0.140323       0.359712
   466        467      0.0820739       0.140323       0.358423
   467        468      0.0820739       0.140323       0.357143
   468        469      0.0820739       0.140323       0.355872
   469        470      0.0820739       0.140323        0.35461
   470        471      0.0820739       0.140323       0.353357
   471        472      0.0820739       0.140323       0.352113
   472        473      0.0820739       0.140323       0.350877
   473        474      0.0820739       0.140323        0.34965
   474        475      0.0820739       0.140323       0.348432
   475        476      0.0820739       0.140323       0.347222
   476        477      0.0820739       0.140323       0.346021
   477        478      0.0820739       0.140323       0.344828
   478        479      0.0820739       0.140323       0.343643
   479        480      0.0820739       0.140323       0.342466
   480        481      0.0820739       0.140323       0.341297

                           Best        Current           Mean
Iteration   f-count         f(x)         f(x)         temperature
   481        482      0.0820739       0.140323       0.340136
   482        483      0.0820739       0.140323       0.338983
   483        484      0.0820739       0.140323       0.337838
   484        485      0.0820739       0.140323         0.3367
   485        486      0.0820739       0.140323        0.33557
   486        487      0.0820739       0.140323       0.334448
   487        488      0.0820739       0.140323       0.333333
   488        489      0.0820739       0.140323       0.332226
   489        490      0.0820739       0.140323       0.331126
   490        491      0.0820739       0.140323       0.330033
   491        492      0.0820739       0.140323       0.328947
   492        493      0.0820739       0.140323       0.327869
   493        494      0.0820739       0.140323       0.326797
   494        495      0.0820739       0.140323       0.325733
   495        496      0.0820739       0.140323       0.324675
   496        497      0.0820739       0.140323       0.323625
   497        498      0.0820739       0.140323       0.322581
   498        499      0.0820739       0.140323       0.321543
   499        500      0.0820739       0.140323       0.320513
   500        501      0.0820739       0.140323       0.319489
   501        502      0.0820739       0.140323       0.318471
   502        503      0.0820739       0.140323        0.31746
   503        504      0.0820739       0.140323       0.316456
   504        505      0.0820739       0.140323       0.315457
   505        506      0.0820739       0.140323       0.314465
   506        507      0.0820739       0.140323        0.31348
   507        508      0.0820739       0.140323         0.3125
   508        509      0.0820739       0.140323       0.311526
   509        510      0.0820739       0.140323       0.310559
   510        511      0.0820739       0.140323       0.309598

                           Best        Current           Mean
Iteration   f-count         f(x)         f(x)         temperature
   511        512      0.0820739       0.140323       0.308642
   512        513      0.0820739       0.140323       0.307692
   513        514      0.0820739       0.140323       0.306748
   514        515      0.0820739       0.140323        0.30581
   515        516      0.0820739       0.140323       0.304878
   516        517      0.0820739       0.140323       0.303951
   517        518      0.0820739       0.140323        0.30303
   518        519      0.0820739       0.140323       0.302115
   519        520      0.0820739       0.140323       0.301205
   520        521      0.0820739       0.140323         0.3003
   521        522      0.0820739       0.140323       0.299401
   522        523      0.0820739       0.140323       0.298507
   523        524      0.0820739       0.140323       0.297619
   524        525      0.0820739       0.140323       0.296736
   525        526      0.0820739       0.140323       0.295858
   526        527      0.0820739       0.140323       0.294985
   527        528      0.0820739       0.140323       0.294118
   528        529      0.0820739       0.140323       0.293255
   529        530      0.0820739       0.140323       0.292398
   530        531      0.0820739       0.140323       0.291545
   531        532      0.0820739       0.140323       0.290698
   532        533      0.0820739       0.140323       0.289855
   533        534      0.0820739       0.140323       0.289017
   534        535      0.0820739       0.140323       0.288184
   535        536      0.0820739       0.140323       0.287356
   536        537      0.0820739       0.140323       0.286533
   537        538      0.0820739       0.140323       0.285714
   538        539      0.0820739       0.140323         0.2849
   539        540      0.0820739       0.140323       0.284091
   540        541      0.0820739       0.140323       0.283286

                           Best        Current           Mean
Iteration   f-count         f(x)         f(x)         temperature
   541        542      0.0820739       0.140323       0.282486
   542        543      0.0820739       0.140323        0.28169
   543        544      0.0820739       0.140323       0.280899
   544        545      0.0820739       0.140323       0.280112
   545        546      0.0820739       0.140323        0.27933
   546        547      0.0820739       0.140323       0.278552
   547        548      0.0820739       0.140323       0.277778
   548        549      0.0820739       0.140323       0.277008
   549        550      0.0820739       0.140323       0.276243
   550        551      0.0820739       0.140323       0.275482
   551        552      0.0820739       0.140323       0.274725
   552        553      0.0820739       0.140323       0.273973
   553        554      0.0820739       0.140323       0.273224
   554        555      0.0820739       0.140323        0.27248
   555        556      0.0820739       0.140323       0.271739
   556        557      0.0820739       0.140323       0.271003
   557        558      0.0820739       0.140323        0.27027
   558        559      0.0820739       0.140323       0.269542
   559        560      0.0820739       0.140323       0.268817
   560        561      0.0820739       0.140323       0.268097
   561        562      0.0820739       0.140323        0.26738
   562        563      0.0820739       0.140323       0.266667
   563        564      0.0820739       0.140323       0.265957
   564        565      0.0820739       0.140323       0.265252
   565        566      0.0820739       0.140323        0.26455
   566        567      0.0820739       0.140323       0.263852
   567        568      0.0820739       0.140323       0.263158
   568        569      0.0820739       0.140323       0.262467
   569        570      0.0820739       0.140323        0.26178
   570        571      0.0820739       0.140323       0.261097

                           Best        Current           Mean
Iteration   f-count         f(x)         f(x)         temperature
   571        572      0.0820739       0.140323       0.260417
   572        573      0.0820739       0.140323        0.25974
   573        574      0.0820739       0.140323       0.259067
   574        575      0.0820739       0.140323       0.258398
   575        576      0.0820739       0.140323       0.257732
   576        577      0.0820739       0.140323       0.257069
   577        578      0.0820739       0.140323        0.25641
   578        579      0.0820739       0.140323       0.255754
   579        580      0.0820739       0.140323       0.255102
   580        581      0.0820739       0.140323       0.254453
   581        582      0.0820739       0.140323       0.253807
   582        583      0.0820739       0.140323       0.253165
   583        584      0.0820739       0.140323       0.252525
   584        585      0.0820739       0.140323       0.251889
   585        586      0.0820739       0.140323       0.251256
   586        587      0.0820739       0.140323       0.250627
   587        588      0.0820739       0.140323           0.25
   588        589      0.0820739       0.140323       0.249377
   589        590      0.0820739       0.140323       0.248756
   590        591      0.0820739       0.140323       0.248139
   591        592      0.0820739       0.140323       0.247525
   592        593      0.0820739       0.140323       0.246914
   593        594      0.0820739       0.140323       0.246305
   594        595      0.0820739       0.140323         0.2457
   595        596      0.0820739       0.140323       0.245098
   596        597      0.0820739       0.140323       0.244499
   597        598      0.0820739       0.140323       0.243902
   598        599      0.0820739       0.140323       0.243309
   599        600      0.0820739       0.140323       0.242718
   600        601      0.0820739       0.140323       0.242131

                           Best        Current           Mean
Iteration   f-count         f(x)         f(x)         temperature
   601        602      0.0820739       0.140323       0.241546
   602        603      0.0820739       0.140323       0.240964
   603        604      0.0820739       0.140323       0.240385
   604        605      0.0820739       0.140323       0.239808
   605        606      0.0820739       0.140323       0.239234
   606        607      0.0820739       0.140323       0.238663
   607        608      0.0820739       0.140323       0.238095
   608        609      0.0820739       0.140323        0.23753
   609        610      0.0820739       0.140323       0.236967
   610        611      0.0820739       0.140323       0.236407
   611        612      0.0820739       0.140323       0.235849
   612        613      0.0820739       0.140323       0.235294
   613        614      0.0820739       0.140323       0.234742
   614        615      0.0820739       0.140323       0.234192
   615        616      0.0820739       0.140323       0.233645
   616        617      0.0820739       0.140323         0.2331
   617        618      0.0820739       0.140323       0.232558
   618        619      0.0820739       0.140323       0.232019
   619        620      0.0820739       0.140323       0.231481
   620        621      0.0820739       0.140323       0.230947
   621        622      0.0820739       0.140323       0.230415
   622        623      0.0820739       0.140323       0.229885
   623        624      0.0820739       0.140323       0.229358
   624        625      0.0820739       0.140323       0.228833
   625        626      0.0820739       0.140323       0.228311
   626        627      0.0820739       0.140323        0.22779
   627        628      0.0820739       0.140323       0.227273
   628        629      0.0820739       0.140323       0.226757
   629        630      0.0820739       0.140323       0.226244
   630        631      0.0820739       0.140323       0.225734

                           Best        Current           Mean
Iteration   f-count         f(x)         f(x)         temperature
   631        632      0.0820739       0.140323       0.225225
   632        633      0.0820739       0.140323       0.224719
   633        634      0.0820739       0.140323       0.224215
   634        635      0.0820739       0.140323       0.223714
   635        636      0.0820739       0.140323       0.223214
   636        637      0.0820739       0.140323       0.222717
   637        638      0.0820739       0.140323       0.222222
   638        639      0.0820739       0.140323       0.221729
   639        640      0.0820739       0.140323       0.221239
   640        641      0.0820739       0.140323       0.220751
   641        642      0.0820739       0.140323       0.220264
   642        643      0.0820739       0.140323        0.21978
   643        644      0.0820739       0.140323       0.219298
   644        645      0.0820739       0.140323       0.218818
   645        646      0.0820739       0.140323       0.218341
   646        647      0.0820739       0.140323       0.217865
   647        648      0.0820739       0.140323       0.217391
   648        649      0.0820739       0.140323        0.21692
   649        650      0.0820739       0.140323        0.21645
   650        651      0.0820739       0.140323       0.215983
   651        652      0.0820739       0.140323       0.215517
   652        653      0.0820739       0.140323       0.215054
   653        654      0.0820739       0.140323       0.214592
   654        655      0.0820739       0.140323       0.214133
   655        656      0.0820739       0.140323       0.213675
   656        657      0.0820739       0.140323        0.21322
   657        658      0.0820739       0.140323       0.212766
   658        659      0.0820739       0.140323       0.212314
   659        660      0.0820739       0.140323       0.211864
   660        661      0.0820739       0.140323       0.211416

                           Best        Current           Mean
Iteration   f-count         f(x)         f(x)         temperature
   661        662      0.0820739       0.140323        0.21097
   662        663      0.0820739       0.140323       0.210526
   663        664      0.0820739       0.140323       0.210084
   664        665      0.0820739       0.140323       0.209644
   665        666      0.0820739       0.140323       0.209205
   666        667      0.0820739       0.140323       0.208768
   667        668      0.0820739       0.140323       0.208333
   668        669      0.0820739       0.140323         0.2079
   669        670      0.0820739       0.140323       0.207469
   670        671      0.0820739       0.140323       0.207039
   671        672      0.0820739       0.140323       0.206612
   672        673      0.0820739       0.140323       0.206186
   673        674      0.0820739       0.140323       0.205761
   674        675      0.0820739       0.140323       0.205339
   675        676      0.0820739       0.140323       0.204918
   676        677      0.0820739       0.140323       0.204499
   677        678      0.0820739       0.140323       0.204082
   678        679      0.0820739       0.140323       0.203666
   679        680      0.0820739       0.140323       0.203252
   680        681      0.0820739       0.140323        0.20284
   681        682      0.0820739       0.140323       0.202429
   682        683      0.0820739       0.140323        0.20202
   683        684      0.0820739       0.140323       0.201613
   684        685      0.0820739       0.140323       0.201207
   685        686      0.0820739       0.140323       0.200803
   686        687      0.0820739       0.140323       0.200401
   687        688      0.0820739       0.140323            0.2
   688        689      0.0820739       0.140323       0.199601
   689        690      0.0820739       0.140323       0.199203
   690        691      0.0820739       0.140323       0.198807

                           Best        Current           Mean
Iteration   f-count         f(x)         f(x)         temperature
   691        692      0.0820739       0.140323       0.198413
   692        693      0.0820739       0.140323        0.19802
   693        694      0.0820739       0.140323       0.197628
   694        695      0.0820739       0.140323       0.197239
   695        696      0.0820739       0.140323        0.19685
   696        697      0.0820739       0.140323       0.196464
   697        698      0.0820739       0.140323       0.196078
   698        699      0.0820739       0.140323       0.195695
   699        700      0.0820739       0.140323       0.195312
   700        701      0.0820739       0.140323       0.194932
   701        702      0.0820739       0.140323       0.194553
   702        703      0.0820739       0.140323       0.194175
   703        704      0.0820739       0.140323       0.193798
   704        705      0.0820739       0.140323       0.193424
   705        706      0.0820739       0.140323        0.19305
   706        707      0.0820739       0.140323       0.192678
   707        708      0.0820739       0.140323       0.192308
   708        709      0.0820739       0.140323       0.191939
   709        710      0.0820739       0.140323       0.191571
   710        711      0.0820739       0.140323       0.191205
   711        712      0.0820739       0.140323        0.19084
   712        713      0.0820739       0.140323       0.190476
   713        714      0.0820739       0.140323       0.190114
   714        715      0.0820739       0.140323       0.189753
   715        716      0.0820739       0.140323       0.189394
   716        717      0.0820739       0.140323       0.189036
   717        718      0.0820739       0.140323       0.188679
   718        719      0.0820739       0.140323       0.188324
   719        720      0.0820739       0.140323        0.18797
   720        721      0.0820739       0.140323       0.187617

                           Best        Current           Mean
Iteration   f-count         f(x)         f(x)         temperature
   721        722      0.0820739       0.140323       0.187266
   722        723      0.0820739       0.140323       0.186916
   723        724      0.0820739       0.140323       0.186567
   724        725      0.0820739       0.140323        0.18622
   725        726      0.0820739       0.140323       0.185874
   726        727      0.0820739       0.140323       0.185529
   727        728      0.0820739       0.140323       0.185185
   728        729      0.0820739       0.140323       0.184843
   729        730      0.0820739       0.140323       0.184502
   730        731      0.0820739       0.140323       0.184162
   731        732      0.0820739       0.140323       0.183824
   732        733      0.0820739       0.140323       0.183486
   733        734      0.0820739       0.140323        0.18315
   734        735      0.0820739       0.140323       0.182815
   735        736      0.0820739       0.140323       0.182482
   736        737      0.0820739       0.140323       0.182149
   737        738      0.0820739       0.140323       0.181818
   738        739      0.0820739       0.140323       0.181488
   739        740      0.0820739       0.140323       0.181159
   740        741      0.0820739       0.140323       0.180832
   741        742      0.0820739       0.140323       0.180505
   742        743      0.0820739       0.140323        0.18018
   743        744      0.0820739       0.140323       0.179856
   744        745      0.0820739       0.140323       0.179533
   745        746      0.0820739       0.140323       0.179211
   746        747      0.0820739       0.140323       0.178891
   747        748      0.0820739       0.140323       0.178571
   748        749      0.0820739       0.140323       0.178253
   749        750      0.0820739       0.140323       0.177936
   750        751      0.0820739       0.140323        0.17762

                           Best        Current           Mean
Iteration   f-count         f(x)         f(x)         temperature
   751        752      0.0820739       0.140323       0.177305
   752        753      0.0820739       0.140323       0.176991
   753        754      0.0820739       0.140323       0.176678
   754        755      0.0820739       0.140323       0.176367
   755        756      0.0820739       0.140323       0.176056
   756        757      0.0820739       0.140323       0.175747
   757        758      0.0820739       0.140323       0.175439
   758        759      0.0820739       0.140323       0.175131
   759        760      0.0820739       0.140323       0.174825
   760        761      0.0820739       0.140323        0.17452
   761        762      0.0820739       0.140323       0.174216
   762        763      0.0820739       0.140323       0.173913
   763        764      0.0820739       0.140323       0.173611
   764        765      0.0820739       0.140323        0.17331
   765        766      0.0820739       0.140323        0.17301
   766        767      0.0820739       0.140323       0.172712
   767        768      0.0820739       0.140323       0.172414
   768        769      0.0820739       0.140323       0.172117
   769        770      0.0820739       0.140323       0.171821
   770        771      0.0820739       0.140323       0.171527
   771        772      0.0820739       0.140323       0.171233
   772        773      0.0820739       0.140323        0.17094
   773        774      0.0820739       0.140323       0.170648
   774        775      0.0820739       0.140323       0.170358
   775        776      0.0820739       0.140323       0.170068
   776        777      0.0820739       0.140323       0.169779
   777        778      0.0820739       0.140323       0.169492
   778        779      0.0820739       0.140323       0.169205
   779        780      0.0820739       0.140323       0.168919
   780        781      0.0820739       0.140323       0.168634

                           Best        Current           Mean
Iteration   f-count         f(x)         f(x)         temperature
   781        782      0.0820739       0.140323        0.16835
   782        783      0.0820739       0.140323       0.168067
   783        784      0.0820739       0.140323       0.167785
   784        785      0.0820739       0.140323       0.167504
   785        786      0.0820739       0.140323       0.167224
   786        787      0.0820739       0.140323       0.166945
   787        788      0.0820739       0.140323       0.166667
   788        789      0.0820739       0.140323       0.166389
   789        790      0.0820739       0.140323       0.166113
   790        791      0.0820739       0.140323       0.165837
   791        792      0.0820739       0.140323       0.165563
   792        793      0.0820739       0.140323       0.165289
   793        794      0.0820739       0.140323       0.165017
   794        795      0.0820739       0.140323       0.164745
   795        796      0.0820739       0.140323       0.164474
   796        797      0.0820739       0.140323       0.164204
   797        798      0.0820739       0.140323       0.163934
   798        799      0.0820739       0.140323       0.163666
   799        800      0.0820739       0.140323       0.163399
   800        801      0.0820739       0.140323       0.163132
   801        802      0.0820739       0.140323       0.162866
   802        803      0.0820739       0.140323       0.162602
   803        804      0.0820739       0.140323       0.162338
   804        805      0.0820739       0.140323       0.162075
   805        806      0.0820739       0.140323       0.161812
   806        807      0.0820739       0.140323       0.161551
   807        808      0.0820739       0.140323        0.16129
   808        809      0.0820739       0.140323       0.161031
   809        810      0.0820739       0.140323       0.160772
   810        811      0.0820739       0.140323       0.160514

                           Best        Current           Mean
Iteration   f-count         f(x)         f(x)         temperature
   811        812      0.0820739       0.140323       0.160256
   812        813      0.0820739       0.140323           0.16
   813        814      0.0820739       0.140323       0.159744
   814        815      0.0820739       0.140323        0.15949
   815        816      0.0820739       0.140323       0.159236
   816        817      0.0820739       0.140323       0.158983
   817        818      0.0820739       0.140323        0.15873
   818        819      0.0820739       0.140323       0.158479
   819        820      0.0820739       0.140323       0.158228
   820        821      0.0820739       0.140323       0.157978
   821        822      0.0820739       0.140323       0.157729
   822        823      0.0820739       0.140323        0.15748
   823        824      0.0820739       0.140323       0.157233
   824        825      0.0820739       0.140323       0.156986
   825        826      0.0820739       0.140323        0.15674
   826        827      0.0820739       0.140323       0.156495
   827        828      0.0820739       0.140323        0.15625
   828        829      0.0820739       0.140323       0.156006
   829        830      0.0820739       0.140323       0.155763
   830        831      0.0820739       0.140323       0.155521
   831        832      0.0820739       0.140323        0.15528
   832        833      0.0820739       0.140323       0.155039
   833        834      0.0820739       0.140323       0.154799
   834        835      0.0820739       0.140323        0.15456
   835        836      0.0820739       0.140323       0.154321
   836        837      0.0820739       0.140323       0.154083
   837        838      0.0820739       0.140323       0.153846
   838        839      0.0820739       0.140323        0.15361
   839        840      0.0820739       0.140323       0.153374
   840        841      0.0820739       0.140323       0.153139

                           Best        Current           Mean
Iteration   f-count         f(x)         f(x)         temperature
   841        842      0.0820739       0.140323       0.152905
   842        843      0.0820739       0.140323       0.152672
   843        844      0.0820739       0.140323       0.152439
   844        845      0.0820739       0.140323       0.152207
   845        846      0.0820739       0.140323       0.151976
   846        847      0.0820739       0.140323       0.151745
   847        848      0.0820739       0.140323       0.151515
   848        849      0.0820739       0.140323       0.151286
   849        850      0.0820739       0.140323       0.151057
   850        851      0.0820739       0.140323        0.15083
   851        852      0.0820739       0.140323       0.150602
   852        853      0.0820739       0.140323       0.150376
   853        854      0.0820739       0.140323        0.15015
   854        855      0.0820739       0.140323       0.149925
   855        856      0.0820739       0.140323       0.149701
   856        857      0.0820739       0.140323       0.149477
   857        858      0.0820739       0.140323       0.149254
   858        859      0.0820739       0.140323       0.149031
   859        860      0.0820739       0.140323        0.14881
   860        861      0.0820739       0.140323       0.148588
   861        862      0.0820739       0.140323       0.148368
   862        863      0.0820739       0.140323       0.148148
   863        864      0.0820739       0.140323       0.147929
   864        865      0.0820739       0.140323        0.14771
   865        866      0.0820739       0.140323       0.147493
   866        867      0.0820739       0.140323       0.147275
   867        868      0.0820739       0.140323       0.147059
   868        869      0.0820739       0.140323       0.146843
   869        870      0.0820739       0.140323       0.146628
   870        871      0.0820739       0.140323       0.146413

                           Best        Current           Mean
Iteration   f-count         f(x)         f(x)         temperature
   871        872      0.0820739       0.140323       0.146199
   872        873      0.0820739       0.140323       0.145985
   873        874      0.0820739       0.140323       0.145773
   874        875      0.0820739       0.140323        0.14556
   875        876      0.0820739       0.140323       0.145349
   876        877      0.0820739       0.140323       0.145138
   877        878      0.0820739       0.140323       0.144928
   878        879      0.0820739       0.140323       0.144718
   879        880      0.0820739       0.140323       0.144509
   880        881      0.0820739       0.140323         0.1443
   881        882      0.0820739       0.140323       0.144092
   882        883      0.0820739       0.140323       0.143885
   883        884      0.0820739       0.140323       0.143678
   884        885      0.0820739       0.140323       0.143472
   885        886      0.0820739       0.140323       0.143266
   886        887      0.0820739       0.140323       0.143062
   887        888      0.0820739       0.140323       0.142857
   888        889      0.0820739       0.140323       0.142653
   889        890      0.0820739       0.140323        0.14245
   890        891      0.0820739       0.140323       0.142248
   891        892      0.0820739       0.140323       0.142045
   892        893      0.0820739       0.140323       0.141844
   893        894      0.0820739       0.140323       0.141643
   894        895      0.0820739       0.140323       0.141443
   895        896      0.0820739       0.140323       0.141243
   896        897      0.0820739       0.140323       0.141044
   897        898      0.0820739       0.140323       0.140845
   898        899      0.0820739       0.140323       0.140647
   899        900      0.0820739       0.140323       0.140449
   900        901      0.0820739       0.140323       0.140252

                           Best        Current           Mean
Iteration   f-count         f(x)         f(x)         temperature
   901        902      0.0820739       0.140323       0.140056
   902        903      0.0820739       0.140323        0.13986
   903        904      0.0820739       0.140323       0.139665
   904        905      0.0820739       0.140323        0.13947
   905        906      0.0820739       0.140323       0.139276
   906        907      0.0820739       0.140323       0.139082
   907        908      0.0820739       0.140323       0.138889
   908        909      0.0820739       0.140323       0.138696
   909        910      0.0820739       0.140323       0.138504
   910        911      0.0820739       0.140323       0.138313
   911        912      0.0820739       0.140323       0.138122
   912        913      0.0820739       0.140323       0.137931
   913        914      0.0820739       0.140323       0.137741
   914        915      0.0820739       0.140323       0.137552
   915        916      0.0820739       0.140323       0.137363
   916        917      0.0820739       0.140323       0.137174
   917        918      0.0820739       0.140323       0.136986
   918        919      0.0820739       0.140323       0.136799
   919        920      0.0820739       0.140323       0.136612
   920        921      0.0820739       0.140323       0.136426
   921        922      0.0820739       0.140323        0.13624
   922        923      0.0820739       0.140323       0.136054
   923        924      0.0820739       0.140323        0.13587
   924        925      0.0820739       0.140323       0.135685
   925        926      0.0820739       0.140323       0.135501
   926        927      0.0820739       0.140323       0.135318
   927        928      0.0820739       0.140323       0.135135
   928        929      0.0820739       0.140323       0.134953
   929        930      0.0820739       0.140323       0.134771
   930        931      0.0820739       0.140323        0.13459

                           Best        Current           Mean
Iteration   f-count         f(x)         f(x)         temperature
   931        932      0.0820739       0.140323       0.134409
   932        933      0.0820739       0.140323       0.134228
   933        934      0.0820739       0.140323       0.134048
   934        935      0.0820739       0.140323       0.133869
   935        936      0.0820739       0.140323        0.13369
   936        937      0.0820739       0.140323       0.133511
   937        938      0.0820739       0.140323       0.133333
   938        939      0.0820739       0.140323       0.133156
   939        940      0.0820739       0.140323       0.132979
   940        941      0.0820739       0.140323       0.132802
   941        942      0.0820739       0.140323       0.132626
   942        943      0.0820739       0.140323        0.13245
   943        944      0.0820739       0.140323       0.132275
   944        945      0.0820739       0.140323         0.1321
   945        946      0.0820739       0.140323       0.131926
   946        947      0.0820739       0.140323       0.131752
   947        948      0.0820739       0.140323       0.131579
   948        949      0.0820739       0.140323       0.131406
   949        950      0.0820739       0.140323       0.131234
   950        951      0.0820739       0.140323       0.131062
   951        952      0.0820739       0.140323        0.13089
   952        953      0.0820739       0.140323       0.130719
   953        954      0.0820739       0.140323       0.130548
   954        955      0.0820739       0.140323       0.130378
   955        956      0.0820739       0.140323       0.130208
   956        957      0.0820739       0.140323       0.130039
   957        958      0.0820739       0.140323        0.12987
   958        959      0.0820739       0.140323       0.129702
   959        960      0.0820739       0.140323       0.129534
   960        961      0.0820739       0.140323       0.129366

                           Best        Current           Mean
Iteration   f-count         f(x)         f(x)         temperature
   961        962      0.0820739       0.140323       0.129199
   962        963      0.0820739       0.140323       0.129032
   963        964      0.0820739       0.140323       0.128866
   964        965      0.0820739       0.140323         0.1287
   965        966      0.0820739       0.140323       0.128535
   966        967      0.0820739       0.140323        0.12837
   967        968      0.0820739       0.140323       0.128205
   968        969      0.0820739       0.140323       0.128041
   969        970      0.0820739       0.140323       0.127877
   970        971      0.0820739       0.140323       0.127714
   971        972      0.0820739       0.140323       0.127551
   972        973      0.0820739       0.140323       0.127389
   973        974      0.0820739       0.140323       0.127226
   974        975      0.0820739       0.140323       0.127065
   975        976      0.0820739       0.140323       0.126904
   976        977      0.0820739       0.140323       0.126743
   977        978      0.0820739       0.140323       0.126582
   978        979      0.0820739       0.140323       0.126422
   979        980      0.0820739       0.140323       0.126263
   980        981      0.0820739       0.140323       0.126103
   981        982      0.0820739       0.140323       0.125945
   982        983      0.0820739       0.140323       0.125786
   983        984      0.0820739       0.140323       0.125628
   984        985      0.0820739       0.140323       0.125471
   985        986      0.0820739       0.140323       0.125313
   986        987      0.0820739       0.140323       0.125156
   987        988      0.0820739       0.140323          0.125
   988        989      0.0820739       0.140323       0.124844
   989        990      0.0820739       0.140323       0.124688
   990        991      0.0820739       0.140323       0.124533

                           Best        Current           Mean
Iteration   f-count         f(x)         f(x)         temperature
   991        992      0.0820739       0.140323       0.124378
   992        993      0.0820739       0.140323       0.124224
   993        994      0.0820739       0.140323       0.124069
   994        995      0.0820739       0.140323       0.123916
   995        996      0.0820739       0.140323       0.123762
   996        997      0.0820739       0.140323       0.123609
   997        998      0.0820739       0.140323       0.123457
   998        999      0.0820739       0.140323       0.123305
   999       1000      0.0820739       0.140323       0.123153
  1000       1001      0.0820739       0.140323       0.123001
  1001       1002      0.0820739       0.140323        0.12285
  1002       1003      0.0820739       0.140323       0.122699
  1003       1004      0.0820739       0.140323       0.122549
  1004       1005      0.0820739       0.140323       0.122399
  1005       1006      0.0820739       0.140323       0.122249
  1006       1007      0.0820739       0.140323         0.1221
  1007       1008      0.0820739       0.140323       0.121951
  1008       1009      0.0820739       0.140323       0.121803
  1009       1010      0.0820739       0.140323       0.121655
  1010       1011      0.0820739       0.140323       0.121507
  1011       1012      0.0820739       0.140323       0.121359
  1012       1013      0.0820739       0.140323       0.121212
  1013       1014      0.0820739       0.140323       0.121065
  1014       1015      0.0820739       0.140323       0.120919
  1015       1016      0.0820739       0.140323       0.120773
  1016       1017      0.0820739       0.140323       0.120627
  1017       1018      0.0820739       0.140323       0.120482
  1018       1019      0.0820739       0.140323       0.120337
  1019       1020      0.0820739       0.140323       0.120192
  1020       1021      0.0820739       0.140323       0.120048

                           Best        Current           Mean
Iteration   f-count         f(x)         f(x)         temperature
  1021       1022      0.0820739       0.140323       0.119904
  1022       1023      0.0820739       0.140323        0.11976
  1023       1024      0.0820739       0.140323       0.119617
  1024       1025      0.0820739       0.140323       0.119474
  1025       1026      0.0820739       0.140323       0.119332
  1026       1027      0.0820739       0.140323        0.11919
  1027       1028      0.0820739       0.140323       0.119048
  1028       1029      0.0820739       0.140323       0.118906
  1029       1030      0.0820739       0.140323       0.118765
  1030       1031      0.0820739       0.140323       0.118624
  1031       1032      0.0820739       0.140323       0.118483
  1032       1033      0.0820739       0.140323       0.118343
  1033       1034      0.0820739       0.140323       0.118203
  1034       1035      0.0820739       0.140323       0.118064
  1035       1036      0.0820739       0.140323       0.117925
  1036       1037      0.0820739       0.140323       0.117786
  1037       1038      0.0820739       0.140323       0.117647
  1038       1039      0.0820739       0.140323       0.117509
  1039       1040      0.0820739       0.140323       0.117371
  1040       1041      0.0820739       0.140323       0.117233
  1041       1042      0.0820739       0.140323       0.117096
  1042       1043      0.0820739       0.140323       0.116959
  1043       1044      0.0820739       0.140323       0.116822
  1044       1045      0.0820739       0.140323       0.116686
  1045       1046      0.0820739       0.140323        0.11655
  1046       1047      0.0820739       0.140323       0.116414
  1047       1048      0.0820739       0.140323       0.116279
  1048       1049      0.0820739       0.140323       0.116144
  1049       1050      0.0820739       0.140323       0.116009
  1050       1051      0.0820739       0.140323       0.115875

                           Best        Current           Mean
Iteration   f-count         f(x)         f(x)         temperature
  1051       1052      0.0820739       0.140323       0.115741
  1052       1053      0.0820739       0.140323       0.115607
  1053       1054      0.0820739       0.140323       0.115473
  1054       1055      0.0820739       0.140323        0.11534
  1055       1056      0.0820739       0.140323       0.115207
  1056       1057      0.0820739       0.140323       0.115075
  1057       1058      0.0820739       0.140323       0.114943
  1058       1059      0.0820739       0.140323       0.114811
  1059       1060      0.0820739       0.140323       0.114679
  1060       1061      0.0820739       0.140323       0.114548
  1061       1062      0.0820739       0.140323       0.114416
  1062       1063      0.0820739       0.140323       0.114286
  1063       1064      0.0820739       0.140323       0.114155
  1064       1065      0.0820739       0.140323       0.114025
  1065       1066      0.0820739       0.140323       0.113895
  1066       1067      0.0820739       0.140323       0.113766
  1067       1068      0.0820739       0.140323       0.113636
  1068       1069      0.0820739       0.140323       0.113507
  1069       1070      0.0820739       0.140323       0.113379
  1070       1071      0.0820739       0.140323        0.11325
  1071       1072      0.0820739       0.140323       0.113122
  1072       1073      0.0820739       0.140323       0.112994
  1073       1074      0.0820739       0.140323       0.112867
  1074       1075      0.0820739       0.140323        0.11274
  1075       1076      0.0820739       0.140323       0.112613
  1076       1077      0.0820739       0.140323       0.112486
  1077       1078      0.0820739       0.140323        0.11236
  1078       1079      0.0820739       0.140323       0.112233
  1079       1080      0.0820739       0.140323       0.112108
  1080       1081      0.0820739       0.140323       0.111982

                           Best        Current           Mean
Iteration   f-count         f(x)         f(x)         temperature
  1081       1082      0.0820739       0.140323       0.111857
  1082       1083      0.0820739       0.140323       0.111732
  1083       1084      0.0820739       0.140323       0.111607
  1084       1085      0.0820739       0.140323       0.111483
  1085       1086      0.0820739       0.140323       0.111359
  1086       1087      0.0820739       0.140323       0.111235
  1087       1088      0.0820739       0.140323       0.111111
  1088       1089      0.0820739       0.140323       0.110988
  1089       1090      0.0820739       0.140323       0.110865
  1090       1091      0.0820739       0.140323       0.110742
  1091       1092      0.0820739       0.140323       0.110619
  1092       1093      0.0820739       0.140323       0.110497
  1093       1094      0.0820739       0.140323       0.110375
  1094       1095      0.0820739       0.140323       0.110254
  1095       1096      0.0820739       0.140323       0.110132
  1096       1097      0.0820739       0.140323       0.110011
  1097       1098      0.0820739       0.140323        0.10989
  1098       1099      0.0820739       0.140323       0.109769
  1099       1100      0.0820739       0.140323       0.109649
  1100       1101      0.0820739       0.140323       0.109529
  1101       1102      0.0820739       0.140323       0.109409
  1102       1103      0.0820739       0.140323        0.10929
  1103       1104      0.0820739       0.140323        0.10917
  1104       1105      0.0820739       0.140323       0.109051
  1105       1106      0.0820739       0.140323       0.108932
  1106       1107      0.0820739       0.140323       0.108814
  1107       1108      0.0820739       0.140323       0.108696
  1108       1109      0.0820739       0.140323       0.108578
  1109       1110      0.0820739       0.140323        0.10846
  1110       1111      0.0820739       0.140323       0.108342

                           Best        Current           Mean
Iteration   f-count         f(x)         f(x)         temperature
  1111       1112      0.0820739       0.140323       0.108225
  1112       1113      0.0820739       0.140323       0.108108
  1113       1114      0.0820739       0.140323       0.107991
  1114       1115      0.0820739       0.140323       0.107875
  1115       1116      0.0820739       0.140323       0.107759
  1116       1117      0.0820739       0.140323       0.107643
  1117       1118      0.0820739       0.140323       0.107527
Optimization terminated: change in best function value less than options.TolFun.

vetor =

    2.0000   11.0000    0.7000    1.4300


	 HdL: 2.000  t1dt0: 11.000  L1dL0: 0.700  Alpha: 1.430
