\nSimulated Annealing...Discreted\n

	 Fitness Limit : -Inf
Diagnostic information.
	objective function = @sa_cav_y_4dof
	X0 = [  1 9 0.7 1.34 ]
Modified options:
	options.AnnealingFcn = @d_annealing_c4
	options.TemperatureFcn = @tempksa
	options.StallIterLimit = 1000
	options.InitialTemperature = [  100 100 100 100 ]
	options.Display = 'diagnose'
	options.ReannealInterval = 100
	options.DisplayInterval = 1 
	options.AcceptanceFcn = @acceptancesa
End of diagnostic information.


                           Best        Current           Mean
Iteration   f-count         f(x)         f(x)         temperature
     0          1        0.25363        0.25363            100
     1          2       0.119188       0.119188            100
     2          3       0.119188       0.292175            100
     3          4        0.10641        0.10641            100
     4          5        0.10641        0.10641            100
     5          6        0.10641        2.39994            100
     6          7        0.10641       0.166435            100
     7          8        0.10641        1.25163            100
     8          9        0.10641       0.168219            100
     9         10        0.10641       0.145824            100
    10         11      0.0698141      0.0698141            100
    11         12      0.0698141         0.2911            100
    12         13      0.0698141       0.161558            100
    13         14      0.0698141       0.161558            100
    14         15      0.0698141       0.154883            100
    15         16      0.0698141      0.0719665            100
    16         17      0.0698141       0.147853            100
    17         18      0.0698141       0.124727            100
    18         19      0.0698141       0.165992            100
    19         20      0.0698141       0.110638            100
    20         21      0.0698141       0.388235            100
    21         22      0.0698141      0.0707447            100
    22         23      0.0698141      0.0830999            100
    23         24      0.0698141      0.0830999            100
    24         25      0.0698141       0.173327            100
    25         26      0.0698141      0.0933901            100
    26         27      0.0698141      0.0933901            100
    27         28      0.0698141       0.467287            100
    28         29      0.0698141      0.0736247            100
    29         30      0.0698141      0.0736247            100
    30         31      0.0698141       0.800151            100

                           Best        Current           Mean
Iteration   f-count         f(x)         f(x)         temperature
    31         32      0.0698141       0.252294            100
    32         33      0.0698141       0.149331            100
    33         34      0.0698141      0.0710455            100
    34         35      0.0698141        0.15617            100
    35         36      0.0698141       0.094992            100
    36         37      0.0698141        1.18139            100
    37         38      0.0698141       0.298153            100
    38         39      0.0698141       0.298153            100
    39         40      0.0698141       0.248542            100
    40         41      0.0698141       0.121018            100
    41         42      0.0698141       0.121018            100
    42         43      0.0698141      0.0730592            100
    43         44      0.0698141       0.134714            100
    44         45      0.0698141       0.134714            100
    45         46      0.0698141       0.123082            100
    46         47      0.0698141       0.347221            100
    47         48      0.0698141       0.150175            100
    48         49      0.0698141       0.150175            100
    49         50      0.0698141       0.130371            100
    50         51      0.0698141       0.234326            100
    51         52      0.0698141       0.234326            100
    52         53      0.0698141       0.234326            100
    53         54      0.0698141        2.29579            100
    54         55      0.0698141       0.071471            100
    55         56      0.0698141       0.172266            100
    56         57      0.0698141       0.126455            100
    57         58      0.0698141       0.177063            100
    58         59      0.0698141       0.177063            100
    59         60      0.0698141      0.0743727            100
    60         61      0.0698141      0.0725896            100

                           Best        Current           Mean
Iteration   f-count         f(x)         f(x)         temperature
    61         62      0.0698141       0.517563            100
    62         63      0.0698141       0.296932            100
    63         64      0.0698141       0.236652            100
    64         65      0.0698141       0.310219            100
    65         66      0.0698141       0.121617            100
    66         67      0.0698141       0.284123            100
    67         68      0.0698141        1.69594            100
    68         69      0.0698141      0.0713287            100
    69         70      0.0698141       0.322618            100
    70         71      0.0698141       0.145443            100
    71         72      0.0698141       0.118375            100
    72         73      0.0698141      0.0759383            100
    73         74      0.0698141      0.0718627            100
    74         75      0.0698141       0.151954            100
    75         76      0.0698141       0.162481            100
    76         77      0.0698141       0.162481            100
    77         78      0.0698141        1.18231            100
    78         79      0.0698141       0.198363            100
    79         80      0.0698141       0.412641            100
    80         81      0.0698141        0.07248            100
    81         82      0.0698141        0.07248            100
    82         83      0.0698141        1.08671            100
    83         84      0.0698141        0.15283            100
    84         85      0.0698141       0.142243            100
    85         86      0.0698141       0.142243            100
[Warning: Unable to complete the meshing step. Please try the alternate mesher
version that can be selected in pdetool using the Mesh Parameters dialog or in
the initmesh function using the 'MesherVersion', 'R2013a' option.] 
    86         87      0.0698141       0.142243            100
    87         88      0.0698141       0.142243            100
    88         89      0.0698141       0.115432            100
    89         90      0.0698141        0.23335            100
    90         91      0.0698141       0.158459            100

                           Best        Current           Mean
Iteration   f-count         f(x)         f(x)         temperature
    91         92      0.0698141      0.0711811            100
    92         93      0.0698141      0.0711811            100
    93         94      0.0698141       0.193786            100
    94         95      0.0698141      0.0990694            100
    95         96      0.0698141       0.160371            100
    96         97      0.0698141       0.135159            100
    97         98      0.0698141      0.0866437            100
    98         99      0.0698141      0.0866437            100
    99        100      0.0698141       0.197344            100
   100        101      0.0698141       0.135782             90
   101        102      0.0698141       0.153938             81
   102        103      0.0698141       0.153938           72.9
   103        104      0.0698141       0.153938          65.61
   104        105      0.0698141      0.0725006         59.049
   105        106      0.0698141      0.0859467        53.1441
   106        107      0.0698141       0.150912        47.8297
   107        108      0.0698141       0.182337        43.0467
   108        109      0.0698141       0.121569         38.742
   109        110      0.0698141       0.200951        34.8678
   110        111      0.0698141       0.072468        31.3811
   111        112      0.0698141       0.072468         28.243
   112        113      0.0698141       0.072468        25.4187
   113        114      0.0698141       0.072468        22.8768
   114        115      0.0698141       0.072468        20.5891
   115        116      0.0698141        0.29179        18.5302
   116        117      0.0698141       0.231292        16.6772
   117        118      0.0698141       0.145195        15.0095
   118        119      0.0698141       0.101671        13.5085
   119        120      0.0698141       0.101671        12.1577
   120        121      0.0698141      0.0755147        10.9419

                           Best        Current           Mean
Iteration   f-count         f(x)         f(x)         temperature
   121        122      0.0698141      0.0755147        9.84771
   122        123      0.0698141      0.0700494        8.86294
   123        124      0.0698141      0.0730103        7.97664
   124        125      0.0698141      0.0890331        7.17898
   125        126      0.0698141      0.0785343        6.46108
*  126        127      0.0698141      0.0765526            100
   127        128      0.0698141       0.166361            100
   128        129      0.0698141       0.116728            100
   129        130      0.0698141       0.130353            100
   130        131      0.0698141       0.152482            100
   131        132      0.0698141       0.201776            100
   132        133      0.0698141       0.122117            100
   133        134      0.0697088      0.0697088            100
   134        135      0.0697088        0.16798            100
   135        136      0.0697088      0.0711572            100
   136        137      0.0697088       0.149868            100
   137        138      0.0697088      0.0738438            100
   138        139      0.0697088      0.0738438            100
   139        140      0.0697088      0.0738438            100
   140        141      0.0697088      0.0738438            100
   141        142      0.0697088      0.0738438            100
   142        143      0.0697088       0.161385            100
   143        144      0.0697088        0.22583            100
   144        145      0.0697088       0.121605            100
   145        146      0.0697088       0.189316            100
   146        147      0.0697088       0.121907            100
   147        148      0.0697088       0.121907            100
   148        149      0.0697088      0.0699751            100
   149        150      0.0697088      0.0699751            100
   150        151      0.0697088      0.0699751            100

                           Best        Current           Mean
Iteration   f-count         f(x)         f(x)         temperature
   151        152      0.0697088      0.0703867            100
   152        153      0.0697088      0.0703867            100
   153        154      0.0697088      0.0742505            100
   154        155      0.0697088      0.0742505            100
   155        156      0.0697088       0.190883            100
   156        157      0.0697088      0.0750166            100
   157        158      0.0697088      0.0719188            100
   158        159      0.0697088      0.0719188            100
   159        160      0.0697088      0.0719188            100
   160        161      0.0697088       0.117034            100
   161        162      0.0697088       0.117034            100
   162        163      0.0697088       0.117034            100
   163        164      0.0697088      0.0830233            100
   164        165      0.0697088      0.0830233            100
   165        166      0.0697088      0.0830233            100
   166        167      0.0697088      0.0830233            100
   167        168      0.0697088       0.126001            100
   168        169      0.0697088       0.114723            100
   169        170      0.0697088       0.566499            100
   170        171      0.0697088       0.144126            100
   171        172      0.0697088      0.0718587            100
   172        173      0.0697088      0.0718587            100
   173        174      0.0697088      0.0718587            100
   174        175      0.0697088        0.21866            100
   175        176      0.0697088        0.17686            100
   176        177      0.0697088        0.17686            100
   177        178      0.0697088       0.124893            100
   178        179      0.0697088       0.124893            100
   179        180      0.0697088       0.109722            100
   180        181      0.0697088       0.127442            100

                           Best        Current           Mean
Iteration   f-count         f(x)         f(x)         temperature
   181        182      0.0697088       0.125624            100
   182        183      0.0697088       0.201738            100
   183        184      0.0697088       0.151464            100
   184        185      0.0697088       0.312984            100
   185        186      0.0697088      0.0730679            100
   186        187      0.0697088      0.0730679            100
   187        188      0.0697088        1.15656            100
   188        189      0.0697088        0.12804            100
   189        190      0.0697088        0.12804            100
   190        191      0.0697088       0.132871            100
   191        192      0.0697088       0.132871            100
   192        193      0.0697088      0.0987491            100
   193        194      0.0697088        0.14945            100
   194        195      0.0697088        0.14945            100
   195        196      0.0697088        0.14945            100
   196        197      0.0697088       0.148376            100
   197        198      0.0697088        0.45041            100
   198        199      0.0697088       0.154138            100
   199        200      0.0697088       0.224041            100
   200        201      0.0697088       0.224041            100
   201        202      0.0697088       0.132711            100
   202        203      0.0697088       0.132711            100
   203        204      0.0697088       0.132711            100
   204        205      0.0697088       0.297329            100
   205        206      0.0697088       0.265436            100
   206        207      0.0697088       0.166666            100
   207        208      0.0697088       0.166666            100
   208        209      0.0697088      0.0801825            100
   209        210      0.0697088      0.0737783            100
   210        211      0.0697088      0.0737783            100

                           Best        Current           Mean
Iteration   f-count         f(x)         f(x)         temperature
   211        212      0.0697088      0.0737783            100
   212        213      0.0379707      0.0379707            100
   213        214      0.0379707       0.210798            100
   214        215      0.0379707       0.210798            100
   215        216      0.0379707      0.0919247            100
   216        217      0.0379707       0.541872            100
   217        218      0.0379707      0.0719136            100
   218        219      0.0379707        0.42929            100
   219        220      0.0379707       0.168213            100
   220        221      0.0379707       0.203275            100
   221        222      0.0379707       0.449955            100
   222        223      0.0379707       0.449955            100
   223        224      0.0379707      0.0708655            100
   224        225      0.0379707      0.0708655            100
   225        226      0.0379707      0.0708655            100
   226        227      0.0379707      0.0708655             90
   227        228      0.0379707      0.0742864             81
   228        229      0.0379707       0.165252           72.9
   229        230      0.0379707       0.165252          65.61
   230        231      0.0379707       0.118084         59.049
   231        232      0.0379707       0.120362        53.1441
   232        233      0.0379707       0.441411        47.8297
   233        234      0.0379707        1.22471        43.0467
   234        235      0.0379707       0.155745         38.742
   235        236      0.0379707       0.384278        34.8678
   236        237      0.0379707        0.11669        31.3811
   237        238      0.0379707       0.148984         28.243
   238        239      0.0379707       0.148984        25.4187
   239        240      0.0379707       0.161518        22.8768
   240        241      0.0379707        0.11444        20.5891

                           Best        Current           Mean
Iteration   f-count         f(x)         f(x)         temperature
   241        242      0.0379707       0.176013        18.5302
   242        243      0.0379707       0.176013        16.6772
   243        244      0.0379707       0.115259        15.0095
   244        245      0.0379707       0.056049        13.5085
   245        246      0.0379707       0.272776        12.1577
   246        247      0.0379707       0.109751        10.9419
   247        248      0.0379707       0.328171        9.84771
   248        249      0.0379707        1.15507        8.86294
   249        250      0.0379707      0.0691894        7.97664
   250        251      0.0379707      0.0691894        7.17898
   251        252      0.0379707       0.373818        6.46108
   252        253      0.0379707       0.256734        5.81497
   253        254      0.0377386      0.0377386        5.23348
   254        255      0.0159236      0.0159236        4.71013
   255        256      0.0159236      0.0945973        4.23912
   256        257      0.0159236      0.0945973         3.8152
   257        258      0.0159236       0.183005        3.43368
   258        259      0.0159236       0.125508        3.09032
   259        260      0.0111105      0.0111105        2.78128
   260        261      0.0111105      0.0111105        2.50316
   261        262      0.0111105      0.0111105        2.25284
   262        263      0.0111105      0.0111105        2.02756
   263        264      0.0111105      0.0111105         1.8248
   264        265      0.0111105        1.68326        1.64232
   265        266      0.0111105       0.407627        1.47809
   266        267      0.0111105       0.328247        1.33028
   267        268      0.0111105      0.0672115        1.19725
   268        269      0.0111105      0.0672115        1.07753
   269        270      0.0111105      0.0672115        96.9774
   270        271      0.0111105       0.152625        87.2796

                           Best        Current           Mean
Iteration   f-count         f(x)         f(x)         temperature
   271        272      0.0111105       0.128056        78.5517
   272        273      0.0111105       0.128056        70.6965
   273        274      0.0111105      0.0723959        63.6269
*  274        275      0.0111105         1.1454            100
   275        276      0.0111105         1.1454            100
   276        277      0.0111105       0.147195            100
   277        278      0.0111105       0.147195            100
   278        279      0.0111105       0.147195            100
   279        280      0.0111105       0.147195            100
   280        281      0.0111105       0.218666            100
   281        282      0.0111105        0.12492            100
   282        283      0.0111105        4.86096            100
   283        284      0.0111105       0.122745            100
   284        285      0.0111105        0.11635            100
   285        286      0.0111105       0.222408            100
   286        287      0.0111105       0.162612            100
   287        288      0.0111105       0.071255            100
   288        289      0.0111105       0.480132            100
   289        290      0.0111105       0.117125            100
   290        291      0.0111105       0.117125            100
   291        292      0.0111105       0.117125            100
   292        293      0.0111105       0.117125            100
   293        294      0.0111105       0.117125            100
   294        295      0.0111105      0.0711133            100
   295        296      0.0111105      0.0740969            100
   296        297      0.0111105      0.0740969            100
   297        298      0.0111105      0.0740969            100
   298        299      0.0111105      0.0740969            100
   299        300      0.0111105       0.151663            100
   300        301      0.0111105       0.149157            100

                           Best        Current           Mean
Iteration   f-count         f(x)         f(x)         temperature
   301        302      0.0111105       0.130691            100
   302        303      0.0111105       0.130691            100
   303        304      0.0111105       0.119914            100
   304        305      0.0111105        0.46505            100
   305        306      0.0111105       0.155627            100
   306        307      0.0111105       0.155627            100
   307        308      0.0111105       0.155627            100
   308        309      0.0111105       0.295011            100
   309        310      0.0111105      0.0922391            100
   310        311      0.0111105       0.118229            100
   311        312      0.0111105       0.165598            100
   312        313      0.0111105       0.165598            100
   313        314      0.0111105       0.208719            100
   314        315      0.0111105       0.123358            100
   315        316      0.0111105       0.123358            100
   316        317      0.0111105       0.211674            100
   317        318      0.0111105       0.134471            100
   318        319      0.0111105       0.432616            100
   319        320      0.0111105      0.0709481            100
   320        321      0.0111105      0.0709481            100
   321        322      0.0111105      0.0709481            100
   322        323      0.0111105       0.555415            100
   323        324      0.0111105       0.154426            100
   324        325      0.0111105      0.0735454            100
   325        326      0.0111105      0.0696575            100
   326        327      0.0111105       0.118313            100
   327        328      0.0111105      0.0726068            100
   328        329      0.0111105      0.0726068            100
   329        330      0.0111105      0.0726068            100
   330        331      0.0111105      0.0726068            100

                           Best        Current           Mean
Iteration   f-count         f(x)         f(x)         temperature
   331        332      0.0111105      0.0726068            100
   332        333      0.0111105      0.0726068            100
   333        334      0.0111105      0.0726068            100
   334        335      0.0111105      0.0726068            100
   335        336      0.0111105       0.258271            100
   336        337      0.0111105       0.258271            100
   337        338      0.0111105       0.149612            100
   338        339      0.0111105       0.107299            100
   339        340      0.0111105      0.0831613            100
   340        341      0.0111105       0.174021            100
   341        342      0.0111105       0.123276            100
   342        343      0.0111105      0.0760587            100
   343        344      0.0111105      0.0760587            100
   344        345      0.0111105       0.157277            100
   345        346      0.0111105       0.157277            100
   346        347      0.0111105      0.0734225            100
   347        348      0.0111105      0.0734225            100
   348        349      0.0111105       0.152215            100
   349        350      0.0111105       0.152215            100
   350        351      0.0111105       0.144433            100
   351        352      0.0111105      0.0719268            100
   352        353      0.0111105      0.0719268            100
   353        354      0.0111105       0.155191            100
   354        355      0.0111105       0.093121            100
   355        356      0.0111105       0.211551            100
   356        357      0.0111105       0.181264            100
   357        358      0.0111105       0.134712            100
   358        359      0.0111105       0.090467            100
   359        360      0.0111105       0.090467            100
   360        361      0.0111105       0.185959            100

                           Best        Current           Mean
Iteration   f-count         f(x)         f(x)         temperature
   361        362      0.0111105      0.0700282            100
   362        363      0.0111105      0.0700282            100
   363        364      0.0111105      0.0700282            100
   364        365      0.0111105       0.171029            100
   365        366      0.0111105        0.30345            100
   366        367      0.0111105       0.125632            100
   367        368      0.0111105       0.125632            100
   368        369      0.0111105       0.124007            100
   369        370      0.0111105       0.152384            100
   370        371      0.0111105       0.142977            100
   371        372      0.0111105       0.164366            100
   372        373      0.0111105       0.259821            100
   373        374      0.0111105       0.117691            100
   374        375      0.0111105       0.184059             90
   375        376      0.0111105       0.120727             81
   376        377      0.0111105       0.120727           72.9
   377        378      0.0111105       0.120727          65.61
   378        379      0.0111105       0.287248         59.049
   379        380      0.0111105       0.103783        53.1441
   380        381      0.0111105       0.103783        47.8297
   381        382      0.0111105       0.103783        43.0467
   382        383      0.0111105       0.103783         38.742
   383        384      0.0111105        0.23703        34.8678
   384        385      0.0111105        0.23703        31.3811
   385        386      0.0111105        1.55248         28.243
   386        387      0.0111105       0.115824        25.4187
   387        388      0.0111105         1.4317        22.8768
   388        389      0.0111105         1.4317        20.5891
   389        390      0.0111105       0.707389        18.5302
   390        391      0.0111105       0.707389        16.6772

                           Best        Current           Mean
Iteration   f-count         f(x)         f(x)         temperature
   391        392      0.0111105       0.707389        15.0095
   392        393      0.0111105      0.0344192        13.5085
   393        394      0.0111105      0.0344192        12.1577
   394        395      0.0111105        2.53012        10.9419
   395        396      0.0111105         2.1466        9.84771
   396        397      0.0111105       0.624826        8.86294
[Warning: Unable to complete the meshing step. Please try the alternate mesher
version that can be selected in pdetool using the Mesh Parameters dialog or in
the initmesh function using the 'MesherVersion', 'R2013a' option.] 
   397        398      0.0111105       0.624826        7.97664
   398        399      0.0111105       0.624826        7.17898
   399        400      0.0111105       0.417127        6.46108
   400        401      0.0111105       0.285869        5.81497
   401        402      0.0111105       0.285869        5.23348
   402        403      0.0111105       0.668876        4.71013
   403        404      0.0111105       0.111556        4.23912
   404        405      0.0111105       0.307167         3.8152
   405        406      0.0111105      0.0705925        3.43368
   406        407      0.0111105        1.17715        3.09032
   407        408      0.0111105      0.0636127        2.78128
   408        409      0.0111105       0.252795        2.50316
   409        410      0.0111105      0.0759387        2.25284
   410        411      0.0111105      0.0759387        2.02756
   411        412      0.0111105       0.526047         1.8248
   412        413      0.0111105       0.425595        1.64232
   413        414      0.0111105      0.0862477        1.47809
   414        415      0.0111105      0.0796922        1.33028
   415        416      0.0111105      0.0796922        1.19725
   416        417      0.0111105      0.0111105        1.07753
   417        418      0.0111105      0.0111105        96.9774
   418        419      0.0111105      0.0811944        87.2796
   419        420      0.0111105       0.217677        78.5517
   420        421      0.0111105       0.217677        70.6965

                           Best        Current           Mean
Iteration   f-count         f(x)         f(x)         temperature
   421        422      0.0111105       0.217677        63.6269
   422        423      0.0111105       0.497219        57.2642
   423        424      0.0111105       0.157863        51.5378
   424        425      0.0111105       0.121193         46.384
   425        426      0.0111105      0.0939269        41.7456
   426        427      0.0111105       0.122713         37.571
*  427        428      0.0111105       0.333991            100
   428        429      0.0111105       0.165778            100
   429        430      0.0111105        0.48623            100
   430        431      0.0111105      0.0725428            100
   431        432      0.0111105      0.0725428            100
   432        433      0.0111105      0.0731958            100
   433        434      0.0111105      0.0731958            100
   434        435      0.0111105      0.0731958            100
   435        436      0.0111105      0.0731958            100
   436        437      0.0111105      0.0731958            100
   437        438      0.0111105       0.158636            100
   438        439      0.0111105      0.0705487            100
   439        440      0.0111105      0.0705487            100
   440        441      0.0111105      0.0705487            100
   441        442      0.0111105         0.1307            100
   442        443      0.0111105         0.1307            100
   443        444      0.0111105       0.158848            100
   444        445      0.0111105      0.0803721            100
   445        446      0.0111105      0.0803721            100
   446        447      0.0111105       0.295528            100
   447        448      0.0111105      0.0729204            100
   448        449      0.0111105      0.0729204            100
   449        450      0.0111105      0.0729204            100
   450        451      0.0111105       0.177017            100

                           Best        Current           Mean
Iteration   f-count         f(x)         f(x)         temperature
   451        452      0.0111105       0.233387            100
   452        453      0.0111105       0.097501            100
   453        454      0.0111105       0.097501            100
   454        455      0.0111105       0.097501            100
   455        456      0.0111105       0.097501            100
   456        457      0.0111105       0.097501            100
   457        458      0.0111105       0.149221            100
   458        459      0.0111105       0.149221            100
   459        460      0.0111105      0.0689421            100
   460        461      0.0111105       0.151028            100
   461        462      0.0111105       0.130734            100
   462        463      0.0111105       0.130734            100
   463        464      0.0111105       0.114893            100
   464        465      0.0111105       0.114893            100
   465        466      0.0111105       0.114893            100
   466        467      0.0111105       0.114893            100
   467        468      0.0111105       0.118482            100
   468        469      0.0111105        6.11719            100
   469        470      0.0111105       0.185959            100
   470        471      0.0111105       0.172074            100
   471        472      0.0111105       0.153803            100
   472        473      0.0111105       0.153803            100
   473        474      0.0111105      0.0716928            100
   474        475      0.0111105       0.444167            100
   475        476      0.0111105       0.183282            100
   476        477      0.0111105       0.117617            100
   477        478      0.0111105      0.0979784            100
   478        479      0.0111105      0.0979784            100
   479        480      0.0111105      0.0979784            100
   480        481      0.0111105      0.0979784            100

                           Best        Current           Mean
Iteration   f-count         f(x)         f(x)         temperature
   481        482      0.0111105      0.0823966            100
   482        483      0.0111105       0.070712            100
   483        484      0.0111105       0.070712            100
   484        485      0.0111105       0.125804            100
   485        486      0.0111105       0.125804            100
   486        487      0.0111105       0.125804            100
   487        488      0.0111105       0.121986            100
   488        489      0.0111105       0.250223            100
   489        490      0.0111105       0.111237            100
   490        491      0.0111105        0.25886            100
   491        492      0.0111105      0.0772217            100
   492        493      0.0111105      0.0772217            100
   493        494      0.0111105       0.153895            100
   494        495      0.0111105      0.0708591            100
   495        496      0.0111105      0.0708591            100
   496        497      0.0111105       0.186485            100
   497        498      0.0111105       0.139203            100
   498        499      0.0111105       0.126941            100
   499        500      0.0111105       0.162569            100
   500        501      0.0111105       0.129283            100
   501        502      0.0111105        0.16424            100
   502        503      0.0111105      0.0734954            100
   503        504      0.0111105       0.212083            100
   504        505      0.0111105       0.149174            100
   505        506      0.0111105       0.178971            100
   506        507      0.0111105       0.310236            100
   507        508      0.0111105       0.133806            100
   508        509      0.0111105       0.119041            100
   509        510      0.0111105       0.119041            100
   510        511      0.0111105        1.20945            100

                           Best        Current           Mean
Iteration   f-count         f(x)         f(x)         temperature
   511        512      0.0111105       0.234825            100
   512        513      0.0111105       0.103296            100
   513        514      0.0111105        0.15416            100
   514        515      0.0111105       0.119474            100
   515        516      0.0111105       0.119474            100
   516        517      0.0111105       0.205663            100
   517        518      0.0111105       0.163948            100
   518        519      0.0111105       0.134059            100
   519        520      0.0111105       0.134059            100
   520        521      0.0111105       0.197816            100
   521        522      0.0111105       0.174199            100
   522        523      0.0111105       0.126155            100
   523        524      0.0111105       0.141748            100
   524        525      0.0111105       0.101671            100
   525        526      0.0111105       0.101671            100
   526        527      0.0111105       0.525733            100
   527        528      0.0111105       0.293926             90
   528        529      0.0111105        0.19679             81
   529        530      0.0111105       0.116035           72.9
   530        531      0.0111105       0.116035          65.61
   531        532      0.0111105       0.116035         59.049
   532        533      0.0111105       0.116035        53.1441
   533        534      0.0111105       0.141946        47.8297
   534        535      0.0111105       0.141946        43.0467
   535        536      0.0111105       0.134554         38.742
   536        537      0.0111105       0.134554        34.8678
   537        538      0.0111105       0.142124        31.3811
   538        539      0.0111105       0.142124         28.243
   539        540      0.0111105       0.142124        25.4187
   540        541      0.0111105       0.145896        22.8768

                           Best        Current           Mean
Iteration   f-count         f(x)         f(x)         temperature
   541        542      0.0111105       0.145896        20.5891
   542        543      0.0111105       0.214826        18.5302
   543        544      0.0111105       0.137715        16.6772
   544        545      0.0111105       0.106301        15.0095
   545        546      0.0111105       0.106301        13.5085
   546        547      0.0111105       0.455875        12.1577
   547        548      0.0111105       0.186437        10.9419
   548        549      0.0111105       0.186437        9.84771
   549        550      0.0111105       0.377361        8.86294
   550        551      0.0111105       0.377361        7.97664
   551        552      0.0111105       0.377361        7.17898
   552        553      0.0111105       0.557117        6.46108
   553        554      0.0111105       0.557117        5.81497
   554        555      0.0111105        0.41904        5.23348
   555        556      0.0111105       0.857817        4.71013
   556        557      0.0111105        1.66557        4.23912
   557        558      0.0111105       0.369246         3.8152
   558        559      0.0111105       0.369246        3.43368
   559        560      0.0111105        0.41271        3.09032
   560        561      0.0111105       0.210308        2.78128
   561        562      0.0111105       0.196987        2.50316
   562        563      0.0111105       0.196987        2.25284
   563        564      0.0111105      0.0132636        2.02756
   564        565      0.0111105      0.0159236         1.8248
   565        566      0.0111105      0.0159236        1.64232
   566        567      0.0111105       0.868119        1.47809
   567        568      0.0111105       0.159725        1.33028
   568        569      0.0111105       0.159725        1.19725
   569        570      0.0111105       0.159725        1.07753
   570        571      0.0111105       0.159725        96.9774

                           Best        Current           Mean
Iteration   f-count         f(x)         f(x)         temperature
   571        572      0.0111105      0.0701795        87.2796
   572        573      0.0111105      0.0701795        78.5517
   573        574      0.0111105      0.0701795        70.6965
   574        575      0.0111105       0.322954        63.6269
   575        576      0.0111105       0.276025        57.2642
   576        577      0.0111105       0.276025        51.5378
   577        578      0.0111105       0.198726         46.384
   578        579      0.0111105       0.107686        41.7456
   579        580      0.0111105       0.107686         37.571
   580        581      0.0111105       0.107686        33.8139
   581        582      0.0111105      0.0700693        30.4325
   582        583      0.0111105      0.0700693        27.3893
   583        584      0.0111105       0.976644        24.6503
   584        585      0.0111105       0.559605        22.1853
*  585        586      0.0111105      0.0433409            100
   586        587      0.0111105      0.0433409            100
   587        588      0.0111105      0.0433409            100
   588        589      0.0111105       0.130446            100
   589        590      0.0111105       0.130446            100
   590        591      0.0111105       0.130446            100
   591        592      0.0111105       0.366533            100
   592        593      0.0111105       0.167869            100
   593        594      0.0111105       0.124637            100
   594        595      0.0111105       0.124637            100
   595        596      0.0111105       0.122698            100
   596        597      0.0111105       0.122698            100
   597        598      0.0111105       0.122698            100
   598        599      0.0111105       0.122698            100
   599        600      0.0111105        0.27099            100
   600        601      0.0111105       0.325841            100

                           Best        Current           Mean
Iteration   f-count         f(x)         f(x)         temperature
   601        602      0.0111105         0.2243            100
   602        603      0.0111105       0.127441            100
   603        604      0.0111105      0.0780432            100
   604        605      0.0111105       0.465685            100
   605        606      0.0111105      0.0705302            100
   606        607      0.0111105       0.149658            100
   607        608      0.0111105       0.149658            100
   608        609      0.0111105       0.142889            100
   609        610      0.0111105       0.128053            100
   610        611      0.0111105       0.128053            100
   611        612      0.0111105        0.18713            100
   612        613      0.0111105       0.126581            100
   613        614      0.0111105       0.473842            100
   614        615      0.0111105       0.134028            100
   615        616      0.0111105       0.134028            100
   616        617      0.0111105      0.0751033            100
   617        618      0.0111105      0.0751033            100
   618        619      0.0111105       0.172485            100
   619        620      0.0111105      0.0736645            100
   620        621      0.0111105       0.100081            100
   621        622      0.0111105      0.0745694            100
   622        623      0.0111105       0.327106            100
   623        624      0.0111105       0.093422            100
   624        625      0.0111105      0.0817176            100
   625        626      0.0111105        1.83666            100
   626        627      0.0111105      0.0735183            100
   627        628      0.0111105       0.159571            100
   628        629      0.0111105      0.0767973            100
   629        630      0.0111105      0.0767973            100
   630        631      0.0111105       0.124609            100

                           Best        Current           Mean
Iteration   f-count         f(x)         f(x)         temperature
   631        632      0.0111105       0.124609            100
   632        633      0.0111105       0.160998            100
   633        634      0.0111105       0.131999            100
   634        635      0.0111105         0.1257            100
   635        636      0.0111105       0.271042            100
   636        637      0.0111105       0.255976            100
   637        638      0.0111105       0.255976            100
   638        639      0.0111105       0.255976            100
   639        640      0.0111105       0.125957            100
   640        641      0.0111105        1.57876            100
   641        642      0.0111105       0.232714            100
   642        643      0.0111105       0.232714            100
   643        644      0.0111105       0.114821            100
   644        645      0.0111105      0.0732688            100
   645        646      0.0111105      0.0732688            100
   646        647      0.0111105      0.0732688            100
   647        648      0.0111105      0.0732688            100
   648        649      0.0111105      0.0732688            100
   649        650      0.0111105       0.319354            100
   650        651      0.0111105       0.282243            100
   651        652      0.0111105        3.10604            100
   652        653      0.0111105       0.119039            100
   653        654      0.0111105      0.0733067            100
   654        655      0.0111105       0.282968            100
   655        656      0.0111105      0.0783669            100
   656        657      0.0111105      0.0783669            100
   657        658      0.0111105      0.0783669            100
   658        659      0.0111105      0.0788977            100
   659        660      0.0111105       0.331122            100
   660        661      0.0111105       0.512813            100

                           Best        Current           Mean
Iteration   f-count         f(x)         f(x)         temperature
   661        662      0.0111105       0.150533            100
   662        663      0.0111105       0.150533            100
   663        664      0.0111105      0.0790596            100
   664        665      0.0111105       0.285505            100
   665        666      0.0111105      0.0180743            100
   666        667      0.0111105       0.136608            100
   667        668      0.0111105       0.073071            100
   668        669      0.0111105      0.0709126            100
   669        670      0.0111105      0.0709126            100
   670        671      0.0111105      0.0709126            100
   671        672      0.0111105      0.0709126            100
   672        673      0.0111105      0.0709126            100
   673        674      0.0111105      0.0709126            100
   674        675      0.0111105        1.21001            100
   675        676      0.0111105       0.504484            100
   676        677      0.0111105       0.153147            100
   677        678      0.0111105       0.153147            100
   678        679      0.0111105       0.196383            100
   679        680      0.0111105       0.154737            100
   680        681      0.0111105       0.154737            100
   681        682      0.0111105       0.489378            100
   682        683      0.0111105        1.67144            100
   683        684      0.0111105       0.246412            100
   684        685      0.0111105       0.168516            100
   685        686      0.0111105       0.163573             90
   686        687      0.0111105       0.219375             81
   687        688      0.0111105       0.345326           72.9
   688        689      0.0111105      0.0757318          65.61
   689        690      0.0111105      0.0757318         59.049
   690        691      0.0111105       0.302819        53.1441

                           Best        Current           Mean
Iteration   f-count         f(x)         f(x)         temperature
   691        692      0.0111105       0.257466        47.8297
   692        693      0.0111105       0.161925        43.0467
   693        694      0.0111105       0.288409         38.742
   694        695      0.0111105       0.288409        34.8678
   695        696      0.0111105      0.0712578        31.3811
   696        697      0.0111105      0.0661712         28.243
   697        698      0.0111105      0.0661712        25.4187
   698        699      0.0111105         1.8363        22.8768
   699        700      0.0111105         1.7596        20.5891
   700        701      0.0111105        1.11749        18.5302
   701        702      0.0111105       0.186118        16.6772
   702        703      0.0111105       0.659562        15.0095
   703        704      0.0111105       0.659562        13.5085
   704        705      0.0111105      0.0342001        12.1577
   705        706      0.0111105      0.0342001        10.9419
   706        707      0.0111105      0.0342001        9.84771
   707        708      0.0111105       0.901064        8.86294
   708        709      0.0111105       0.901064        7.97664
   709        710      0.0111105       0.622198        7.17898
   710        711      0.0111105       0.622198        6.46108
   711        712      0.0111105        1.72157        5.81497
   712        713      0.0111105        2.47244        5.23348
   713        714      0.0111105        2.44541        4.71013
   714        715      0.0111105      0.0235053        4.23912
   715        716      0.0111105       0.805101         3.8152
   716        717      0.0111105       0.380429        3.43368
   717        718      0.0111105       0.307167        3.09032
   718        719      0.0111105       0.833361        2.78128
   719        720      0.0111105       0.875924        2.50316
   720        721      0.0111105      0.0159236        2.25284

                           Best        Current           Mean
Iteration   f-count         f(x)         f(x)         temperature
   721        722      0.0111105      0.0344192        2.02756
   722        723      0.0111105      0.0111105         1.8248
   723        724      0.0111105       0.210308        1.64232
*  724        725      0.0111105      0.0132636            100
   725        726      0.0111105      0.0132636            100
   726        727      0.0111105        0.23998            100
   727        728      0.0111105      0.0737152            100
   728        729      0.0111105      0.0752759            100
   729        730      0.0111105      0.0752759            100
   730        731      0.0111105      0.0717736            100
   731        732      0.0111105      0.0717736            100
   732        733      0.0111105       0.165489            100
   733        734      0.0111105       0.145544            100
   734        735      0.0111105       0.162189            100
   735        736      0.0111105       0.115055            100
   736        737      0.0111105       0.115055            100
   737        738      0.0111105      0.0732982            100
   738        739      0.0111105      0.0732982            100
   739        740      0.0111105       0.160118            100
   740        741      0.0111105       0.160118            100
   741        742      0.0111105       0.254688            100
   742        743      0.0111105       0.258587            100
   743        744      0.0111105       0.246094            100
   744        745      0.0111105       0.246094            100
   745        746      0.0111105       0.126816            100
   746        747      0.0111105      0.0717975            100
   747        748      0.0111105       0.219849            100
   748        749      0.0111105       0.206676            100
   749        750      0.0111105       0.160433            100
   750        751      0.0111105       0.160433            100

                           Best        Current           Mean
Iteration   f-count         f(x)         f(x)         temperature
   751        752      0.0111105        0.11794            100
   752        753      0.0111105       0.154139            100
   753        754      0.0111105        0.14584            100
   754        755      0.0111105        0.12086            100
   755        756      0.0111105       0.152625            100
   756        757      0.0111105       0.152625            100
   757        758      0.0111105       0.152625            100
   758        759      0.0111105       0.152625            100
   759        760      0.0111105       0.181932            100
   760        761      0.0111105       0.236727            100
   761        762      0.0111105      0.0893593            100
   762        763      0.0111105       0.169023            100
   763        764      0.0111105       0.137749            100
   764        765      0.0111105       0.137749            100
   765        766      0.0111105      0.0730276            100
   766        767      0.0111105      0.0730276            100
   767        768      0.0111105       0.164409            100
   768        769      0.0111105       0.237532            100
   769        770      0.0111105      0.0890742            100
   770        771      0.0111105      0.0890742            100
   771        772      0.0111105      0.0828749            100
   772        773      0.0111105       0.125928            100
   773        774      0.0111105       0.218909            100
   774        775      0.0111105      0.0850008            100
   775        776      0.0111105      0.0850008            100
   776        777      0.0111105      0.0850008            100
   777        778      0.0111105      0.0850008            100
   778        779      0.0111105      0.0740742            100
   779        780      0.0111105      0.0740742            100
   780        781      0.0111105        0.96337            100

                           Best        Current           Mean
Iteration   f-count         f(x)         f(x)         temperature
   781        782      0.0111105       0.147855            100
   782        783      0.0111105       0.123619            100
   783        784      0.0111105      0.0718497            100
   784        785      0.0111105      0.0718497            100
   785        786      0.0111105      0.0718497            100
   786        787      0.0111105        0.47133            100
   787        788      0.0111105       0.143889            100
   788        789      0.0111105       0.143889            100
   789        790      0.0111105       0.134792            100
   790        791      0.0111105       0.231836            100
   791        792      0.0111105       0.185643            100
   792        793      0.0111105      0.0724259            100
   793        794      0.0111105      0.0732611            100
   794        795      0.0111105      0.0729427            100
   795        796      0.0111105       0.155488            100
   796        797      0.0111105       0.165465            100
   797        798      0.0111105       0.115476            100
   798        799      0.0111105       0.115476            100
   799        800      0.0111105       0.115476            100
   800        801      0.0111105       0.115476            100
   801        802      0.0111105       0.124404            100
   802        803      0.0111105       0.195067            100
   803        804      0.0111105        4.47512            100
   804        805      0.0111105      0.0765526            100
   805        806      0.0111105       0.172773            100
   806        807      0.0111105        1.01817            100
   807        808      0.0111105        1.01817            100
   808        809      0.0111105       0.168747            100
   809        810      0.0111105      0.0722259            100
   810        811      0.0111105      0.0722259            100

                           Best        Current           Mean
Iteration   f-count         f(x)         f(x)         temperature
   811        812      0.0111105      0.0718353            100
   812        813      0.0111105      0.0718353            100
   813        814      0.0111105      0.0718353            100
   814        815      0.0111105       0.561253            100
   815        816      0.0111105      0.0719188            100
   816        817      0.0111105       0.149337            100
   817        818      0.0111105       0.149337            100
   818        819      0.0111105       0.149337            100
   819        820      0.0111105        5.71125            100
   820        821      0.0111105      0.0777603            100
   821        822      0.0111105      0.0725903            100
   822        823      0.0111105      0.0725903            100
   823        824      0.0111105      0.0725903            100
   824        825      0.0111105      0.0725903             90
   825        826      0.0111105       0.151858             81
   826        827      0.0111105       0.219827           72.9
   827        828      0.0111105       0.122574          65.61
   828        829      0.0111105       0.122574         59.049
   829        830      0.0111105       0.122574        53.1441
   830        831      0.0111105       0.146426        47.8297
   831        832      0.0111105       0.146426        43.0467
   832        833      0.0111105       0.133323         38.742
   833        834      0.0111105       0.133323        34.8678
   834        835      0.0111105       0.120248        31.3811
   835        836      0.0111105       0.120248         28.243
   836        837      0.0111105       0.120248        25.4187
   837        838      0.0111105       0.108253        22.8768
   838        839      0.0111105       0.108253        20.5891
   839        840      0.0111105       0.108253        18.5302
   840        841      0.0111105       0.108253        16.6772

                           Best        Current           Mean
Iteration   f-count         f(x)         f(x)         temperature
   841        842      0.0111105        2.97339        15.0095
   842        843      0.0111105        1.46881        13.5085
   843        844      0.0111105       0.580035        12.1577
   844        845      0.0111105        1.71154        10.9419
   845        846      0.0111105        1.71154        9.84771
   846        847      0.0111105       0.128371        8.86294
   847        848      0.0111105       0.128371        7.97664
   848        849      0.0111105       0.726752        7.17898
   849        850      0.0111105       0.726752        6.46108
   850        851      0.0111105       0.726752        5.81497
   851        852      0.0111105       0.589995        5.23348
   852        853      0.0111105        2.15345        4.71013
   853        854      0.0111105       0.119151        4.23912
   854        855      0.0111105       0.441186         3.8152
   855        856      0.0111105      0.0680245        3.43368
   856        857      0.0111105       0.825736        3.09032
   857        858      0.0111105       0.407627        2.78128
   858        859      0.0111105       0.183005        2.50316
   859        860      0.0111105       0.526047        2.25284
   860        861      0.0111105       0.328247        2.02756
   861        862      0.0111105      0.0132636         1.8248
   862        863      0.0111105      0.0132636        1.64232
   863        864      0.0111105      0.0132636        1.47809
   864        865      0.0111105      0.0796922        1.33028
   865        866      0.0111105       0.407627        1.19725
   866        867      0.0111105       0.159725        1.07753
   867        868      0.0111105       0.159725        96.9774
   868        869      0.0111105       0.129434        87.2796
   869        870      0.0111105       0.124238        78.5517
   870        871      0.0111105       0.124238        70.6965

                           Best        Current           Mean
Iteration   f-count         f(x)         f(x)         temperature
   871        872      0.0111105        4.80067        63.6269
   872        873      0.0111105       0.284844        57.2642
   873        874      0.0111105       0.127267        51.5378
*  874        875      0.0111105        2.45373            100
   875        876      0.0111105        2.45373            100
   876        877      0.0111105       0.132492            100
   877        878      0.0111105       0.139966            100
   878        879      0.0111105       0.132039            100
   879        880      0.0111105       0.270799            100
   880        881      0.0111105       0.232421            100
   881        882      0.0111105      0.0712502            100
   882        883      0.0111105       0.165844            100
   883        884      0.0111105       0.165844            100
   884        885      0.0111105       0.165844            100
   885        886      0.0111105         0.2231            100
   886        887      0.0111105       0.100818            100
   887        888      0.0111105       0.100818            100
   888        889      0.0111105       0.171974            100
   889        890      0.0111105       0.171974            100
   890        891      0.0111105       0.213743            100
   891        892      0.0111105       0.085244            100
   892        893      0.0111105       0.085244            100
   893        894      0.0111105       0.085244            100
   894        895      0.0111105      0.0838073            100
   895        896      0.0111105        0.13117            100
   896        897      0.0111105        0.13117            100
   897        898      0.0111105       0.242585            100
   898        899      0.0111105       0.242585            100
   899        900      0.0111105       0.136554            100
   900        901      0.0111105       0.395191            100

                           Best        Current           Mean
Iteration   f-count         f(x)         f(x)         temperature
   901        902      0.0111105       0.234436            100
   902        903      0.0111105      0.0957314            100
   903        904      0.0111105      0.0957314            100
   904        905      0.0111105       0.279002            100
   905        906      0.0111105       0.335229            100
   906        907      0.0111105       0.134913            100
   907        908      0.0111105       0.260764            100
[Warning: Unable to complete the meshing step. Please try the alternate mesher
version that can be selected in pdetool using the Mesh Parameters dialog or in
the initmesh function using the 'MesherVersion', 'R2013a' option.] 
   908        909      0.0111105       0.260764            100
[Warning: Unable to complete the meshing step. Please try the alternate mesher
version that can be selected in pdetool using the Mesh Parameters dialog or in
the initmesh function using the 'MesherVersion', 'R2013a' option.] 
   909        910      0.0111105       0.260764            100
   910        911      0.0111105      0.0825617            100
   911        912      0.0111105       0.151651            100
   912        913      0.0111105       0.122418            100
   913        914      0.0111105       0.122418            100
   914        915      0.0111105       0.122418            100
   915        916      0.0111105       0.122418            100
   916        917      0.0111105        1.20694            100
   917        918      0.0111105       0.215825            100
   918        919      0.0111105       0.195596            100
   919        920      0.0111105       0.450453            100
   920        921      0.0111105         1.2488            100
   921        922      0.0111105       0.138256            100
   922        923      0.0111105       0.214416            100
   923        924      0.0111105       0.254737            100
   924        925      0.0111105      0.0698698            100
   925        926      0.0111105       0.207341            100
   926        927      0.0111105       0.257916            100
   927        928      0.0111105        0.11663            100
   928        929      0.0111105      0.0726847            100
   929        930      0.0111105        1.43155            100
   930        931      0.0111105       0.119493            100

                           Best        Current           Mean
Iteration   f-count         f(x)         f(x)         temperature
   931        932      0.0111105       0.119493            100
   932        933      0.0111105       0.119493            100
   933        934      0.0111105        4.25384            100
   934        935      0.0111105      0.0722196            100
   935        936      0.0111105      0.0722196            100
   936        937      0.0111105      0.0722196            100
   937        938      0.0111105      0.0722196            100
   938        939      0.0111105         2.2406            100
   939        940      0.0111105      0.0748051            100
   940        941      0.0111105       0.124165            100
   941        942      0.0111105      0.0740113            100
   942        943      0.0111105      0.0740113            100
   943        944      0.0111105       0.181155            100
   944        945      0.0111105       0.166784            100
   945        946      0.0111105       0.132309            100
   946        947      0.0111105      0.0836417            100
   947        948      0.0111105       0.163768            100
   948        949      0.0111105      0.0849129            100
   949        950      0.0111105      0.0897248            100
   950        951      0.0111105       0.319385            100
   951        952      0.0111105       0.129999            100
   952        953      0.0111105       0.129999            100
   953        954      0.0111105       0.129999            100
   954        955      0.0111105      0.0752748            100
   955        956      0.0111105      0.0752748            100
   956        957      0.0111105      0.0752748            100
   957        958      0.0111105      0.0858668            100
   958        959      0.0111105       0.137986            100
   959        960      0.0111105       0.151862            100
   960        961      0.0111105       0.151862            100

                           Best        Current           Mean
Iteration   f-count         f(x)         f(x)         temperature
   961        962      0.0111105      0.0711403            100
   962        963      0.0111105       0.169959            100
   963        964      0.0111105       0.215824            100
   964        965      0.0111105      0.0755994            100
   965        966      0.0111105       0.233991            100
   966        967      0.0111105       0.162034            100
   967        968      0.0111105       0.073255            100
   968        969      0.0111105       0.073255            100
   969        970      0.0111105       0.073255            100
   970        971      0.0111105       0.525575            100
   971        972      0.0111105       0.159586            100
   972        973      0.0111105       0.464042            100
   973        974      0.0111105      0.0726445            100
   974        975      0.0111105        0.07062             90
   975        976      0.0111105        0.07062             81
   976        977      0.0111105        0.07062           72.9
   977        978      0.0111105        0.07062          65.61
   978        979      0.0111105        0.31259         59.049
   979        980      0.0111105       0.819741        53.1441
   980        981      0.0111105       0.115216        47.8297
   981        982      0.0111105      0.0776421        43.0467
   982        983      0.0111105      0.0776421         38.742
   983        984      0.0111105        4.14198        34.8678
   984        985      0.0111105        1.73231        31.3811
   985        986      0.0111105         1.0696         28.243
   986        987      0.0111105      0.0842876        25.4187
   987        988      0.0111105       0.244253        22.8768
   988        989      0.0111105       0.244253        20.5891
   989        990      0.0111105        1.49872        18.5302
   990        991      0.0111105      0.0855119        16.6772

                           Best        Current           Mean
Iteration   f-count         f(x)         f(x)         temperature
   991        992      0.0111105      0.0855119        15.0095
   992        993      0.0111105      0.0855119        13.5085
   993        994      0.0111105      0.0855119        12.1577
   994        995      0.0111105        1.45431        10.9419
   995        996      0.0111105        1.45431        9.84771
   996        997      0.0111105        1.45431        8.86294
   997        998      0.0111105        1.08313        7.97664
   998        999      0.0111105        1.32017        7.17898
   999       1000      0.0111105        1.32017        6.46108
  1000       1001      0.0111105        1.14545        5.81497
  1001       1002      0.0111105        0.99506        5.23348
  1002       1003      0.0111105        0.99506        4.71013
  1003       1004      0.0111105       0.863477        4.23912
  1004       1005      0.0111105       0.863477         3.8152
  1005       1006      0.0111105       0.477219        3.43368
  1006       1007      0.0111105       0.425595        3.09032
  1007       1008      0.0111105       0.210308        2.78128
  1008       1009      0.0111105       0.307167        2.50316
  1009       1010      0.0111105      0.0862477        2.25284
  1010       1011      0.0111105      0.0862477        2.02756
  1011       1012      0.0111105      0.0672115         1.8248
  1012       1013      0.0111105      0.0636127        1.64232
  1013       1014      0.0111105      0.0636127        1.47809
  1014       1015      0.0111105      0.0636127        1.33028
  1015       1016      0.0111105       0.159725        1.19725
  1016       1017      0.0111105       0.868119        1.07753
  1017       1018      0.0111105       0.407627        96.9774
* 1018       1019      0.0111105      0.0600919            100
  1019       1020      0.0111105      0.0600919            100
  1020       1021      0.0111105      0.0600919            100

                           Best        Current           Mean
Iteration   f-count         f(x)         f(x)         temperature
  1021       1022      0.0111105      0.0600919            100
  1022       1023      0.0111105      0.0600919            100
  1023       1024      0.0111105      0.0600919            100
  1024       1025      0.0111105       0.130999            100
  1025       1026      0.0111105       0.114212            100
  1026       1027      0.0111105       0.127767            100
  1027       1028      0.0111105       0.119209            100
  1028       1029      0.0111105       0.307711            100
  1029       1030      0.0111105       0.405153            100
  1030       1031      0.0111105       0.405153            100
  1031       1032      0.0111105       0.102064            100
  1032       1033      0.0111105       0.102064            100
  1033       1034      0.0111105       0.125629            100
  1034       1035      0.0111105       0.155419            100
  1035       1036      0.0111105       0.110914            100
  1036       1037      0.0111105       0.114658            100
  1037       1038      0.0111105       0.287408            100
  1038       1039      0.0111105       0.216985            100
  1039       1040      0.0111105      0.0755469            100
  1040       1041      0.0111105      0.0755469            100
  1041       1042      0.0111105       0.143232            100
  1042       1043      0.0111105       0.143232            100
  1043       1044      0.0111105       0.084945            100
  1044       1045      0.0111105        1.23965            100
  1045       1046      0.0111105       0.477299            100
  1046       1047      0.0111105      0.0714224            100
  1047       1048      0.0111105      0.0714224            100
  1048       1049      0.0111105      0.0727427            100
  1049       1050      0.0111105       0.115208            100
  1050       1051      0.0111105       0.115208            100

                           Best        Current           Mean
Iteration   f-count         f(x)         f(x)         temperature
  1051       1052      0.0111105       0.115208            100
  1052       1053      0.0111105      0.0701462            100
  1053       1054      0.0111105      0.0701462            100
  1054       1055      0.0111105      0.0701462            100
  1055       1056      0.0111105      0.0701462            100
  1056       1057      0.0111105      0.0701462            100
  1057       1058      0.0111105      0.0834079            100
  1058       1059      0.0111105      0.0729105            100
  1059       1060      0.0111105      0.0729105            100
  1060       1061      0.0111105      0.0729105            100
  1061       1062      0.0111105       0.208925            100
  1062       1063      0.0111105       0.130119            100
  1063       1064      0.0111105       0.150264            100
  1064       1065      0.0111105       0.136613            100
[Warning: Unable to complete the meshing step. Please try the alternate mesher
version that can be selected in pdetool using the Mesh Parameters dialog or in
the initmesh function using the 'MesherVersion', 'R2013a' option.] 
  1065       1066      0.0111105       0.136613            100
  1066       1067      0.0111105       0.122806            100
  1067       1068      0.0111105       0.122806            100
  1068       1069      0.0111105       0.159195            100
  1069       1070      0.0111105       0.159195            100
  1070       1071      0.0111105       0.151842            100
  1071       1072      0.0111105        2.50418            100
  1072       1073      0.0111105      0.0731658            100
  1073       1074      0.0111105      0.0731658            100
  1074       1075      0.0111105       0.129056            100
  1075       1076      0.0111105      0.0753256            100
  1076       1077      0.0111105      0.0963772            100
  1077       1078      0.0111105      0.0963772            100
  1078       1079      0.0111105       0.125344            100
  1079       1080      0.0111105       0.461182            100
  1080       1081      0.0111105       0.272028            100

                           Best        Current           Mean
Iteration   f-count         f(x)         f(x)         temperature
  1081       1082      0.0111105      0.0730703            100
  1082       1083      0.0111105      0.0730703            100
  1083       1084      0.0111105      0.0730703            100
  1084       1085      0.0111105      0.0702651            100
  1085       1086      0.0111105       0.193727            100
  1086       1087      0.0111105       0.127969            100
  1087       1088      0.0111105       0.496362            100
  1088       1089      0.0111105       0.496362            100
  1089       1090      0.0111105       0.496362            100
  1090       1091      0.0111105      0.0709842            100
  1091       1092      0.0111105      0.0709842            100
  1092       1093      0.0111105      0.0709842            100
  1093       1094      0.0111105       0.309451            100
  1094       1095      0.0111105       0.127076            100
  1095       1096      0.0111105       0.127076            100
  1096       1097      0.0111105       0.072916            100
  1097       1098      0.0111105       0.160056            100
  1098       1099      0.0111105       0.160056            100
  1099       1100      0.0111105       0.160056            100
  1100       1101      0.0111105       0.321278            100
  1101       1102      0.0111105       0.174224            100
  1102       1103      0.0111105        0.13427            100
  1103       1104      0.0111105        2.12143            100
  1104       1105      0.0111105      0.0728949            100
  1105       1106      0.0111105      0.0728949            100
  1106       1107      0.0111105      0.0728949            100
  1107       1108      0.0111105      0.0728949            100
  1108       1109      0.0111105      0.0728949            100
  1109       1110      0.0111105       0.153999            100
  1110       1111      0.0111105       0.153999            100

                           Best        Current           Mean
Iteration   f-count         f(x)         f(x)         temperature
  1111       1112      0.0111105       0.153999            100
  1112       1113      0.0111105       0.153999            100
  1113       1114      0.0111105       0.165123            100
  1114       1115      0.0111105       0.164933            100
  1115       1116      0.0111105       0.109565            100
  1116       1117      0.0111105       0.246136            100
  1117       1118      0.0111105       0.070109            100
  1118       1119      0.0111105       0.070109             90
  1119       1120      0.0111105      0.0723339             81
  1120       1121      0.0111105      0.0723339           72.9
  1121       1122      0.0111105       0.117306          65.61
  1122       1123      0.0111105       0.117306         59.049
  1123       1124      0.0111105       0.290181        53.1441
  1124       1125      0.0111105       0.979893        47.8297
  1125       1126      0.0111105       0.154085        43.0467
  1126       1127      0.0111105       0.077773         38.742
  1127       1128      0.0111105       0.194057        34.8678
  1128       1129      0.0111105       0.137362        31.3811
  1129       1130      0.0111105      0.0831131         28.243
  1130       1131      0.0111105        2.23685        25.4187
  1131       1132      0.0111105       0.194802        22.8768
[Warning: Unable to complete the meshing step. Please try the alternate mesher
version that can be selected in pdetool using the Mesh Parameters dialog or in
the initmesh function using the 'MesherVersion', 'R2013a' option.] 
  1132       1133      0.0111105       0.194802        20.5891
  1133       1134      0.0111105      0.0622515        18.5302
  1134       1135      0.0111105      0.0622515        16.6772
  1135       1136      0.0111105        4.28696        15.0095
  1136       1137      0.0111105         2.4263        13.5085
  1137       1138      0.0111105       0.055772        12.1577
  1138       1139      0.0111105       0.055772        10.9419
  1139       1140      0.0111105       0.055772        9.84771
  1140       1141      0.0111105       0.430782        8.86294

                           Best        Current           Mean
Iteration   f-count         f(x)         f(x)         temperature
  1141       1142      0.0111105      0.0659561        7.97664
  1142       1143      0.0111105      0.0638682        7.17898
  1143       1144      0.0111105        1.30276        6.46108
  1144       1145      0.0111105       0.496973        5.81497
  1145       1146      0.0111105      0.0328081        5.23348
  1146       1147      0.0111105      0.0328081        4.71013
  1147       1148      0.0111105      0.0328081        4.23912
  1148       1149      0.0111105      0.0328081         3.8152
  1149       1150      0.0111105       0.622198        3.43368
  1150       1151      0.0111105        0.21579        3.09032
  1151       1152      0.0111105      0.0636127        2.78128
  1152       1153      0.0111105      0.0862477        2.50316
  1153       1154      0.0111105      0.0862477        2.25284
  1154       1155      0.0111105      0.0862477        2.02756
  1155       1156      0.0111105      0.0862477         1.8248
  1156       1157      0.0111105      0.0862477        1.64232
  1157       1158      0.0111105      0.0672115        1.47809
  1158       1159      0.0111105      0.0796922        1.33028
  1159       1160      0.0111105      0.0796922        1.19725
  1160       1161      0.0111105      0.0111105        1.07753
  1161       1162      0.0111105      0.0111105        96.9774
  1162       1163      0.0111105      0.0111105        87.2796
  1163       1164      0.0111105      0.0111105        78.5517
  1164       1165      0.0111105      0.0111105        70.6965
  1165       1166      0.0111105      0.0111105        63.6269
  1166       1167      0.0111105      0.0111105        57.2642
  1167       1168      0.0111105      0.0111105        51.5378
  1168       1169      0.0111105       0.117151         46.384
  1169       1170      0.0111105        1.03216        41.7456
  1170       1171      0.0111105        1.41301         37.571

                           Best        Current           Mean
Iteration   f-count         f(x)         f(x)         temperature
  1171       1172      0.0111105       0.119743        33.8139
  1172       1173      0.0111105       0.119743        30.4325
  1173       1174      0.0111105       0.082546        27.3893
  1174       1175      0.0111105       0.113575        24.6503
  1175       1176      0.0111105      0.0730691        22.1853
  1176       1177      0.0111105      0.0730691        19.9668
  1177       1178      0.0111105      0.0730691        17.9701
  1178       1179      0.0111105      0.0730691        16.1731
  1179       1180      0.0111105      0.0730691        14.5558
  1180       1181      0.0111105        1.69697        13.1002
  1181       1182      0.0111105      0.0441771        11.7902
  1182       1183      0.0111105        1.48755        10.6112
* 1183       1184      0.0111105      0.0931851            100
  1184       1185      0.0111105      0.0931851            100
  1185       1186      0.0111105      0.0931851            100
  1186       1187      0.0111105      0.0709061            100
  1187       1188      0.0111105      0.0709061            100
  1188       1189      0.0111105      0.0709061            100
  1189       1190      0.0111105        4.18602            100
  1190       1191      0.0111105       0.184564            100
  1191       1192      0.0111105       0.184564            100
  1192       1193      0.0111105       0.123601            100
  1193       1194      0.0111105       0.539678            100
  1194       1195      0.0111105       0.396045            100
  1195       1196      0.0111105       0.284427            100
  1196       1197      0.0111105       0.224148            100
  1197       1198      0.0111105       0.199966            100
  1198       1199      0.0111105       0.091788            100
  1199       1200      0.0111105       0.267905            100
  1200       1201      0.0111105       0.142378            100

                           Best        Current           Mean
Iteration   f-count         f(x)         f(x)         temperature
  1201       1202      0.0111105      0.0712468            100
  1202       1203      0.0111105       0.471862            100
  1203       1204      0.0111105       0.471862            100
  1204       1205      0.0111105       0.249684            100
  1205       1206      0.0111105       0.427211            100
  1206       1207      0.0111105      0.0842762            100
  1207       1208      0.0111105       0.283633            100
  1208       1209      0.0111105       0.154296            100
  1209       1210      0.0111105       0.153677            100
  1210       1211      0.0111105        1.35932            100
  1211       1212      0.0111105        4.83134            100
  1212       1213      0.0111105        0.25478            100
  1213       1214      0.0111105       0.201211            100
  1214       1215      0.0111105       0.120866            100
  1215       1216      0.0111105       0.120866            100
  1216       1217      0.0111105       0.120866            100
  1217       1218      0.0111105       0.120866            100
  1218       1219      0.0111105      0.0947973            100
  1219       1220      0.0111105       0.283128            100
  1220       1221      0.0111105       0.175888            100
  1221       1222      0.0111105       0.121776            100
  1222       1223      0.0111105       0.445143            100
  1223       1224      0.0111105       0.127673            100
  1224       1225      0.0111105       0.118202            100
  1225       1226      0.0111105       0.118202            100
  1226       1227      0.0111105        0.13281            100
  1227       1228      0.0111105       0.273031            100
  1228       1229      0.0111105       0.104011            100
  1229       1230      0.0111105      0.0699751            100
  1230       1231      0.0111105      0.0699751            100

                           Best        Current           Mean
Iteration   f-count         f(x)         f(x)         temperature
  1231       1232      0.0111105       0.197069            100
  1232       1233      0.0111105       0.196361            100
  1233       1234      0.0111105       0.218336            100
  1234       1235      0.0111105       0.169503            100
  1235       1236      0.0111105         2.0659            100
  1236       1237      0.0111105       0.631878            100
  1237       1238      0.0111105      0.0728839            100
  1238       1239      0.0111105       0.121043            100
  1239       1240      0.0111105       0.302289            100
  1240       1241      0.0111105       0.475865            100
  1241       1242      0.0111105       0.475865            100
  1242       1243      0.0111105       0.127159            100
  1243       1244      0.0111105       0.125518            100
  1244       1245      0.0111105        0.12772            100
  1245       1246      0.0111105        0.12772            100
  1246       1247      0.0111105      0.0707042            100
  1247       1248      0.0111105       0.193146            100
  1248       1249      0.0111105       0.161129            100
  1249       1250      0.0111105        0.11092            100
  1250       1251      0.0111105       0.163417            100
  1251       1252      0.0111105       0.125336            100
  1252       1253      0.0111105       0.130978            100
  1253       1254      0.0111105      0.0723225            100
  1254       1255      0.0111105      0.0723225            100
  1255       1256      0.0111105      0.0723225            100
  1256       1257      0.0111105      0.0723225            100
  1257       1258      0.0111105       0.404472            100
  1258       1259      0.0111105      0.0656429            100
  1259       1260      0.0111105      0.0656429            100
Optimization terminated: change in best function value less than options.TolFun.

vetor =

    7.0000    4.0000    0.7000    1.5600


	 HdL: 7.000  t1dt0: 4.000  L1dL0: 0.700  Alpha: 1.560
