\nSimulated Annealing...Discreted\n

	 Fitness Limit : -Inf
Diagnostic information.
	objective function = @sa_cav_y_4dof
	X0 = [  1 9 0.7 1.34 ]
Modified options:
	options.AnnealingFcn = @d_annealing_c4
	options.TemperatureFcn = @tempboltzexp
	options.StallIterLimit = 1000
	options.InitialTemperature = [  100 100 100 100 ]
	options.Display = 'diagnose'
	options.ReannealInterval = 50
	options.DisplayInterval = 1 
	options.AcceptanceFcn = @acceptancesa
End of diagnostic information.


                           Best        Current           Mean
Iteration   f-count         f(x)         f(x)         temperature
     0          1       0.109676       0.109676            100
     1          2       0.109676       0.135468         144.27
     2          3       0.109676       0.177858        91.0239
     3          4       0.109676       0.110079        72.1348
     4          5       0.109676       0.110667        62.1335
     5          6       0.109676       0.136816        55.8111
     6          7       0.109676       0.136816        51.3898
     7          8       0.109676       0.136816        48.0898
     8          9      0.0797537      0.0797537         45.512
     9         10      0.0797537      0.0797537        43.4294
    10         11      0.0797537      0.0797537        41.7032
    11         12      0.0797537      0.0797537         40.243
    12         13      0.0797537      0.0797537        38.9871
    13         14      0.0797537      0.0797537        37.8923
    14         15      0.0797537      0.0797537        36.9269
    15         16      0.0797537      0.0797537        36.0674
    16         17      0.0797537      0.0797537        35.2956
    17         18      0.0797537      0.0797537        34.5976
    18         19      0.0797537      0.0797537        33.9623
    19         20      0.0797537      0.0797537        33.3808
    20         21      0.0797537      0.0797537        32.8459
    21         22      0.0797537      0.0797537        32.3515
    22         23      0.0797537      0.0797537        31.8929
    23         24      0.0797537      0.0797537        31.4658
    24         25      0.0797537      0.0797537        31.0667
    25         26      0.0797537      0.0797537        30.6928
    26         27      0.0797537      0.0797537        30.3413
    27         28      0.0797537      0.0797537        30.0102
    28         29      0.0797537      0.0797537        29.6974
    29         30      0.0797537      0.0797537        29.4014
    30         31      0.0797537      0.0797537        29.1207

                           Best        Current           Mean
Iteration   f-count         f(x)         f(x)         temperature
    31         32      0.0797537      0.0797537        28.8539
    32         33      0.0797537      0.0797537           28.6
    33         34      0.0797537      0.0797537        28.3578
    34         35      0.0797537      0.0797537        28.1266
    35         36      0.0797537      0.0797537        27.9055
    36         37      0.0797537      0.0797537        27.6938
    37         38      0.0797537      0.0797537        27.4908
    38         39      0.0797537      0.0797537        27.2958
    39         40      0.0797537      0.0797537        27.1085
    40         41      0.0797537      0.0797537        26.9283
    41         42      0.0797537      0.0797537        26.7546
    42         43      0.0797537      0.0797537        26.5873
    43         44      0.0797537      0.0797537        26.4257
    44         45      0.0797537      0.0797537        26.2697
    45         46      0.0797537      0.0797537        26.1189
    46         47      0.0797537      0.0797537         25.973
    47         48      0.0797537      0.0797537        25.8318
    48         49      0.0797537      0.0797537        25.6949
    49         50      0.0797537      0.0797537        25.5622
    50         51      0.0797537      0.0797537        25.4335
    51         52      0.0797537      0.0797537        25.3085
    52         53      0.0797537      0.0797537        25.1871
    53         54      0.0797537      0.0797537         25.069
    54         55      0.0797537      0.0797537        24.9543
    55         56      0.0797537      0.0797537        24.8425
    56         57      0.0797537      0.0797537        24.7338
    57         58      0.0797537      0.0797537        24.6279
    58         59      0.0797537      0.0797537        24.5246
    59         60      0.0797537      0.0797537        24.4239
    60         61      0.0797537      0.0797537        24.3257

                           Best        Current           Mean
Iteration   f-count         f(x)         f(x)         temperature
    61         62      0.0797537      0.0797537        24.2299
    62         63      0.0797537      0.0797537        24.1363
    63         64      0.0797537      0.0797537        24.0449
    64         65      0.0797537      0.0797537        23.9556
    65         66      0.0797537      0.0797537        23.8683
    66         67      0.0797537      0.0797537         23.783
    67         68      0.0797537      0.0797537        23.6994
    68         69      0.0797537      0.0797537        23.6177
    69         70      0.0797537      0.0797537        23.5377
    70         71      0.0797537      0.0797537        23.4594
    71         72      0.0797537      0.0797537        23.3827
    72         73      0.0797537      0.0797537        23.3075
    73         74      0.0797537      0.0797537        23.2338
    74         75      0.0797537      0.0797537        23.1616
    75         76      0.0797537      0.0797537        23.0908
    76         77      0.0797537      0.0797537        23.0213
    77         78      0.0797537      0.0797537        22.9531
    78         79      0.0797537      0.0797537        22.5936
    79         80      0.0797537      0.0797537        21.4639
    80         81      0.0797537      0.0797537        20.3907
    81         82      0.0797537      0.0797537        19.3711
    82         83      0.0797537      0.0797537        18.4026
    83         84      0.0797537      0.0797537        17.4825
    84         85      0.0797537      0.0797537        16.6083
    85         86      0.0797537      0.0797537        15.7779
    86         87      0.0797537      0.0797537         14.989
    87         88      0.0797537      0.0797537        14.2396
    88         89      0.0797537      0.0797537        13.5276
    89         90      0.0797537      0.0797537        12.8512
    90         91      0.0797537      0.0797537        12.2087

                           Best        Current           Mean
Iteration   f-count         f(x)         f(x)         temperature
    91         92      0.0797537      0.0797537        11.5982
    92         93      0.0797537      0.0797537        11.0183
    93         94      0.0797537      0.0797537        10.4674
    94         95      0.0797537      0.0797537        9.94403
    95         96      0.0797537      0.0797537        9.44682
    96         97      0.0797537      0.0797537        8.97448
    97         98      0.0797537      0.0797537        8.52576
    98         99      0.0797537      0.0797537        8.09947
    99        100      0.0797537      0.0797537         7.6945
   100        101      0.0797537      0.0797537        7.30977
   101        102      0.0797537      0.0797537        6.94428
   102        103      0.0797537      0.0797537        6.59707
   103        104      0.0797537      0.0797537        6.26722
   104        105      0.0797537      0.0797537        5.95386
   105        106      0.0797537      0.0797537        5.65616
   106        107      0.0797537      0.0797537        5.37335
   107        108      0.0797537      0.0797537        5.10469
   108        109      0.0797537      0.0797537        4.84945
   109        110      0.0797537      0.0797537        4.60698
   110        111      0.0797537      0.0797537        4.37663
   111        112      0.0797537      0.0797537         4.1578
   112        113      0.0797537      0.0797537        3.94991
   113        114      0.0797537      0.0797537        3.75241
   114        115      0.0797537      0.0797537        3.56479
   115        116      0.0797537      0.0797537        3.38655
   116        117      0.0797537      0.0797537        3.21723
   117        118      0.0797537      0.0797537        3.05636
   118        119      0.0797537      0.0797537        2.90355
   119        120      0.0797537      0.0797537        2.75837
   120        121      0.0797537      0.0797537        2.62045

                           Best        Current           Mean
Iteration   f-count         f(x)         f(x)         temperature
   121        122      0.0797537      0.0797537        2.48943
   122        123      0.0797537      0.0797537        2.36496
   123        124      0.0797537      0.0797537        2.24671
   124        125      0.0797537      0.0797537        2.13437
   125        126      0.0797537      0.0797537        2.02765
   126        127      0.0797537      0.0797537        1.92627
   127        128      0.0797537      0.0797537        1.82996
   128        129      0.0797537      0.0797537        1.73846
   129        130      0.0797537      0.0797537        1.65154
   130        131      0.0797537      0.0797537        1.56896
   131        132      0.0797537      0.0797537        1.49051
   132        133      0.0797537      0.0797537        1.41599
   133        134      0.0797537      0.0797537        1.34519
   134        135      0.0797537      0.0797537        1.27793
   135        136      0.0797537      0.0797537        1.21403
   136        137      0.0797537      0.0797537        1.15333
   137        138      0.0797537      0.0797537        1.09566
   138        139      0.0797537      0.0797537        1.04088
   139        140      0.0797537      0.0797537       0.988836
   140        141      0.0797537      0.0797537       0.939395
   141        142      0.0797537      0.0797537        89.2425
   142        143      0.0797537      0.0797537        84.7804
   143        144      0.0797537      0.0797537        80.5413
   144        145      0.0797537       0.160309        76.5143
   145        146      0.0797537       0.160309        72.6886
   146        147      0.0797537       0.100701        69.0541
   147        148      0.0797537        1.62854        65.6014
   148        149      0.0797537       0.429506        62.3214
   149        150      0.0797537       0.430285        59.2053
   150        151      0.0797537       0.578207         56.245

                           Best        Current           Mean
Iteration   f-count         f(x)         f(x)         temperature
   151        152      0.0797537       0.578207        53.4328
   152        153      0.0797537       0.578207        50.7611
   153        154      0.0797537        1.22894        48.2231
   154        155      0.0797537        1.22894        45.8119
   155        156      0.0797537        1.22894        43.5213
   156        157      0.0797537        1.22894        41.3453
   157        158      0.0797537        1.22894         39.278
   158        159      0.0797537        1.22894        37.3141
   159        160      0.0797537        1.22894        35.4484
   160        161      0.0797537        1.22894         33.676
   161        162      0.0797537        1.22894        31.9922
   162        163      0.0797537        1.22894        30.3926
   163        164      0.0797537        1.22894        28.8729
   164        165      0.0797537        1.22894        27.4293
   165        166      0.0797537        1.22894        26.0578
   166        167      0.0797537        1.22894        24.7549
   167        168      0.0797537        1.22894        23.5172
   168        169      0.0797537        1.22894        22.3413
   169        170      0.0797537        1.22894        21.2243
   170        171      0.0797537        1.22894        20.1631
   171        172      0.0797537        1.22894        19.1549
   172        173      0.0797537        1.22894        18.1972
   173        174      0.0797537        1.22894        17.2873
   174        175      0.0797537        1.22894        16.4229
   175        176      0.0797537        1.22894        15.6018
   176        177      0.0797537        1.22894        14.8217
   177        178      0.0797537        1.22894        14.0806
   178        179      0.0797537        1.22894        13.3766
   179        180      0.0797537        1.22894        12.7078
   180        181      0.0797537        1.22894        12.0724

                           Best        Current           Mean
Iteration   f-count         f(x)         f(x)         temperature
   181        182      0.0797537        1.22894        11.4687
   182        183      0.0797537        1.22894        10.8953
   183        184      0.0797537        1.22894        10.3505
   184        185      0.0797537        1.22894        9.83302
   185        186      0.0797537        1.22894        9.34136
   186        187      0.0797537        1.22894         8.8743
   187        188      0.0797537        1.22894        8.43058
   188        189      0.0797537        1.22894        8.00905
   189        190      0.0797537        1.22894         7.6086
   190        191      0.0797537        1.22894        7.22817
   191        192      0.0797537        1.22894        6.86676
   192        193      0.0797537        1.22894        6.52342
   193        194      0.0797537        1.22894        6.19725
   194        195      0.0797537        1.22894        5.88739
   195        196      0.0797537        1.22894        5.59302
   196        197      0.0797537        1.22894        5.31337
   197        198      0.0797537        1.22894         5.0477
   198        199      0.0797537        1.22894        4.79532
   199        200      0.0797537        1.22894        4.55555
   200        201      0.0797537        1.22894        4.32777
   201        202      0.0797537        1.22894        4.11138
   202        203      0.0797537        1.22894        3.90581
   203        204      0.0797537        1.22894        3.71052
   204        205      0.0797537        1.22894          3.525
   205        206      0.0797537        1.22894        3.34875
   206        207      0.0797537        1.22894        3.18131
   207        208      0.0797537        1.22894        3.02224
   208        209      0.0797537        1.22894        2.87113
   209        210      0.0797537        1.22894        2.72758
   210        211      0.0797537        1.22894         2.5912

                           Best        Current           Mean
Iteration   f-count         f(x)         f(x)         temperature
   211        212      0.0797537        1.22894        2.46164
   212        213      0.0797537        1.22894        2.33856
   213        214      0.0797537        1.22894        2.22163
   214        215      0.0797537        1.22894        2.11055
   215        216      0.0797537        1.22894        2.00502
   216        217      0.0797537        1.22894        1.90477
   217        218      0.0797537        1.22894        1.80953
   218        219      0.0797537        1.22894        1.71905
   219        220      0.0797537        1.22894         1.6331
   220        221      0.0797537        1.22894        1.55145
   221        222      0.0797537        1.22894        1.47387
   222        223      0.0797537        1.22894        1.40018
   223        224      0.0797537        1.22894        1.33017
   224        225      0.0797537        1.22894        1.26366
   225        226      0.0797537        1.22894        1.20048
   226        227      0.0797537        1.22894        1.14045
   227        228      0.0797537        1.22894        1.08343
   228        229      0.0797537        1.22894        1.02926
   229        230      0.0797537        1.22894       0.977798
   230        231      0.0797537        1.22894       0.928908
   231        232      0.0797537        1.22894        88.2462
   232        233      0.0797537       0.092367        83.8339
   233        234      0.0797537       0.092367        79.6422
   234        235      0.0797537       0.149745        75.6601
   235        236      0.0797537       0.149745        71.8771
   236        237      0.0797537       0.097927        68.2833
   237        238      0.0797537       0.097927        64.8691
   238        239      0.0797537       0.377664        61.6256
   239        240      0.0797537        0.53926        58.5444
   240        241      0.0797537        0.53926        55.6171

                           Best        Current           Mean
Iteration   f-count         f(x)         f(x)         temperature
   241        242      0.0797537         2.3189        52.8363
   242        243      0.0797537         2.3189        50.1945
   243        244      0.0797537        1.63276        47.6847
   244        245      0.0797537        1.63276        45.3005
   245        246      0.0797537        1.63276        43.0355
   246        247      0.0797537        1.63276        40.8837
   247        248      0.0797537        1.63276        38.8395
   248        249      0.0797537        1.63276        36.8975
   249        250      0.0797537        1.63276        35.0527
   250        251      0.0797537        1.63276           33.3
   251        252      0.0797537        1.63276         31.635
   252        253      0.0797537        1.63276        30.0533
   253        254      0.0797537        1.63276        28.5506
   254        255      0.0797537        1.63276        27.1231
   255        256      0.0797537        1.63276        25.7669
   256        257      0.0797537        1.63276        24.4786
   257        258      0.0797537        1.63276        23.2547
   258        259      0.0797537        1.63276        22.0919
   259        260      0.0797537        1.63276        20.9873
   260        261      0.0797537        1.63276         19.938
   261        262      0.0797537        1.63276        18.9411
   262        263      0.0797537        1.63276         17.994
   263        264      0.0797537        1.63276        17.0943
   264        265      0.0797537        1.63276        16.2396
   265        266      0.0797537        1.63276        15.4276
   266        267      0.0797537        1.63276        14.6562
   267        268      0.0797537        1.63276        13.9234
   268        269      0.0797537        1.63276        13.2272
   269        270      0.0797537        1.63276        12.5659
   270        271      0.0797537        1.63276        11.9376

                           Best        Current           Mean
Iteration   f-count         f(x)         f(x)         temperature
   271        272      0.0797537        1.63276        11.3407
   272        273      0.0797537        1.63276        10.7737
   273        274      0.0797537        1.63276         10.235
   274        275      0.0797537        1.63276        9.72324
   275        276      0.0797537        1.63276        9.23708
   276        277      0.0797537        1.63276        8.77523
   277        278      0.0797537        1.63276        8.33647
   278        279      0.0797537        1.63276        7.91964
   279        280      0.0797537        1.63276        7.52366
   280        281      0.0797537        1.63276        7.14748
   281        282      0.0797537        1.63276         6.7901
   282        283      0.0797537        1.63276         6.4506
   283        284      0.0797537        1.63276        6.12807
   284        285      0.0797537        1.63276        5.82167
   285        286      0.0797537        1.63276        5.53058
   286        287      0.0797537        1.63276        5.25405
   287        288      0.0797537        1.63276        4.99135
   288        289      0.0797537        1.63276        4.74178
   289        290      0.0797537        1.63276        4.50469
   290        291      0.0797537        1.63276        4.27946
   291        292      0.0797537        1.63276        4.06549
   292        293      0.0797537        1.63276        3.86221
   293        294      0.0797537        1.63276         3.6691
   294        295      0.0797537        1.63276        3.48565
   295        296      0.0797537        1.63276        3.31136
   296        297      0.0797537        1.63276         3.1458
   297        298      0.0797537        1.63276        2.98851
   298        299      0.0797537        1.63276        2.83908
   299        300      0.0797537        1.63276        2.69713
   300        301      0.0797537        1.63276        2.56227

                           Best        Current           Mean
Iteration   f-count         f(x)         f(x)         temperature
   301        302      0.0797537        1.63276        2.43416
   302        303      0.0797537        1.63276        2.31245
   303        304      0.0797537        1.63276        2.19683
   304        305      0.0797537        1.63276        2.08699
   305        306      0.0797537        1.63276        1.98264
   306        307      0.0797537        1.63276         1.8835
   307        308      0.0797537        1.63276        1.78933
   308        309      0.0797537        1.63276        1.69986
   309        310      0.0797537        1.63276        1.61487
   310        311      0.0797537        1.63276        1.53413
   311        312      0.0797537        1.63276        1.45742
   312        313      0.0797537        1.63276        1.38455
   313        314      0.0797537        1.63276        1.31532
   314        315      0.0797537        1.63276        1.24956
   315        316      0.0797537        1.63276        1.18708
   316        317      0.0797537        1.63276        1.12772
   317        318      0.0797537        1.63276        1.07134
   318        319      0.0797537        1.63276        1.01777
   319        320      0.0797537        1.63276       0.966882
   320        321      0.0797537        1.63276       0.918538
   321        322      0.0797537        1.63276        87.2611
   322        323      0.0797537       0.466114         82.898
   323        324      0.0797537       0.238612        78.7531
   324        325      0.0797537       0.191109        74.8155
   325        326      0.0797537       0.181007        71.0747
   326        327      0.0797537       0.129309         67.521
   327        328      0.0797537       0.129309        64.1449
   328        329      0.0797537        1.16833        60.9377
   329        330      0.0797537        1.16833        57.8908
   330        331      0.0797537        1.16833        54.9963

                           Best        Current           Mean
Iteration   f-count         f(x)         f(x)         temperature
   331        332      0.0797537        1.16833        52.2464
   332        333      0.0797537        1.16833        49.6341
   333        334      0.0797537        1.16833        47.1524
   334        335      0.0797537        1.16833        44.7948
   335        336      0.0797537        1.16833        42.5551
   336        337      0.0797537        1.16833        40.4273
   337        338      0.0797537        1.16833        38.4059
   338        339      0.0797537        1.16833        36.4856
   339        340      0.0797537        1.16833        34.6614
   340        341      0.0797537        1.16833        32.9283
   341        342      0.0797537        1.16833        31.2819
   342        343      0.0797537        1.16833        29.7178
   343        344      0.0797537        1.16833        28.2319
   344        345      0.0797537        1.16833        26.8203
   345        346      0.0797537        1.16833        25.4793
   346        347      0.0797537        1.16833        24.2053
   347        348      0.0797537        1.16833        22.9951
   348        349      0.0797537        1.16833        21.8453
   349        350      0.0797537        1.16833         20.753
   350        351      0.0797537        1.16833        19.7154
   351        352      0.0797537        1.16833        18.7296
   352        353      0.0797537        1.16833        17.7931
   353        354      0.0797537        1.16833        16.9035
   354        355      0.0797537        1.16833        16.0583
   355        356      0.0797537        1.16833        15.2554
   356        357      0.0797537        1.16833        14.4926
   357        358      0.0797537        1.16833         13.768
   358        359      0.0797537        1.16833        13.0796
   359        360      0.0797537        1.16833        12.4256
   360        361      0.0797537        1.16833        11.8043

                           Best        Current           Mean
Iteration   f-count         f(x)         f(x)         temperature
   361        362      0.0797537        1.16833        11.2141
   362        363      0.0797537        1.16833        10.6534
   363        364      0.0797537        1.16833        10.1207
   364        365      0.0797537        1.16833         9.6147
   365        366      0.0797537        1.16833        9.13396
   366        367      0.0797537        1.16833        8.67727
   367        368      0.0797537        1.16833         8.2434
   368        369      0.0797537        1.16833        7.83123
   369        370      0.0797537        1.16833        7.43967
   370        371      0.0797537        1.16833        7.06769
   371        372      0.0797537        1.16833         6.7143
   372        373      0.0797537        1.16833        6.37859
   373        374      0.0797537        1.16833        6.05966
   374        375      0.0797537        1.16833        5.75668
   375        376      0.0797537        1.16833        5.46884
   376        377      0.0797537        1.16833         5.1954
   377        378      0.0797537        1.16833        4.93563
   378        379      0.0797537        1.16833        4.68885
   379        380      0.0797537        1.16833        4.45441
   380        381      0.0797537        1.16833        4.23169
   381        382      0.0797537        1.16833         4.0201
   382        383      0.0797537        1.16833         3.8191
   383        384      0.0797537        1.16833        3.62814
   384        385      0.0797537        1.16833        3.44673
   385        386      0.0797537        1.16833         3.2744
   386        387      0.0797537        1.16833        3.11068
   387        388      0.0797537        1.16833        2.95514
   388        389      0.0797537        1.16833        2.80739
   389        390      0.0797537        1.16833        2.66702
   390        391      0.0797537        1.16833        2.53367

                           Best        Current           Mean
Iteration   f-count         f(x)         f(x)         temperature
   391        392      0.0797537        1.16833        2.40698
   392        393      0.0797537        1.16833        2.28663
   393        394      0.0797537        1.16833         2.1723
   394        395      0.0797537        1.16833        2.06369
   395        396      0.0797537        1.16833         1.9605
   396        397      0.0797537        1.16833        1.86248
   397        398      0.0797537        1.16833        1.76935
   398        399      0.0797537        1.16833        1.68089
   399        400      0.0797537        1.16833        1.59684
   400        401      0.0797537        1.16833          1.517
   401        402      0.0797537        1.16833        1.44115
   402        403      0.0797537        1.16833        1.36909
   403        404      0.0797537        1.16833        1.30064
   404        405      0.0797537        1.16833        1.23561
   405        406      0.0797537        1.16833        1.17383
   406        407      0.0797537        1.16833        1.11513
   407        408      0.0797537        1.16833        1.05938
   408        409      0.0797537        1.16833        1.00641
   409        410      0.0797537        1.16833       0.956088
   410        411      0.0797537        1.16833       0.908284
   411        412      0.0797537        1.16833        86.2869
   412        413      0.0797537       0.279324        81.9726
   413        414      0.0797537       0.252264         77.874
   414        415      0.0797537       0.454519        73.9803
   415        416      0.0797537       0.176032        70.2813
   416        417      0.0797537        4.20645        66.7672
   417        418      0.0797537         1.2226        63.4288
   418        419      0.0797537        0.47246        60.2574
   419        420      0.0797537        0.47246        57.2445
   420        421      0.0797537        2.38554        54.3823

                           Best        Current           Mean
Iteration   f-count         f(x)         f(x)         temperature
   421        422      0.0797537        2.38554        51.6632
   422        423      0.0797537        2.38554          49.08
   423        424      0.0797537        2.38554         46.626
   424        425      0.0797537        2.38554        44.2947
   425        426      0.0797537        2.38554          42.08
   426        427      0.0797537        2.38554         39.976
   427        428      0.0797537        2.38554        37.9772
   428        429      0.0797537        2.38554        36.0783
   429        430      0.0797537        2.38554        34.2744
   430        431      0.0797537        2.38554        32.5607
   431        432      0.0797537        2.38554        30.9327
   432        433      0.0797537        2.38554         29.386
   433        434      0.0797537        2.38554        27.9167
   434        435      0.0797537        2.38554        26.5209
   435        436      0.0797537        2.38554        25.1948
   436        437      0.0797537        2.38554        23.9351
   437        438      0.0797537        2.38554        22.7383
   438        439      0.0797537        2.38554        21.6014
   439        440      0.0797537        2.38554        20.5214
   440        441      0.0797537        2.38554        19.4953
   441        442      0.0797537        2.38554        18.5205
   442        443      0.0797537        2.38554        17.5945
   443        444      0.0797537        2.38554        16.7148
   444        445      0.0797537        2.38554         15.879
   445        446      0.0797537        2.38554        15.0851
   446        447      0.0797537        2.38554        14.3308
   447        448      0.0797537        2.38554        13.6143
   448        449      0.0797537        2.38554        12.9336
   449        450      0.0797537        2.38554        12.2869
   450        451      0.0797537        2.38554        11.6725

                           Best        Current           Mean
Iteration   f-count         f(x)         f(x)         temperature
   451        452      0.0797537        2.38554        11.0889
   452        453      0.0797537        2.38554        10.5345
   453        454      0.0797537        2.38554        10.0078
   454        455      0.0797537        2.38554        9.50736
   455        456      0.0797537        2.38554          9.032
   456        457      0.0797537        2.38554         8.5804
   457        458      0.0797537        2.38554        8.15138
   458        459      0.0797537        2.38554        7.74381
   459        460      0.0797537        2.38554        7.35662
   460        461      0.0797537        2.38554        6.98879
   461        462      0.0797537        2.38554        6.63935
   462        463      0.0797537        2.38554        6.30738
   463        464      0.0797537        2.38554        5.99201
   464        465      0.0797537        2.38554        5.69241
   465        466      0.0797537        2.38554        5.40779
   466        467      0.0797537        2.38554         5.1374
   467        468      0.0797537        2.38554        4.88053
   468        469      0.0797537        2.38554         4.6365
   469        470      0.0797537        2.38554        4.40468
   470        471      0.0797537        2.38554        4.18444
   471        472      0.0797537        2.38554        3.97522
   472        473      0.0797537        2.38554        3.77646
   473        474      0.0797537        2.38554        3.58764
   474        475      0.0797537        2.38554        3.40826
   475        476      0.0797537        2.38554        3.23784
   476        477      0.0797537        2.38554        3.07595
   477        478      0.0797537        2.38554        2.92215
   478        479      0.0797537        2.38554        2.77605
   479        480      0.0797537        2.38554        2.63724
   480        481      0.0797537        2.38554        2.50538

                           Best        Current           Mean
Iteration   f-count         f(x)         f(x)         temperature
   481        482      0.0797537        2.38554        2.38011
   482        483      0.0797537        2.38554        2.26111
   483        484      0.0797537        2.38554        2.14805
   484        485      0.0797537        2.38554        2.04065
   485        486      0.0797537        2.38554        1.93862
   486        487      0.0797537        2.38554        1.84169
   487        488      0.0797537        2.38554         1.7496
   488        489      0.0797537        2.38554        1.66212
   489        490      0.0797537        2.38554        1.57902
   490        491      0.0797537        2.38554        1.50006
   491        492      0.0797537        2.38554        1.42506
   492        493      0.0797537        2.38554        1.35381
   493        494      0.0797537        2.38554        1.28612
   494        495      0.0797537        2.38554        1.22181
   495        496      0.0797537        2.38554        1.16072
   496        497      0.0797537        2.38554        1.10269
   497        498      0.0797537        2.38554        1.04755
   498        499      0.0797537        2.38554       0.995173
   499        500      0.0797537        2.38554       0.945415
   500        501      0.0797537        2.38554        89.8144
   501        502      0.0797537       0.201094        85.3237
   502        503      0.0797537       0.149323        81.0575
   503        504      0.0797537       0.149323        77.0046
   504        505      0.0797537       0.149323        73.1544
   505        506      0.0797537       0.174993        69.4967
   506        507      0.0797537       0.174993        66.0218
   507        508      0.0797537       0.490528        62.7207
   508        509      0.0797537        2.05908        59.5847
   509        510      0.0797537        1.64405        56.6055
   510        511      0.0797537        1.64405        53.7752

                           Best        Current           Mean
Iteration   f-count         f(x)         f(x)         temperature
   511        512      0.0797537        1.64405        51.0864
   512        513      0.0797537        1.64405        48.5321
   513        514      0.0797537        1.64405        46.1055
   514        515      0.0797537        1.64405        43.8002
   515        516      0.0797537        1.64405        41.6102
   516        517      0.0797537        1.64405        39.5297
   517        518      0.0797537        1.64405        37.5532
   518        519      0.0797537        1.64405        35.6756
   519        520      0.0797537        1.64405        33.8918
   520        521      0.0797537        1.64405        32.1972
   521        522      0.0797537        1.64405        30.5873
   522        523      0.0797537        1.64405         29.058
   523        524      0.0797537        1.64405        27.6051
   524        525      0.0797537        1.64405        26.2248
   525        526      0.0797537        1.64405        24.9136
   526        527      0.0797537        1.64405        23.6679
   527        528      0.0797537        1.64405        22.4845
   528        529      0.0797537        1.64405        21.3603
   529        530      0.0797537        1.64405        20.2923
   530        531      0.0797537        1.64405        19.2777
   531        532      0.0797537        1.64405        18.3138
   532        533      0.0797537        1.64405        17.3981
   533        534      0.0797537        1.64405        16.5282
   534        535      0.0797537        1.64405        15.7018
   535        536      0.0797537        1.64405        14.9167
   536        537      0.0797537        1.64405        14.1708
   537        538      0.0797537        1.64405        13.4623
   538        539      0.0797537        1.64405        12.7892
   539        540      0.0797537        1.64405        12.1497
   540        541      0.0797537        1.64405        11.5422

                           Best        Current           Mean
Iteration   f-count         f(x)         f(x)         temperature
   541        542      0.0797537        1.64405        10.9651
   542        543      0.0797537        1.64405        10.4169
   543        544      0.0797537        1.64405        9.89603
   544        545      0.0797537        1.64405        9.40123
   545        546      0.0797537        1.64405        8.93117
   546        547      0.0797537        1.64405        8.48461
   547        548      0.0797537        1.64405        8.06038
   548        549      0.0797537        1.64405        7.65736
   549        550      0.0797537        1.64405        7.27449
   550        551      0.0797537        1.64405        6.91077
   551        552      0.0797537        1.64405        6.56523
   552        553      0.0797537        1.64405        6.23697
   553        554      0.0797537        1.64405        5.92512
   554        555      0.0797537        1.64405        5.62886
   555        556      0.0797537        1.64405        5.34742
   556        557      0.0797537        1.64405        5.08005
   557        558      0.0797537        1.64405        4.82605
   558        559      0.0797537        1.64405        4.58474
   559        560      0.0797537        1.64405        4.35551
   560        561      0.0797537        1.64405        4.13773
   561        562      0.0797537        1.64405        3.93084
   562        563      0.0797537        1.64405         3.7343
   563        564      0.0797537        1.64405        3.54759
   564        565      0.0797537        1.64405        3.37021
   565        566      0.0797537        1.64405         3.2017
   566        567      0.0797537        1.64405        3.04161
   567        568      0.0797537        1.64405        2.88953
   568        569      0.0797537        1.64405        2.74506
   569        570      0.0797537        1.64405         2.6078
   570        571      0.0797537        1.64405        2.47741

                           Best        Current           Mean
Iteration   f-count         f(x)         f(x)         temperature
   571        572      0.0797537        1.64405        2.35354
   572        573      0.0797537        1.64405        2.23586
   573        574      0.0797537        1.64405        2.12407
   574        575      0.0797537        1.64405        2.01787
   575        576      0.0797537        1.64405        1.91697
   576        577      0.0797537        1.64405        1.82113
   577        578      0.0797537        1.64405        1.73007
   578        579      0.0797537        1.64405        1.64357
   579        580      0.0797537        1.64405        1.56139
   580        581      0.0797537        1.64405        1.48332
   581        582      0.0797537        1.64405        1.40915
   582        583      0.0797537        1.64405        1.33869
   583        584      0.0797537        1.64405        1.27176
   584        585      0.0797537        1.64405        1.20817
   585        586      0.0797537        1.64405        1.14776
   586        587      0.0797537        1.64405        1.09038
   587        588      0.0797537        1.64405        1.03586
   588        589      0.0797537        1.64405       0.984064
   589        590      0.0797537        1.64405       0.934861
   590        591      0.0797537        1.64405        88.8118
   591        592      0.0797537       0.102084        84.3712
   592        593      0.0797537       0.409984        80.1526
   593        594      0.0797537       0.126708         76.145
   594        595      0.0797537        0.51394        72.3377
   595        596      0.0797537       0.415718        68.7208
   596        597      0.0797537       0.415718        65.2848
   597        598      0.0797537       0.234979        62.0206
   598        599      0.0797537       0.234979        58.9195
   599        600      0.0797537       0.234979        55.9736
   600        601      0.0797537       0.234979        53.1749

                           Best        Current           Mean
Iteration   f-count         f(x)         f(x)         temperature
   601        602      0.0797537        0.95362        50.5161
[Warning: Unable to complete the meshing step. Please try the alternate mesher
version that can be selected in pdetool using the Mesh Parameters dialog or in
the initmesh function using the 'MesherVersion', 'R2013a' option.] 
   602        603      0.0797537        0.95362        47.9903
   603        604      0.0797537        0.95362        45.5908
   604        605      0.0797537        0.95362        43.3113
   605        606      0.0797537        0.95362        41.1457
   606        607      0.0797537        0.95362        39.0884
   607        608      0.0797537        0.95362         37.134
   608        609      0.0797537        0.95362        35.2773
   609        610      0.0797537        0.95362        33.5134
   610        611      0.0797537        0.95362        31.8378
   611        612      0.0797537        0.95362        30.2459
   612        613      0.0797537        0.95362        28.7336
   613        614      0.0797537        0.95362        27.2969
   614        615      0.0797537        0.95362        25.9321
   615        616      0.0797537        0.95362        24.6355
   616        617      0.0797537        0.95362        23.4037
   617        618      0.0797537        0.95362        22.2335
   618        619      0.0797537        0.95362        21.1218
   619        620      0.0797537        0.95362        20.0657
   620        621      0.0797537        0.95362        19.0624
   621        622      0.0797537        0.95362        18.1093
   622        623      0.0797537        0.95362        17.2039
   623        624      0.0797537        0.95362        16.3437
   624        625      0.0797537        0.95362        15.5265
   625        626      0.0797537        0.95362        14.7502
   626        627      0.0797537        0.95362        14.0126
   627        628      0.0797537        0.95362         13.312
   628        629      0.0797537        0.95362        12.6464
   629        630      0.0797537        0.95362        12.0141
   630        631      0.0797537        0.95362        11.4134

                           Best        Current           Mean
Iteration   f-count         f(x)         f(x)         temperature
   631        632      0.0797537        0.95362        10.8427
   632        633      0.0797537        0.95362        10.3006
   633        634      0.0797537        0.95362        9.78556
   634        635      0.0797537        0.95362        9.29628
   635        636      0.0797537        0.95362        8.83146
   636        637      0.0797537        0.95362        8.38989
   637        638      0.0797537        0.95362         7.9704
   638        639      0.0797537        0.95362        7.57188
   639        640      0.0797537        0.95362        7.19328
   640        641      0.0797537        0.95362        6.83362
   641        642      0.0797537        0.95362        6.49194
   642        643      0.0797537        0.95362        6.16734
   643        644      0.0797537        0.95362        5.85897
   644        645      0.0797537        0.95362        5.56602
   645        646      0.0797537        0.95362        5.28772
   646        647      0.0797537        0.95362        5.02334
   647        648      0.0797537        0.95362        4.77217
   648        649      0.0797537        0.95362        4.53356
   649        650      0.0797537        0.95362        4.30688
   650        651      0.0797537        0.95362        4.09154
   651        652      0.0797537        0.95362        3.88696
   652        653      0.0797537        0.95362        3.69261
   653        654      0.0797537        0.95362        3.50798
   654        655      0.0797537        0.95362        3.33258
   655        656      0.0797537        0.95362        3.16596
   656        657      0.0797537        0.95362        3.00766
   657        658      0.0797537        0.95362        2.85727
   658        659      0.0797537        0.95362        2.71441
   659        660      0.0797537        0.95362        2.57869
   660        661      0.0797537        0.95362        2.44976

                           Best        Current           Mean
Iteration   f-count         f(x)         f(x)         temperature
   661        662      0.0797537        0.95362        2.32727
   662        663      0.0797537        0.95362         2.2109
   663        664      0.0797537        0.95362        2.10036
   664        665      0.0797537        0.95362        1.99534
   665        666      0.0797537        0.95362        1.89557
   666        667      0.0797537        0.95362         1.8008
   667        668      0.0797537        0.95362        1.71076
   668        669      0.0797537        0.95362        1.62522
   669        670      0.0797537        0.95362        1.54396
   670        671      0.0797537        0.95362        1.46676
   671        672      0.0797537        0.95362        1.39342
   672        673      0.0797537        0.95362        1.32375
   673        674      0.0797537        0.95362        1.25756
   674        675      0.0797537        0.95362        1.19468
   675        676      0.0797537        0.95362        1.13495
   676        677      0.0797537        0.95362         1.0782
   677        678      0.0797537        0.95362        1.02429
   678        679      0.0797537        0.95362       0.973078
   679        680      0.0797537        0.95362       0.924424
   680        681      0.0797537        0.95362        87.8203
   681        682      0.0797537       0.493527        83.4293
*  682        683      0.0797537       0.184219        1234.65
   683        684      0.0797537       0.184219         144.27
   684        685      0.0797537       0.120648        91.0239
   685        686      0.0797537       0.120648        72.1348
   686        687      0.0797537       0.179871        62.1335
   687        688      0.0797537       0.179871        55.8111
   688        689      0.0797537       0.179871        51.3898
   689        690      0.0797537       0.179871        48.0898
   690        691      0.0797537       0.179871         45.512

                           Best        Current           Mean
Iteration   f-count         f(x)         f(x)         temperature
   691        692      0.0797537        2.48987        43.4294
   692        693      0.0797537        2.48987        41.7032
   693        694      0.0797537        2.48987         40.243
   694        695      0.0797537        2.48987        38.9871
   695        696      0.0797537        2.48987        37.8923
   696        697      0.0797537        2.48987        36.9269
   697        698      0.0797537        2.48987        36.0674
   698        699      0.0797537        2.48987        35.2956
   699        700      0.0797537        2.48987        34.5976
   700        701      0.0797537        2.48987        33.9623
   701        702      0.0797537        2.48987        33.3808
   702        703      0.0797537        2.48987        32.8459
   703        704      0.0797537        2.48987        32.3515
   704        705      0.0797537        2.48987        31.8929
   705        706      0.0797537        2.48987        31.4658
   706        707      0.0797537        2.48987        31.0667
   707        708      0.0797537        2.48987        30.6928
   708        709      0.0797537        2.48987        30.3413
   709        710      0.0797537        2.48987        30.0102
   710        711      0.0797537        2.48987        29.6974
   711        712      0.0797537        2.48987        29.4014
   712        713      0.0797537        2.48987        29.1207
   713        714      0.0797537        2.48987        28.8539
   714        715      0.0797537        2.48987           28.6
   715        716      0.0797537        2.48987        28.3578
   716        717      0.0797537        2.48987        28.1266
   717        718      0.0797537        2.48987        27.9055
   718        719      0.0797537        2.48987        27.6938
   719        720      0.0797537        2.48987        27.4908
   720        721      0.0797537        2.48987        27.2958

                           Best        Current           Mean
Iteration   f-count         f(x)         f(x)         temperature
   721        722      0.0797537        2.48987        27.1085
   722        723      0.0797537        2.48987        26.9283
   723        724      0.0797537        2.48987        26.7546
   724        725      0.0797537        2.48987        26.5873
   725        726      0.0797537        2.48987        26.4257
   726        727      0.0797537        2.48987        26.2697
   727        728      0.0797537        2.48987        26.1189
   728        729      0.0797537        2.48987         25.973
   729        730      0.0797537        2.48987        25.8318
   730        731      0.0797537        2.48987        25.6949
   731        732      0.0797537        2.48987        25.5622
   732        733      0.0797537        2.48987        25.4335
   733        734      0.0797537        2.48987        25.3085
   734        735      0.0797537        2.48987        25.1871
   735        736      0.0797537        2.48987         25.069
   736        737      0.0797537        2.48987        24.9543
   737        738      0.0797537        2.48987        24.8425
   738        739      0.0797537        2.48987        24.7338
   739        740      0.0797537        2.48987        24.6279
   740        741      0.0797537        2.48987        24.5246
   741        742      0.0797537        2.48987        24.4239
   742        743      0.0797537        2.48987        24.3257
   743        744      0.0797537        2.48987        24.2299
   744        745      0.0797537        2.48987        24.1363
   745        746      0.0797537        2.48987        24.0449
   746        747      0.0797537        2.48987        23.9556
   747        748      0.0797537        2.48987        23.8683
   748        749      0.0797537        2.48987         23.783
   749        750      0.0797537        2.48987        23.6994
   750        751      0.0797537        2.48987        23.6177

                           Best        Current           Mean
Iteration   f-count         f(x)         f(x)         temperature
   751        752      0.0797537        2.48987        23.5377
   752        753      0.0797537        2.48987        23.4594
   753        754      0.0797537        2.48987        23.3827
   754        755      0.0797537        2.48987        23.3075
   755        756      0.0797537        2.48987        23.2338
   756        757      0.0797537        2.48987        23.1616
   757        758      0.0797537        2.48987        23.0908
   758        759      0.0797537        2.48987        23.0213
   759        760      0.0797537        2.48987        22.9531
   760        761      0.0797537        2.48987        22.5936
   761        762      0.0797537        2.48987        21.4639
   762        763      0.0797537        2.48987        20.3907
   763        764      0.0797537        2.48987        19.3711
   764        765      0.0797537        2.48987        18.4026
   765        766      0.0797537        2.48987        17.4825
   766        767      0.0797537        2.48987        16.6083
   767        768      0.0797537        2.48987        15.7779
   768        769      0.0797537        2.48987         14.989
   769        770      0.0797537        2.48987        14.2396
   770        771      0.0797537        2.48987        13.5276
   771        772      0.0797537        2.48987        12.8512
   772        773      0.0797537        2.48987        12.2087
   773        774      0.0797537        2.48987        11.5982
   774        775      0.0797537        2.48987        11.0183
   775        776      0.0797537        2.48987        10.4674
   776        777      0.0797537        2.48987        9.94403
   777        778      0.0797537        2.48987        9.44682
   778        779      0.0797537        2.48987        8.97448
   779        780      0.0797537        2.48987        8.52576
   780        781      0.0797537        2.48987        8.09947

                           Best        Current           Mean
Iteration   f-count         f(x)         f(x)         temperature
   781        782      0.0797537        2.48987         7.6945
   782        783      0.0797537        2.48987        7.30977
   783        784      0.0797537        2.48987        6.94428
   784        785      0.0797537        2.48987        6.59707
   785        786      0.0797537        2.48987        6.26722
   786        787      0.0797537        2.48987        5.95386
   787        788      0.0797537        2.48987        5.65616
   788        789      0.0797537        2.48987        5.37335
   789        790      0.0797537        2.48987        5.10469
   790        791      0.0797537        2.48987        4.84945
   791        792      0.0797537        2.48987        4.60698
   792        793      0.0797537        2.48987        4.37663
   793        794      0.0797537        2.48987         4.1578
   794        795      0.0797537        2.48987        3.94991
   795        796      0.0797537        2.48987        3.75241
   796        797      0.0797537        2.48987        3.56479
   797        798      0.0797537        2.48987        3.38655
   798        799      0.0797537        2.48987        3.21723
   799        800      0.0797537        2.48987        3.05636
   800        801      0.0797537        2.48987        2.90355
   801        802      0.0797537        2.48987        2.75837
   802        803      0.0797537        2.48987        2.62045
   803        804      0.0797537        2.48987        2.48943
   804        805      0.0797537        2.48987        2.36496
   805        806      0.0797537        2.48987        2.24671
   806        807      0.0797537        2.48987        2.13437
   807        808      0.0797537        2.48987        2.02765
   808        809      0.0797537        2.48987        1.92627
   809        810      0.0797537        2.48987        1.82996
   810        811      0.0797537        2.48987        1.73846

                           Best        Current           Mean
Iteration   f-count         f(x)         f(x)         temperature
   811        812      0.0797537        2.48987        1.65154
   812        813      0.0797537        2.48987        1.56896
   813        814      0.0797537        2.48987        1.49051
   814        815      0.0797537        2.48987        1.41599
   815        816      0.0797537        2.48987        1.34519
   816        817      0.0797537        2.48987        1.27793
   817        818      0.0797537        2.48987        1.21403
   818        819      0.0797537        2.48987        1.15333
   819        820      0.0797537        2.48987        1.09566
   820        821      0.0797537        2.48987        1.04088
   821        822      0.0797537        2.48987       0.988836
   822        823      0.0797537        2.48987       0.939395
   823        824      0.0797537        2.48987        89.2425
   824        825      0.0797537       0.174983        84.7804
   825        826      0.0797537       0.169796        80.5413
   826        827      0.0797537       0.500023        76.5143
   827        828      0.0797537       0.354731        72.6886
   828        829      0.0797537       0.247634        69.0541
   829        830      0.0797537       0.247634        65.6014
   830        831      0.0797537       0.203728        62.3214
   831        832      0.0797537       0.580581        59.2053
   832        833      0.0797537        1.71353         56.245
   833        834      0.0797537        1.14225        53.4328
   834        835      0.0797537        1.14225        50.7611
   835        836      0.0797537        1.14225        48.2231
   836        837      0.0797537        1.14225        45.8119
   837        838      0.0797537        1.14225        43.5213
   838        839      0.0797537        1.14225        41.3453
   839        840      0.0797537        1.14225         39.278
   840        841      0.0797537        1.14225        37.3141

                           Best        Current           Mean
Iteration   f-count         f(x)         f(x)         temperature
   841        842      0.0797537        1.14225        35.4484
   842        843      0.0797537        1.14225         33.676
   843        844      0.0797537        1.14225        31.9922
   844        845      0.0797537        1.14225        30.3926
   845        846      0.0797537        1.14225        28.8729
   846        847      0.0797537        1.14225        27.4293
   847        848      0.0797537        1.14225        26.0578
   848        849      0.0797537        1.14225        24.7549
   849        850      0.0797537        1.14225        23.5172
   850        851      0.0797537        1.14225        22.3413
   851        852      0.0797537        1.14225        21.2243
   852        853      0.0797537        1.14225        20.1631
   853        854      0.0797537        1.14225        19.1549
   854        855      0.0797537        1.14225        18.1972
   855        856      0.0797537        1.14225        17.2873
   856        857      0.0797537        1.14225        16.4229
   857        858      0.0797537        1.14225        15.6018
   858        859      0.0797537        1.14225        14.8217
   859        860      0.0797537        1.14225        14.0806
   860        861      0.0797537        1.14225        13.3766
   861        862      0.0797537        1.14225        12.7078
   862        863      0.0797537        1.14225        12.0724
   863        864      0.0797537        1.14225        11.4687
   864        865      0.0797537        1.14225        10.8953
   865        866      0.0797537        1.14225        10.3505
   866        867      0.0797537        1.14225        9.83302
   867        868      0.0797537        1.14225        9.34136
   868        869      0.0797537        1.14225         8.8743
   869        870      0.0797537        1.14225        8.43058
   870        871      0.0797537        1.14225        8.00905

                           Best        Current           Mean
Iteration   f-count         f(x)         f(x)         temperature
   871        872      0.0797537        1.14225         7.6086
   872        873      0.0797537        1.14225        7.22817
   873        874      0.0797537        1.14225        6.86676
   874        875      0.0797537        1.14225        6.52342
   875        876      0.0797537        1.14225        6.19725
   876        877      0.0797537        1.14225        5.88739
   877        878      0.0797537        1.14225        5.59302
   878        879      0.0797537        1.14225        5.31337
   879        880      0.0797537        1.14225         5.0477
   880        881      0.0797537        1.14225        4.79532
   881        882      0.0797537        1.14225        4.55555
   882        883      0.0797537        1.14225        4.32777
   883        884      0.0797537        1.14225        4.11138
   884        885      0.0797537        1.14225        3.90581
   885        886      0.0797537        1.14225        3.71052
   886        887      0.0797537        1.14225          3.525
   887        888      0.0797537        1.14225        3.34875
   888        889      0.0797537        1.14225        3.18131
   889        890      0.0797537        1.14225        3.02224
   890        891      0.0797537        1.14225        2.87113
   891        892      0.0797537        1.14225        2.72758
   892        893      0.0797537        1.14225         2.5912
   893        894      0.0797537        1.14225        2.46164
   894        895      0.0797537        1.14225        2.33856
   895        896      0.0797537        1.14225        2.22163
   896        897      0.0797537        1.14225        2.11055
   897        898      0.0797537        1.14225        2.00502
   898        899      0.0797537        1.14225        1.90477
   899        900      0.0797537        1.14225        1.80953
   900        901      0.0797537        1.14225        1.71905

                           Best        Current           Mean
Iteration   f-count         f(x)         f(x)         temperature
   901        902      0.0797537        1.14225         1.6331
   902        903      0.0797537        1.14225        1.55145
   903        904      0.0797537        1.14225        1.47387
   904        905      0.0797537        1.14225        1.40018
   905        906      0.0797537        1.14225        1.33017
   906        907      0.0797537        1.14225        1.26366
   907        908      0.0797537        1.14225        1.20048
   908        909      0.0797537        1.14225        1.14045
   909        910      0.0797537        1.14225        1.08343
   910        911      0.0797537        1.14225        1.02926
   911        912      0.0797537        1.14225       0.977798
   912        913      0.0797537        1.14225       0.928908
   913        914      0.0797537        1.14225        88.2462
   914        915      0.0797537       0.126185        83.8339
   915        916      0.0797537       0.240584        79.6422
   916        917      0.0797537       0.389794        75.6601
   917        918      0.0797537       0.456459        71.8771
   918        919      0.0797537       0.204473        68.2833
   919        920      0.0797537          1.037        64.8691
   920        921      0.0797537       0.525514        61.6256
   921        922      0.0797537       0.413756        58.5444
   922        923      0.0797537       0.413756        55.6171
   923        924      0.0797537       0.413756        52.8363
   924        925      0.0797537       0.413756        50.1945
   925        926      0.0797537       0.413756        47.6847
   926        927      0.0797537        1.68626        45.3005
   927        928      0.0797537        1.68626        43.0355
   928        929      0.0797537        1.68626        40.8837
   929        930      0.0797537        1.68626        38.8395
   930        931      0.0797537        1.68626        36.8975

                           Best        Current           Mean
Iteration   f-count         f(x)         f(x)         temperature
   931        932      0.0797537        1.68626        35.0527
   932        933      0.0797537        1.68626           33.3
   933        934      0.0797537        1.68626         31.635
   934        935      0.0797537        1.68626        30.0533
   935        936      0.0797537        1.68626        28.5506
   936        937      0.0797537        1.68626        27.1231
   937        938      0.0797537        1.68626        25.7669
   938        939      0.0797537        1.68626        24.4786
   939        940      0.0797537        1.68626        23.2547
   940        941      0.0797537        1.68626        22.0919
   941        942      0.0797537        1.68626        20.9873
   942        943      0.0797537        1.68626         19.938
   943        944      0.0797537        1.68626        18.9411
   944        945      0.0797537        1.68626         17.994
   945        946      0.0797537        1.68626        17.0943
   946        947      0.0797537        1.68626        16.2396
   947        948      0.0797537        1.68626        15.4276
   948        949      0.0797537        1.68626        14.6562
   949        950      0.0797537        1.68626        13.9234
   950        951      0.0797537        1.68626        13.2272
   951        952      0.0797537        1.68626        12.5659
   952        953      0.0797537        1.68626        11.9376
   953        954      0.0797537        1.68626        11.3407
   954        955      0.0797537        1.68626        10.7737
   955        956      0.0797537        1.68626         10.235
   956        957      0.0797537        1.68626        9.72324
   957        958      0.0797537        1.68626        9.23708
   958        959      0.0797537        1.68626        8.77523
   959        960      0.0797537        1.68626        8.33647
   960        961      0.0797537        1.68626        7.91964

                           Best        Current           Mean
Iteration   f-count         f(x)         f(x)         temperature
   961        962      0.0797537        1.68626        7.52366
   962        963      0.0797537        1.68626        7.14748
   963        964      0.0797537        1.68626         6.7901
   964        965      0.0797537        1.68626         6.4506
   965        966      0.0797537        1.68626        6.12807
   966        967      0.0797537        1.68626        5.82167
   967        968      0.0797537        1.68626        5.53058
   968        969      0.0797537        1.68626        5.25405
   969        970      0.0797537        1.68626        4.99135
   970        971      0.0797537        1.68626        4.74178
   971        972      0.0797537        1.68626        4.50469
   972        973      0.0797537        1.68626        4.27946
   973        974      0.0797537        1.68626        4.06549
   974        975      0.0797537        1.68626        3.86221
   975        976      0.0797537        1.68626         3.6691
   976        977      0.0797537        1.68626        3.48565
   977        978      0.0797537        1.68626        3.31136
   978        979      0.0797537        1.68626         3.1458
   979        980      0.0797537        1.68626        2.98851
   980        981      0.0797537        1.68626        2.83908
   981        982      0.0797537        1.68626        2.69713
   982        983      0.0797537        1.68626        2.56227
   983        984      0.0797537        1.68626        2.43416
   984        985      0.0797537        1.68626        2.31245
   985        986      0.0797537        1.68626        2.19683
   986        987      0.0797537        1.68626        2.08699
   987        988      0.0797537        1.68626        1.98264
   988        989      0.0797537        1.68626         1.8835
   989        990      0.0797537        1.68626        1.78933
   990        991      0.0797537        1.68626        1.69986

                           Best        Current           Mean
Iteration   f-count         f(x)         f(x)         temperature
   991        992      0.0797537        1.68626        1.61487
   992        993      0.0797537        1.68626        1.53413
   993        994      0.0797537        1.68626        1.45742
   994        995      0.0797537        1.68626        1.38455
   995        996      0.0797537        1.68626        1.31532
   996        997      0.0797537        1.68626        1.24956
   997        998      0.0797537        1.68626        1.18708
   998        999      0.0797537        1.68626        1.12772
   999       1000      0.0797537        1.68626        1.07134
  1000       1001      0.0797537        1.68626        1.01777
  1001       1002      0.0797537        1.68626       0.966882
  1002       1003      0.0797537        1.68626       0.918538
  1003       1004      0.0797537        1.68626        87.2611
  1004       1005      0.0797537       0.138288         82.898
  1005       1006      0.0797537       0.110554        78.7531
  1006       1007      0.0797537       0.110554        74.8155
  1007       1008      0.0797537        6.00993        71.0747
  1008       1009      0.0797537       0.201489         67.521
Optimization terminated: change in best function value less than options.TolFun.

vetor =

    0.2000   20.0000    0.0500    1.1400


	 HdL: 0.200  t1dt0: 20.000  L1dL0: 0.050  Alpha: 1.140
