\nSimulated Annealing...Discreted\n

	 Fitness Limit : -Inf
Diagnostic information.
	objective function = @sa_cav_y_4dof
	X0 = [  20 180 0.002 1.2 ]
Modified options:
	options.AnnealingFcn = @d_annealing_c4
	options.TemperatureFcn = @temphsa
	options.StallIterLimit = 1000
	options.InitialTemperature = [  100 100 100 100 ]
	options.Display = 'diagnose'
	options.ReannealInterval = 5 
	options.DisplayInterval = 1 
	options.AcceptanceFcn = @acceptancesa
End of diagnostic information.


                           Best        Current           Mean
Iteration   f-count         f(x)         f(x)         temperature
     0          1            Inf            Inf            100
     1          2            Inf            Inf            100
     2          3            Inf            Inf            100
     3          4            Inf            Inf            100
     4          5            Inf            Inf            100
     5          6            Inf            Inf            100
     6          7            Inf            Inf            100
     7          8            Inf            Inf            100
     8          9            Inf            Inf            100
     9         10            Inf            Inf            100
    10         11            Inf            Inf            100
    11         12            Inf            Inf            100
    12         13            Inf            Inf            100
    13         14            Inf            Inf            100
    14         15            Inf            Inf            100
    15         16            Inf            Inf            100
    16         17            Inf            Inf            100
    17         18            Inf            Inf            100
    18         19            Inf            Inf            100
    19         20       0.105339       0.105339            100
    20         21       0.105339       0.105339            100
    21         22       0.105339       0.105339            100
    22         23       0.105339       0.105339            100
    23         24       0.105339       0.105339            100
    24         25       0.105339       0.105339            100
    25         26       0.105339       0.105339            100
    26         27       0.105339       0.105339            100
    27         28       0.105339       0.105339            100
    28         29       0.105339       0.105339            100
    29         30       0.105339       0.105339            100
    30         31       0.105339       0.105339            100

                           Best        Current           Mean
Iteration   f-count         f(x)         f(x)         temperature
    31         32       0.105339       0.105339            100
    32         33       0.105339       0.105339            100
    33         34       0.105339       0.105339            100
    34         35       0.105339       0.325226            100
    35         36       0.105339       0.325226            100
    36         37       0.105339       0.325226            100
    37         38       0.105339       0.325226            100
    38         39       0.105339       0.325226            100
    39         40       0.105339       0.325226            100
    40         41       0.105339       0.228985            100
    41         42       0.105339       0.228985            100
    42         43       0.105339       0.228985            100
    43         44       0.105339       0.228985            100
    44         45       0.105339       0.228985            100
*   45         46      0.0753168      0.0753168            100
    46         47      0.0753168      0.0753168            100
    47         48      0.0753168       0.474212            100
    48         49      0.0753168       0.773548            100
    49         50      0.0753168       0.773548            100
    50         51      0.0753168       0.773548            100
    51         52      0.0753168       0.773548            100
    52         53      0.0753168         0.3852            100
    53         54      0.0753168         0.3852            100
    54         55      0.0753168         0.3852            100
    55         56      0.0753168         0.3852            100
    56         57      0.0753168         0.3852            100
    57         58      0.0753168         0.3852            100
    58         59      0.0753168         0.3852            100
    59         60      0.0753168         0.3852            100
    60         61      0.0753168         0.3852            100

                           Best        Current           Mean
Iteration   f-count         f(x)         f(x)         temperature
    61         62      0.0753168         0.3852            100
    62         63      0.0753168      0.0921312            100
*   63         64      0.0753168       0.128278            100
    64         65      0.0753168       0.128278            100
    65         66      0.0753168       0.128278            100
    66         67      0.0753168       0.128278            100
    67         68      0.0753168       0.128278            100
    68         69      0.0753168       0.128278            100
    69         70      0.0753168       0.128278            100
    70         71      0.0753168       0.128278            100
    71         72      0.0753168       0.128278            100
    72         73      0.0753168       0.128278            100
    73         74      0.0753168       0.260081            100
    74         75      0.0753168       0.260081            100
    75         76      0.0753168       0.260081            100
    76         77      0.0753168       0.260081            100
    77         78      0.0753168       0.260081            100
    78         79      0.0753168       0.260081            100
    79         80      0.0753168       0.260081            100
    80         81      0.0753168       0.260081            100
    81         82      0.0753168       0.260081            100
    82         83      0.0753168       0.260081            100
    83         84      0.0753168       0.260081            100
    84         85      0.0753168       0.260081            100
    85         86      0.0753168       0.234066            100
    86         87      0.0753168       0.234066            100
    87         88      0.0753168       0.234066            100
    88         89      0.0753168       0.234066            100
    89         90      0.0753168       0.234066            100
    90         91      0.0753168       0.234066            100

                           Best        Current           Mean
Iteration   f-count         f(x)         f(x)         temperature
    91         92      0.0753168       0.234066            100
    92         93      0.0753168       0.234066            100
    93         94      0.0753168       0.234066            100
    94         95      0.0753168       0.159048            100
    95         96      0.0753168       0.159048            100
    96         97      0.0753168       0.276249            100
    97         98      0.0753168       0.276249            100
    98         99      0.0753168       0.276249            100
    99        100      0.0753168       0.276249            100
   100        101      0.0753168       0.276249            100
*  101        102      0.0753168        0.25653            100
   102        103      0.0753168        0.25653            100
   103        104      0.0753168        0.25653            100
   104        105      0.0753168        0.25653            100
   105        106      0.0753168        0.25653            100
   106        107      0.0753168        0.25653            100
   107        108      0.0753168        0.25653            100
   108        109      0.0753168        0.25653            100
   109        110      0.0753168        0.25653            100
   110        111      0.0753168        0.25653            100
   111        112      0.0753168        0.25653            100
   112        113      0.0753168        0.25653            100
   113        114      0.0753168        0.25653            100
   114        115      0.0753168       0.111785            100
   115        116      0.0753168       0.111785            100
   116        117      0.0753168       0.111785            100
   117        118      0.0753168       0.111785            100
   118        119      0.0753168       0.111785            100
   119        120      0.0753168       0.111785            100
   120        121      0.0753168       0.111785            100

                           Best        Current           Mean
Iteration   f-count         f(x)         f(x)         temperature
   121        122      0.0753168       0.111785            100
   122        123      0.0753168       0.111785            100
   123        124      0.0753168       0.111785            100
   124        125      0.0753168       0.111785            100
   125        126      0.0753168       0.111785            100
   126        127      0.0753168       0.111785            100
   127        128      0.0753168       0.136581            100
   128        129      0.0753168       0.136581            100
   129        130      0.0753168       0.136581            100
   130        131      0.0753168       0.136581            100
   131        132      0.0753168       0.136581            100
   132        133      0.0753168       0.541918            100
   133        134      0.0753168       0.089786            100
   134        135      0.0753168       0.089786            100
   135        136      0.0753168       0.089786            100
   136        137      0.0753168       0.089786            100
   137        138      0.0753168       0.089786            100
*  138        139      0.0753168      0.0963437            100
   139        140      0.0753168      0.0963437            100
   140        141      0.0753168      0.0963437            100
   141        142      0.0753168      0.0963437            100
   142        143      0.0753168      0.0963437            100
   143        144      0.0753168      0.0963437            100
   144        145      0.0753168      0.0963437            100
   145        146      0.0753168      0.0963437            100
   146        147      0.0753168      0.0963437            100
   147        148      0.0753168      0.0963437            100
   148        149      0.0753168       0.116822            100
   149        150      0.0753168       0.116822            100
   150        151      0.0753168       0.116822            100

                           Best        Current           Mean
Iteration   f-count         f(x)         f(x)         temperature
   151        152      0.0753168       0.116822            100
   152        153      0.0753168       0.116822            100
   153        154      0.0753168       0.116822            100
   154        155      0.0753168       0.116822            100
   155        156      0.0753168       0.116822            100
   156        157      0.0753168       0.116822            100
   157        158      0.0753168       0.116822            100
   158        159      0.0753168       0.116822            100
   159        160      0.0753168       0.116822            100
   160        161      0.0753168       0.116822            100
   161        162      0.0753168       0.116822            100
   162        163      0.0753168       0.116822            100
   163        164      0.0753168       0.116822            100
   164        165      0.0753168       0.116822            100
   165        166      0.0753168       0.116822            100
   166        167      0.0753168       0.116822            100
   167        168      0.0753168       0.116822            100
   168        169      0.0753168       0.116822            100
   169        170      0.0753168       0.116822            100
   170        171      0.0753168       0.116822            100
   171        172      0.0753168       0.116822            100
   172        173      0.0753168       0.116822            100
   173        174      0.0753168       0.116822            100
   174        175      0.0753168       0.116822            100
   175        176      0.0753168       0.116822            100
   176        177      0.0753168       0.116822            100
   177        178      0.0753168       0.116822            100
   178        179      0.0753168       0.116822            100
   179        180      0.0753168       0.116822            100
   180        181      0.0753168       0.116822            100

                           Best        Current           Mean
Iteration   f-count         f(x)         f(x)         temperature
   181        182      0.0753168       0.116822            100
   182        183      0.0753168       0.116822            100
   183        184      0.0753168       0.116822            100
   184        185      0.0753168       0.116822            100
   185        186      0.0753168       0.116822            100
   186        187      0.0753168       0.116822            100
   187        188      0.0753168       0.116822            100
   188        189      0.0753168       0.116822            100
   189        190      0.0753168       0.116822            100
   190        191      0.0753168       0.116822            100
   191        192      0.0753168       0.116822            100
   192        193      0.0753168       0.116822            100
   193        194      0.0753168       0.116822            100
   194        195      0.0753168       0.116822            100
   195        196      0.0753168       0.116822            100
   196        197      0.0753168      0.0797226            100
   197        198      0.0753168      0.0797226            100
   198        199      0.0753168      0.0797226            100
   199        200      0.0753168       0.106692            100
   200        201      0.0753168       0.106692            100
   201        202      0.0753168       0.106692            100
   202        203      0.0753168       0.106692            100
   203        204      0.0753168       0.106692            100
   204        205      0.0753168       0.106692            100
   205        206      0.0753168       0.106692            100
   206        207      0.0753168       0.106692            100
   207        208      0.0753168       0.106692            100
   208        209      0.0753168       0.106692            100
   209        210      0.0753168       0.106692            100
   210        211      0.0753168       0.106692            100

                           Best        Current           Mean
Iteration   f-count         f(x)         f(x)         temperature
   211        212      0.0753168       0.106692            100
   212        213      0.0753168       0.106692            100
   213        214      0.0753168       0.106692            100
   214        215      0.0753168       0.106692            100
   215        216      0.0753168       0.106692            100
   216        217      0.0753168       0.106692            100
   217        218      0.0753168       0.106692            100
   218        219      0.0753168       0.106692            100
   219        220      0.0753168       0.106692            100
   220        221      0.0753168       0.106692            100
   221        222      0.0753168       0.106692            100
   222        223      0.0753168       0.106692            100
   223        224      0.0753168       0.156214            100
   224        225      0.0753168       0.156214            100
   225        226      0.0753168       0.156214            100
   226        227      0.0753168       0.156214            100
   227        228      0.0753168       0.156214            100
   228        229      0.0753168       0.156214            100
   229        230      0.0753168       0.156214            100
   230        231      0.0753168       0.156214            100
   231        232      0.0753168       0.156214            100
   232        233      0.0753168       0.156214            100
*  233        234      0.0753168       0.205304            100
   234        235      0.0753168       0.205304            100
   235        236      0.0753168       0.205304            100
   236        237      0.0753168       0.205304            100
   237        238      0.0753168       0.205304            100
   238        239      0.0753168       0.205304            100
   239        240      0.0753168       0.205304            100
   240        241      0.0753168        0.12598            100

                           Best        Current           Mean
Iteration   f-count         f(x)         f(x)         temperature
   241        242      0.0753168        0.12598            100
   242        243      0.0753168        0.12598            100
   243        244      0.0753168        0.12598            100
   244        245      0.0753168        0.12598            100
   245        246      0.0753168        0.12598            100
   246        247      0.0753168        0.12598            100
   247        248      0.0753168        0.12598            100
   248        249      0.0753168        0.12598            100
   249        250      0.0753168        0.12598            100
   250        251      0.0753168        0.12598            100
   251        252      0.0753168        0.12598            100
   252        253      0.0753168        0.12598            100
   253        254      0.0753168        0.12598            100
   254        255      0.0753168        0.12598            100
   255        256      0.0753168        0.12598            100
   256        257      0.0753168        0.12598            100
   257        258      0.0753168        0.12598            100
   258        259      0.0753168        0.12598            100
   259        260      0.0753168        0.12598            100
   260        261      0.0753168        0.12598            100
   261        262      0.0753168        0.12598            100
   262        263      0.0753168        0.12598            100
   263        264      0.0753168        0.12105            100
   264        265      0.0753168        0.12105            100
   265        266      0.0753168        0.12105            100
   266        267      0.0753168        0.12105            100
   267        268      0.0753168        0.12105            100
   268        269      0.0753168        0.12105            100
   269        270      0.0753168        0.12105            100
   270        271      0.0753168        0.12105            100

                           Best        Current           Mean
Iteration   f-count         f(x)         f(x)         temperature
   271        272      0.0753168        0.12105            100
   272        273      0.0753168        0.12105            100
   273        274      0.0753168        0.12105            100
   274        275      0.0753168        0.12105            100
   275        276      0.0753168        0.12105            100
   276        277      0.0753168        0.12105            100
   277        278      0.0753168        0.12105            100
   278        279      0.0753168        0.12105            100
   279        280      0.0753168        0.12105            100
   280        281      0.0753168        0.12105            100
   281        282      0.0753168        0.12105            100
   282        283      0.0753168        0.12105            100
   283        284      0.0753168        0.12105            100
   284        285      0.0753168        0.12105            100
   285        286      0.0753168        0.12105            100
   286        287      0.0753168        0.12105            100
   287        288      0.0753168        0.12105            100
   288        289      0.0753168        0.12105            100
[Warning: Unable to complete the meshing step. Please try the alternate mesher version that can be selected in pdetool using the Mesh Parameters dialog or in the initmesh function using the
'MesherVersion', 'R2013a' option.] 
   289        290      0.0753168        0.12105            100
   290        291      0.0753168        0.12105            100
   291        292      0.0753168        0.12105            100
   292        293      0.0753168       0.328141            100
   293        294      0.0753168       0.328141            100
   294        295      0.0753168       0.328141            100
   295        296      0.0753168       0.328141            100
   296        297      0.0753168       0.328141            100
   297        298      0.0753168       0.328141            100
   298        299      0.0753168       0.328141            100
   299        300      0.0753168       0.328141            100
   300        301      0.0753168       0.328141            100

                           Best        Current           Mean
Iteration   f-count         f(x)         f(x)         temperature
   301        302      0.0753168       0.328141            100
   302        303      0.0753168       0.328141            100
   303        304      0.0753168       0.328141            100
   304        305      0.0753168       0.328141            100
   305        306      0.0753168       0.328141            100
   306        307      0.0753168       0.328141            100
   307        308      0.0753168       0.328141            100
   308        309      0.0753168       0.328141            100
   309        310      0.0753168       0.328141            100
   310        311      0.0753168       0.328141            100
   311        312      0.0753168       0.328141            100
   312        313      0.0753168       0.328141            100
   313        314      0.0753168       0.328141            100
   314        315      0.0753168       0.328141            100
   315        316      0.0753168       0.328141            100
   316        317      0.0753168       0.328141            100
   317        318      0.0753168       0.328141            100
   318        319      0.0753168       0.328141            100
   319        320      0.0753168       0.328141            100
   320        321      0.0753168       0.328141            100
   321        322      0.0753168       0.328141            100
   322        323      0.0753168       0.328141            100
   323        324      0.0753168       0.328141            100
   324        325      0.0753168       0.328141            100
   325        326      0.0753168       0.328141            100
   326        327      0.0753168       0.328141            100
   327        328      0.0753168       0.328141            100
   328        329      0.0753168       0.328141            100
   329        330      0.0753168       0.328141            100
   330        331      0.0753168       0.328141            100

                           Best        Current           Mean
Iteration   f-count         f(x)         f(x)         temperature
   331        332      0.0753168       0.328141            100
   332        333      0.0753168       0.328141            100
   333        334      0.0753168       0.328141             95
   334        335      0.0753168       0.328141          90.25
   335        336      0.0753168       0.328141        85.7375
   336        337      0.0753168       0.328141        81.4506
   337        338      0.0753168       0.328141        77.3781
   338        339      0.0753168       0.328141        73.5092
   339        340      0.0753168       0.328141        69.8337
   340        341      0.0753168       0.328141         66.342
   341        342      0.0753168       0.328141        63.0249
   342        343      0.0753168       0.328141        59.8737
   343        344      0.0753168       0.328141          56.88
   344        345      0.0753168       0.328141         54.036
   345        346      0.0753168       0.328141        51.3342
   346        347      0.0753168       0.328141        48.7675
   347        348      0.0753168       0.328141        46.3291
   348        349      0.0753168       0.090461        44.0127
   349        350      0.0753168       0.090461         41.812
   350        351      0.0753168       0.090461        39.7214
   351        352      0.0753168       0.090461        37.7354
   352        353      0.0753168       0.090461        35.8486
   353        354      0.0753168       0.090461        34.0562
   354        355      0.0753168       0.090461        32.3534
   355        356      0.0753168       0.090461        30.7357
   356        357      0.0753168       0.090461        29.1989
   357        358      0.0753168       0.090461         27.739
   358        359      0.0753168       0.090461         26.352
   359        360      0.0753168       0.090461        25.0344
   360        361      0.0753168       0.090461        23.7827

                           Best        Current           Mean
Iteration   f-count         f(x)         f(x)         temperature
   361        362      0.0753168       0.090461        22.5936
*  362        363      0.0753168        1.14779            100
   363        364      0.0753168        1.14779            100
   364        365      0.0753168        1.14779            100
   365        366      0.0753168        1.14779            100
   366        367      0.0753168        1.14779            100
   367        368      0.0753168        1.14779            100
   368        369      0.0753168        1.14779            100
   369        370      0.0753168        1.14779            100
   370        371      0.0753168        1.14779            100
   371        372      0.0753168        1.14779            100
   372        373      0.0753168        1.14779            100
   373        374      0.0753168        1.14779            100
   374        375      0.0753168        1.14779            100
   375        376      0.0753168        1.14779            100
   376        377      0.0753168        1.14779            100
   377        378      0.0753168        1.14779            100
   378        379      0.0753168        1.14779            100
   379        380      0.0753168        1.14779            100
   380        381      0.0753168      0.0935971            100
   381        382      0.0753168      0.0935971            100
   382        383      0.0753168      0.0935971            100
   383        384      0.0753168      0.0935971            100
   384        385      0.0753168      0.0935971            100
   385        386      0.0753168      0.0935971            100
   386        387      0.0753168      0.0935971            100
   387        388      0.0753168      0.0935971            100
   388        389      0.0753168      0.0935971            100
   389        390      0.0753168      0.0935971            100
   390        391      0.0753168      0.0935971            100

                           Best        Current           Mean
Iteration   f-count         f(x)         f(x)         temperature
   391        392      0.0753168      0.0935971            100
   392        393      0.0753168      0.0935971            100
   393        394      0.0753168      0.0905753            100
   394        395      0.0753168      0.0905753            100
   395        396      0.0753168      0.0905753            100
   396        397      0.0753168      0.0905753            100
   397        398      0.0753168      0.0905753            100
   398        399      0.0753168      0.0905753            100
   399        400      0.0753168       0.168156            100
   400        401      0.0753168       0.545645            100
   401        402      0.0753168       0.545645            100
   402        403      0.0753168       0.545645            100
   403        404      0.0753168       0.545645            100
   404        405      0.0753168       0.545645            100
   405        406      0.0753168       0.545645            100
   406        407      0.0753168       0.545645            100
   407        408      0.0753168       0.545645            100
   408        409      0.0753168       0.545645            100
   409        410      0.0753168       0.545645            100
   410        411      0.0753168       0.545645            100
   411        412      0.0753168       0.545645            100
   412        413      0.0753168       0.545645            100
*  413        414       0.074334       0.074334            100
   414        415       0.074334       0.074334            100
   415        416       0.074334       0.074334            100
   416        417       0.074334       0.074334            100
   417        418       0.074334       0.074334            100
   418        419       0.074334       0.074334            100
   419        420       0.074334       0.074334            100
   420        421       0.074334       0.074334            100

                           Best        Current           Mean
Iteration   f-count         f(x)         f(x)         temperature
   421        422       0.074334       0.074334            100
   422        423       0.074334       0.074334            100
   423        424       0.074334       0.074334            100
   424        425       0.074334       0.074334            100
   425        426       0.074334       0.074334            100
   426        427       0.074334       0.074334            100
   427        428       0.074334       0.074334            100
   428        429       0.074334       0.074334            100
   429        430       0.074334       0.074334            100
   430        431       0.074334       0.074334            100
   431        432       0.074334       0.074334            100
   432        433       0.074334       0.074334            100
   433        434       0.074334       0.074334            100
   434        435       0.074334       0.074334            100
   435        436       0.074334       0.074334            100
   436        437       0.074334       0.074334            100
   437        438       0.074334       0.074334            100
   438        439       0.074334       0.074334            100
   439        440       0.074334       0.074334            100
   440        441       0.074334       0.074334            100
   441        442       0.074334       0.074334            100
   442        443      0.0515251      0.0515251            100
   443        444      0.0515251      0.0515251            100
   444        445      0.0515251      0.0515251            100
   445        446      0.0515251       0.167214            100
   446        447      0.0515251       0.167214            100
   447        448      0.0515251       0.167214            100
   448        449      0.0515251       0.167214            100
   449        450      0.0515251       0.167214            100
   450        451      0.0515251         1.4267            100

                           Best        Current           Mean
Iteration   f-count         f(x)         f(x)         temperature
   451        452      0.0515251         1.4267            100
   452        453      0.0515251         1.4267            100
   453        454      0.0515251         1.4267            100
   454        455      0.0515251         1.4267            100
   455        456      0.0515251       0.283218            100
   456        457      0.0515251       0.283218            100
   457        458      0.0515251       0.283218            100
   458        459      0.0515251       0.283218            100
   459        460      0.0515251       0.283218            100
   460        461      0.0515251       0.283218            100
   461        462      0.0515251       0.283218            100
   462        463      0.0515251       0.283218            100
   463        464      0.0515251       0.283218            100
   464        465      0.0515251       0.283218            100
   465        466      0.0515251       0.283218            100
   466        467      0.0515251       0.283218            100
   467        468      0.0515251       0.283218            100
   468        469      0.0515251       0.283218            100
   469        470      0.0515251       0.283218            100
   470        471      0.0515251       0.283218            100
*  471        472      0.0515251       0.145568            100
   472        473      0.0515251       0.145568            100
   473        474      0.0515251       0.145568            100
   474        475      0.0515251       0.130339            100
   475        476      0.0515251       0.130339            100
   476        477      0.0515251       0.130339            100
   477        478      0.0515251       0.130339            100
   478        479      0.0515251       0.130339            100
   479        480      0.0515251       0.130339            100
   480        481      0.0515251       0.130339            100

                           Best        Current           Mean
Iteration   f-count         f(x)         f(x)         temperature
   481        482      0.0515251       0.130339            100
   482        483      0.0515251       0.130339            100
   483        484      0.0515251       0.130339            100
   484        485      0.0515251       0.130339            100
   485        486      0.0515251       0.788852            100
   486        487      0.0515251       0.788852            100
   487        488      0.0515251       0.788852            100
   488        489      0.0515251       0.788852            100
   489        490      0.0515251       0.148297            100
   490        491      0.0515251       0.148297            100
   491        492      0.0515251       0.148297            100
   492        493      0.0515251       0.148297            100
   493        494      0.0515251       0.148297            100
   494        495      0.0515251       0.148297            100
   495        496      0.0515251       0.148297            100
   496        497      0.0515251       0.148297            100
   497        498      0.0515251       0.148297            100
   498        499      0.0515251       0.148297            100
   499        500      0.0515251       0.148297            100
   500        501      0.0515251       0.148297            100
   501        502      0.0515251       0.148297            100
   502        503      0.0515251       0.148297            100
   503        504      0.0515251       0.148297            100
   504        505      0.0515251       0.148297            100
   505        506      0.0515251       0.148297            100
   506        507      0.0515251       0.148297            100
   507        508      0.0515251       0.148297            100
   508        509      0.0515251       0.148297            100
   509        510      0.0515251       0.148297            100
   510        511      0.0515251       0.148297            100

                           Best        Current           Mean
Iteration   f-count         f(x)         f(x)         temperature
   511        512      0.0515251       0.148297            100
   512        513      0.0515251       0.148297            100
   513        514      0.0515251       0.148297            100
   514        515      0.0515251       0.148297            100
   515        516      0.0515251       0.144885            100
*  516        517      0.0515251       0.072137            100
[Warning: Unable to complete the meshing step. Please try the alternate mesher version that can be selected in pdetool using the Mesh Parameters dialog or in the initmesh function using the
'MesherVersion', 'R2013a' option.] 
   517        518      0.0515251       0.072137            100
   518        519      0.0515251       0.072137            100
   519        520      0.0515251       0.072137            100
   520        521      0.0515251       0.072137            100
   521        522      0.0515251       0.072137            100
   522        523      0.0515251       0.072137            100
   523        524      0.0515251       0.072137            100
   524        525      0.0515251       0.072137            100
   525        526      0.0515251       0.072137            100
   526        527      0.0515251       0.072137            100
   527        528      0.0515251       0.072137            100
   528        529      0.0515251       0.072137            100
   529        530      0.0515251       0.330137            100
   530        531      0.0515251       0.330137            100
   531        532      0.0515251       0.330137            100
   532        533      0.0515251       0.330137            100
   533        534      0.0515251       0.330137            100
   534        535      0.0515251       0.330137            100
   535        536      0.0515251       0.330137            100
   536        537      0.0515251       0.330137            100
   537        538      0.0515251       0.330137            100
   538        539      0.0515251       0.330137            100
   539        540      0.0515251       0.330137            100
   540        541      0.0515251       0.330137            100

                           Best        Current           Mean
Iteration   f-count         f(x)         f(x)         temperature
   541        542      0.0515251       0.330137            100
   542        543      0.0515251       0.117055            100
   543        544      0.0515251       0.117055            100
   544        545      0.0515251       0.117055            100
   545        546      0.0515251       0.117055            100
   546        547      0.0515251       0.117055            100
   547        548      0.0515251       0.117055            100
   548        549      0.0515251       0.117055            100
   549        550      0.0515251       0.117055            100
   550        551      0.0515251       0.117055            100
   551        552      0.0515251       0.117055            100
   552        553      0.0515251       0.117055            100
   553        554      0.0515251       0.117055            100
   554        555      0.0515251       0.117055            100
   555        556      0.0515251       0.117055            100
   556        557      0.0515251       0.117055            100
   557        558      0.0515251       0.117055            100
   558        559      0.0515251       0.117055            100
   559        560      0.0515251       0.117055            100
   560        561      0.0515251       0.117055            100
   561        562      0.0515251       0.117055            100
   562        563      0.0515251       0.117055            100
   563        564      0.0515251      0.0936913            100
   564        565      0.0515251      0.0936913            100
   565        566      0.0515251      0.0936913            100
   566        567      0.0515251      0.0936913            100
   567        568      0.0515251      0.0936913            100
   568        569      0.0515251      0.0936913            100
   569        570      0.0515251      0.0936913            100
   570        571      0.0515251      0.0936913            100

                           Best        Current           Mean
Iteration   f-count         f(x)         f(x)         temperature
   571        572      0.0515251      0.0936913            100
   572        573      0.0515251      0.0936913            100
   573        574      0.0515251      0.0936913            100
   574        575      0.0515251      0.0936913            100
   575        576      0.0515251      0.0936913            100
   576        577      0.0515251      0.0936913            100
   577        578      0.0515251      0.0936913            100
   578        579      0.0515251      0.0936913            100
   579        580      0.0515251      0.0936913            100
   580        581      0.0515251       0.156345            100
   581        582      0.0515251       0.156345            100
*  582        583      0.0515251       0.133897            100
   583        584      0.0515251       0.133897            100
   584        585      0.0515251       0.133897            100
   585        586      0.0515251       0.133897            100
   586        587      0.0515251       0.133897            100
   587        588      0.0515251       0.133897            100
   588        589      0.0515251       0.133897            100
   589        590      0.0515251       0.133897            100
   590        591      0.0515251       0.133897            100
   591        592      0.0515251       0.133897            100
   592        593      0.0515251       0.133897            100
   593        594      0.0515251       0.133897            100
   594        595      0.0515251       0.133897            100
   595        596      0.0515251        0.12497            100
   596        597      0.0515251        0.12497            100
   597        598      0.0515251        0.12497            100
   598        599      0.0515251        0.12497            100
   599        600      0.0515251        0.12497            100
   600        601      0.0515251        0.12497            100

                           Best        Current           Mean
Iteration   f-count         f(x)         f(x)         temperature
   601        602      0.0515251        0.12497            100
   602        603      0.0515251        0.12497            100
   603        604      0.0515251       0.386265            100
   604        605      0.0515251       0.386265            100
   605        606      0.0515251       0.386265            100
   606        607      0.0515251       0.386265            100
   607        608      0.0515251       0.386265            100
   608        609      0.0515251       0.386265            100
   609        610      0.0515251       0.386265            100
   610        611      0.0515251       0.386265            100
   611        612      0.0515251       0.386265            100
   612        613      0.0515251       0.386265            100
   613        614      0.0515251       0.386265            100
   614        615      0.0515251       0.386265            100
   615        616      0.0515251       0.386265            100
   616        617      0.0515251       0.386265            100
   617        618      0.0515251       0.386265            100
   618        619      0.0515251       0.386265            100
   619        620      0.0515251       0.386265            100
   620        621      0.0515251       0.285479            100
   621        622      0.0515251       0.285479            100
   622        623      0.0515251       0.285479            100
   623        624      0.0515251       0.285479            100
   624        625      0.0515251       0.285479            100
   625        626      0.0515251       0.285479            100
   626        627      0.0515251       0.285479            100
   627        628      0.0515251       0.285479            100
   628        629      0.0515251       0.285479            100
   629        630      0.0515251       0.189838            100
   630        631      0.0515251       0.189838            100

                           Best        Current           Mean
Iteration   f-count         f(x)         f(x)         temperature
   631        632      0.0515251       0.189838            100
   632        633      0.0515251       0.189838            100
   633        634      0.0515251       0.189838            100
   634        635      0.0515251       0.189838            100
[Warning: Unable to complete the meshing step. Please try the alternate mesher version that can be selected in pdetool using the Mesh Parameters dialog or in the initmesh function using the
'MesherVersion', 'R2013a' option.] 
   635        636      0.0515251       0.189838            100
   636        637      0.0515251       0.189838            100
   637        638      0.0515251       0.189838            100
   638        639      0.0515251       0.189838            100
   639        640      0.0515251       0.189838            100
   640        641      0.0515251       0.189838            100
*  641        642      0.0515251      0.0870474            100
   642        643      0.0515251      0.0870474            100
   643        644      0.0515251      0.0870474            100
   644        645      0.0515251      0.0870474            100
   645        646      0.0515251      0.0870474            100
   646        647      0.0515251      0.0870474            100
   647        648      0.0515251      0.0870474            100
   648        649      0.0515251      0.0870474            100
   649        650      0.0515251      0.0870474            100
   650        651      0.0515251      0.0870474            100
   651        652      0.0515251      0.0870474            100
   652        653      0.0515251      0.0870474            100
   653        654      0.0515251      0.0870474            100
   654        655      0.0515251      0.0870474            100
   655        656      0.0515251      0.0870474            100
   656        657      0.0515251      0.0870474            100
   657        658      0.0515251        3.02627            100
   658        659      0.0515251        3.02627            100
   659        660      0.0515251        3.02627            100
   660        661      0.0515251        3.02627            100

                           Best        Current           Mean
Iteration   f-count         f(x)         f(x)         temperature
   661        662      0.0515251        3.02627            100
   662        663      0.0515251        3.02627            100
   663        664      0.0515251        3.02627            100
   664        665      0.0515251        3.02627            100
   665        666      0.0515251        3.02627            100
   666        667      0.0515251        3.02627            100
   667        668      0.0515251        3.02627            100
   668        669      0.0515251        3.02627            100
   669        670      0.0515251        3.02627            100
   670        671      0.0515251        3.02627            100
   671        672      0.0515251       0.147589            100
   672        673      0.0515251       0.147589            100
   673        674      0.0515251       0.147589            100
   674        675      0.0515251       0.147589            100
   675        676      0.0515251       0.147589            100
   676        677      0.0515251       0.147589            100
   677        678      0.0515251       0.147589            100
[Warning: Unable to complete the meshing step. Please try the alternate mesher version that can be selected in pdetool using the Mesh Parameters dialog or in the initmesh function using the
'MesherVersion', 'R2013a' option.] 
   678        679      0.0515251       0.147589            100
   679        680      0.0515251       0.147589            100
   680        681      0.0515251       0.147589            100
   681        682      0.0515251       0.147589            100
   682        683      0.0515251       0.147589            100
   683        684      0.0515251       0.147589            100
   684        685      0.0515251       0.147589            100
   685        686      0.0515251       0.147589            100
   686        687      0.0515251       0.147589            100
   687        688      0.0515251       0.147589            100
   688        689      0.0515251       0.147589            100
   689        690      0.0515251       0.147589            100
   690        691      0.0515251       0.147589            100

                           Best        Current           Mean
Iteration   f-count         f(x)         f(x)         temperature
   691        692      0.0515251       0.147589            100
   692        693      0.0515251       0.147589            100
   693        694      0.0515251       0.147589            100
   694        695      0.0515251       0.147589            100
   695        696      0.0515251       0.147589            100
   696        697      0.0515251       0.147589            100
   697        698      0.0515251       0.147589            100
   698        699      0.0515251       0.147589            100
   699        700      0.0515251       0.126523            100
   700        701      0.0515251       0.300294            100
   701        702      0.0515251       0.300294            100
   702        703      0.0515251       0.300294            100
   703        704      0.0515251       0.300294            100
   704        705      0.0515251       0.300294            100
   705        706      0.0515251       0.300294            100
   706        707      0.0515251       0.300294            100
   707        708      0.0515251       0.300294            100
   708        709      0.0515251       0.300294            100
   709        710      0.0515251       0.300294            100
   710        711      0.0515251       0.300294            100
   711        712      0.0515251       0.300294            100
*  712        713      0.0515251       0.173026            100
   713        714      0.0515251       0.173026            100
   714        715      0.0515251       0.173026            100
   715        716      0.0515251       0.539274            100
   716        717      0.0515251       0.539274            100
   717        718      0.0515251       0.539274            100
   718        719      0.0515251       0.539274            100
   719        720      0.0515251       0.539274            100
   720        721      0.0515251       0.539274            100

                           Best        Current           Mean
Iteration   f-count         f(x)         f(x)         temperature
   721        722      0.0515251       0.539274            100
   722        723      0.0515251       0.539274            100
   723        724      0.0515251       0.133797            100
   724        725      0.0515251       0.133797            100
   725        726      0.0515251       0.133797            100
   726        727      0.0515251       0.133797            100
   727        728      0.0515251       0.133797            100
   728        729      0.0515251       0.133797            100
   729        730      0.0515251       0.133797            100
   730        731      0.0515251       0.133797            100
   731        732      0.0515251       0.224879            100
   732        733      0.0515251       0.224879            100
   733        734      0.0515251       0.224879            100
   734        735      0.0515251       0.224879            100
   735        736      0.0515251       0.224879            100
   736        737      0.0515251       0.224879            100
   737        738      0.0515251       0.173349            100
   738        739      0.0515251       0.173349            100
   739        740      0.0515251       0.173349            100
   740        741      0.0515251       0.173349            100
   741        742      0.0515251       0.173349            100
   742        743      0.0515251       0.173349            100
   743        744      0.0515251       0.173349            100
   744        745      0.0515251       0.173349            100
   745        746      0.0515251       0.173349            100
   746        747      0.0515251       0.173349            100
   747        748      0.0515251       0.173349            100
   748        749      0.0515251       0.173349            100
   749        750      0.0515251       0.173349            100
   750        751      0.0515251       0.173349            100

                           Best        Current           Mean
Iteration   f-count         f(x)         f(x)         temperature
   751        752      0.0515251       0.173349            100
   752        753      0.0515251       0.173349            100
   753        754      0.0515251       0.173349            100
   754        755      0.0515251       0.173349            100
   755        756      0.0515251       0.173349            100
   756        757      0.0515251       0.173349            100
   757        758      0.0515251       0.173349            100
   758        759      0.0515251       0.173349            100
   759        760      0.0515251       0.173349            100
   760        761      0.0515251       0.173349            100
   761        762      0.0515251       0.173349            100
   762        763      0.0515251       0.173349            100
   763        764      0.0515251       0.173349            100
*  764        765      0.0515251      0.0523916            100
   765        766      0.0515251      0.0523916            100
   766        767      0.0515251      0.0523916            100
   767        768      0.0515251      0.0523916            100
   768        769      0.0515251      0.0523916            100
   769        770      0.0515251      0.0523916            100
   770        771      0.0515251      0.0523916            100
   771        772      0.0515251      0.0523916            100
   772        773      0.0515251      0.0523916            100
   773        774      0.0515251      0.0523916            100
   774        775      0.0515251      0.0523916            100
   775        776      0.0515251      0.0523916            100
   776        777      0.0515251      0.0523916            100
   777        778      0.0515251      0.0868452            100
   778        779      0.0515251      0.0868452            100
   779        780      0.0515251      0.0868452            100
   780        781      0.0515251      0.0868452            100

                           Best        Current           Mean
Iteration   f-count         f(x)         f(x)         temperature
   781        782      0.0515251      0.0868452            100
   782        783      0.0515251      0.0868452            100
   783        784      0.0515251      0.0868452            100
   784        785      0.0515251      0.0868452            100
   785        786      0.0515251      0.0868452            100
   786        787      0.0515251      0.0868452            100
   787        788      0.0515251      0.0868452            100
   788        789      0.0515251      0.0868452            100
   789        790      0.0515251      0.0868452            100
   790        791      0.0515251      0.0868452            100
   791        792      0.0515251      0.0868452            100
   792        793      0.0515251      0.0868452            100
   793        794      0.0515251      0.0868452            100
   794        795      0.0515251      0.0868452            100
   795        796      0.0515251      0.0868452            100
   796        797      0.0515251      0.0868452            100
   797        798      0.0515251      0.0868452            100
   798        799      0.0515251      0.0868452            100
   799        800      0.0515251      0.0868452            100
   800        801      0.0515251      0.0868452            100
   801        802      0.0515251      0.0868452            100
   802        803      0.0515251      0.0868452            100
   803        804      0.0515251      0.0868452            100
   804        805      0.0515251      0.0868452            100
   805        806      0.0515251       0.187373            100
   806        807      0.0515251       0.187373            100
   807        808      0.0515251       0.187373            100
   808        809      0.0515251       0.187373            100
   809        810      0.0515251       0.187373            100
   810        811      0.0515251       0.187373            100

                           Best        Current           Mean
Iteration   f-count         f(x)         f(x)         temperature
   811        812      0.0515251       0.187373            100
   812        813      0.0515251       0.187373            100
   813        814      0.0515251       0.268093            100
   814        815      0.0515251       0.268093            100
   815        816      0.0515251       0.268093            100
   816        817      0.0515251       0.268093            100
   817        818      0.0515251       0.268093            100
   818        819      0.0515251       0.268093            100
   819        820      0.0515251       0.268093            100
   820        821      0.0515251        1.50151            100
   821        822      0.0515251        1.50151            100
   822        823      0.0515251        1.50151            100
   823        824      0.0515251        1.50151            100
   824        825      0.0515251        1.50151            100
   825        826      0.0515251        1.50151            100
   826        827      0.0515251        1.50151            100
   827        828      0.0515251        1.50151            100
   828        829      0.0515251        1.50151            100
   829        830      0.0515251        1.50151            100
   830        831      0.0515251        1.50151            100
   831        832      0.0515251        1.50151            100
   832        833      0.0515251        1.50151            100
*  833        834      0.0515251       0.134149            100
   834        835      0.0515251       0.134149            100
   835        836      0.0515251       0.134149            100
   836        837      0.0515251       0.134149            100
   837        838      0.0515251       0.134149            100
   838        839      0.0515251       0.134149            100
   839        840      0.0515251       0.134149            100
   840        841      0.0515251       0.134149            100

                           Best        Current           Mean
Iteration   f-count         f(x)         f(x)         temperature
   841        842      0.0515251       0.134149            100
   842        843      0.0515251       0.134149            100
   843        844      0.0515251       0.134149            100
   844        845      0.0515251       0.134149            100
   845        846      0.0515251       0.134149            100
   846        847      0.0515251        0.19408            100
   847        848      0.0515251       0.190739            100
   848        849      0.0515251       0.190739            100
   849        850      0.0515251       0.117663            100
   850        851      0.0515251       0.117663            100
   851        852      0.0515251       0.117663            100
   852        853      0.0515251       0.117663            100
   853        854      0.0515251       0.117663            100
   854        855      0.0515251       0.117663            100
   855        856      0.0515251       0.117663            100
   856        857      0.0515251       0.117663            100
   857        858      0.0515251       0.117663            100
   858        859      0.0515251       0.117663            100
   859        860      0.0515251       0.117663            100
   860        861      0.0515251       0.117663            100
   861        862      0.0515251       0.117663            100
   862        863      0.0515251       0.117663            100
   863        864      0.0515251       0.117663            100
   864        865      0.0515251       0.117663            100
   865        866      0.0515251       0.117663            100
   866        867      0.0515251       0.117663            100
   867        868      0.0515251       0.117663            100
   868        869      0.0515251       0.117663            100
   869        870      0.0515251       0.117663            100
   870        871      0.0515251       0.117663            100

                           Best        Current           Mean
Iteration   f-count         f(x)         f(x)         temperature
   871        872      0.0515251       0.117663            100
   872        873      0.0515251       0.117663            100
   873        874      0.0515251       0.117663            100
   874        875      0.0515251       0.117663            100
   875        876      0.0515251       0.117663            100
   876        877      0.0515251       0.117663            100
   877        878      0.0515251       0.117663            100
   878        879      0.0515251       0.117663            100
   879        880      0.0515251       0.117663            100
   880        881      0.0515251       0.117663            100
   881        882      0.0515251       0.117663            100
   882        883      0.0515251       0.117663            100
   883        884      0.0515251       0.117663            100
   884        885      0.0515251       0.117663            100
   885        886      0.0515251       0.117663            100
   886        887      0.0515251       0.117663            100
   887        888      0.0515251       0.117663            100
   888        889      0.0515251       0.117663            100
   889        890      0.0515251       0.117663            100
   890        891      0.0515251       0.117663            100
   891        892      0.0515251       0.117663            100
   892        893      0.0515251       0.149332            100
   893        894      0.0515251       0.149332            100
   894        895      0.0515251       0.149332            100
   895        896      0.0515251       0.149332            100
*  896        897      0.0515251       0.210703            100
   897        898      0.0515251       0.210703            100
   898        899      0.0515251       0.210703            100
   899        900      0.0515251       0.210703            100
   900        901      0.0515251       0.210703            100

                           Best        Current           Mean
Iteration   f-count         f(x)         f(x)         temperature
   901        902      0.0515251       0.210703            100
   902        903      0.0515251       0.210703            100
   903        904      0.0515251       0.210703            100
   904        905      0.0515251       0.210703            100
   905        906      0.0515251       0.210703            100
   906        907      0.0515251       0.210703            100
   907        908      0.0515251        0.12769            100
   908        909      0.0515251        0.12769            100
   909        910      0.0515251        0.12769            100
   910        911      0.0515251        0.12769            100
   911        912      0.0515251       0.196349            100
   912        913      0.0515251       0.196349            100
   913        914      0.0515251       0.196349            100
   914        915      0.0515251       0.196349            100
   915        916      0.0515251       0.155792            100
   916        917      0.0515251       0.155792            100
   917        918      0.0515251       0.155792            100
   918        919      0.0515251       0.155792            100
   919        920      0.0515251       0.155792            100
   920        921      0.0515251       0.155792            100
   921        922      0.0515251       0.155792            100
   922        923      0.0515251       0.155792            100
   923        924      0.0515251       0.155792            100
   924        925      0.0515251       0.155792            100
   925        926      0.0515251       0.155792            100
   926        927      0.0515251       0.155792            100
   927        928      0.0515251       0.155792            100
   928        929      0.0515251       0.155792            100
   929        930      0.0515251       0.155792            100
   930        931      0.0515251       0.155792            100

                           Best        Current           Mean
Iteration   f-count         f(x)         f(x)         temperature
   931        932      0.0515251       0.155792            100
   932        933      0.0515251       0.155792            100
   933        934      0.0515251       0.155792            100
   934        935      0.0515251       0.155792            100
   935        936      0.0515251       0.155792            100
   936        937      0.0515251       0.155792            100
   937        938      0.0515251       0.155792            100
   938        939      0.0515251      0.0879693            100
   939        940      0.0515251      0.0879693            100
   940        941      0.0515251      0.0879693            100
   941        942      0.0515251      0.0879693            100
   942        943      0.0515251      0.0879693            100
   943        944      0.0515251      0.0879693            100
   944        945      0.0515251      0.0879693            100
   945        946      0.0515251      0.0879693            100
   946        947      0.0515251      0.0879693            100
   947        948      0.0515251      0.0879693            100
   948        949      0.0515251      0.0879693            100
   949        950      0.0515251      0.0879693            100
   950        951      0.0515251      0.0879693            100
   951        952      0.0515251      0.0879693            100
   952        953      0.0515251      0.0879693            100
   953        954      0.0515251      0.0879693            100
   954        955      0.0515251      0.0879693            100
   955        956      0.0515251      0.0879693            100
   956        957      0.0515251      0.0879693            100
*  957        958      0.0515251        0.13099            100
   958        959      0.0515251        0.13099            100
   959        960      0.0515251        0.13099            100
   960        961      0.0515251        0.13099            100

                           Best        Current           Mean
Iteration   f-count         f(x)         f(x)         temperature
   961        962      0.0515251        0.13099            100
   962        963      0.0515251        0.13099            100
   963        964      0.0515251        0.13099            100
   964        965      0.0515251        0.13099            100
   965        966      0.0515251        0.13099            100
   966        967      0.0515251        0.13099            100
   967        968      0.0515251        0.13099            100
   968        969      0.0515251        1.47272            100
   969        970      0.0515251        1.47272            100
   970        971      0.0515251        1.47272            100
   971        972      0.0515251        1.47272            100
   972        973      0.0515251        2.25074            100
   973        974      0.0515251        2.25074            100
   974        975      0.0515251        2.25074            100
   975        976      0.0515251       0.459979            100
   976        977      0.0515251       0.152267            100
   977        978      0.0515251       0.152267            100
   978        979      0.0515251       0.152267            100
   979        980      0.0515251       0.152267            100
   980        981      0.0515251       0.152267            100
   981        982      0.0515251       0.152267            100
   982        983      0.0515251       0.152267            100
   983        984      0.0515251       0.152267            100
   984        985      0.0515251       0.152267            100
   985        986      0.0515251       0.152267            100
   986        987      0.0515251       0.152267            100
   987        988      0.0515251       0.152267            100
   988        989      0.0515251       0.152267            100
   989        990      0.0515251       0.152267            100
   990        991      0.0515251       0.152267            100

                           Best        Current           Mean
Iteration   f-count         f(x)         f(x)         temperature
   991        992      0.0515251       0.152267            100
   992        993      0.0515251       0.152267            100
*  993        994      0.0515251       0.113343            100
   994        995      0.0515251       0.113343            100
   995        996      0.0515251       0.113343            100
   996        997      0.0515251       0.113343            100
   997        998      0.0515251        0.29985            100
   998        999      0.0515251        0.29985            100
   999       1000      0.0515251        0.29985            100
  1000       1001      0.0515251        0.29985            100
  1001       1002      0.0515251        0.29985            100
  1002       1003      0.0515251        0.29985            100
  1003       1004      0.0515251        0.29985            100
  1004       1005      0.0515251        0.29985            100
  1005       1006      0.0515251        0.29985            100
  1006       1007      0.0515251        0.29985            100
  1007       1008      0.0515251        0.29985            100
  1008       1009      0.0515251        0.29985            100
  1009       1010      0.0515251        0.29985            100
  1010       1011      0.0515251        0.29985            100
  1011       1012      0.0515251        0.29985            100
  1012       1013      0.0515251        0.29985            100
  1013       1014      0.0515251       0.316405            100
  1014       1015      0.0515251       0.316405            100
  1015       1016      0.0515251       0.316405            100
  1016       1017      0.0515251       0.316405            100
  1017       1018      0.0515251       0.316405            100
  1018       1019      0.0515251       0.316405            100
  1019       1020      0.0515251       0.316405            100
  1020       1021      0.0515251       0.316405            100

                           Best        Current           Mean
Iteration   f-count         f(x)         f(x)         temperature
  1021       1022      0.0515251       0.316405            100
  1022       1023      0.0515251       0.316405            100
  1023       1024      0.0515251       0.316405            100
  1024       1025      0.0515251       0.316405            100
  1025       1026      0.0515251       0.316405            100
  1026       1027      0.0515251       0.316405            100
  1027       1028      0.0515251       0.316405            100
  1028       1029      0.0515251       0.316405            100
  1029       1030      0.0515251       0.316405            100
  1030       1031      0.0515251       0.316405            100
  1031       1032      0.0515251       0.316405            100
  1032       1033      0.0515251       0.316405            100
  1033       1034      0.0515251        0.19777            100
  1034       1035      0.0515251        0.19777            100
  1035       1036      0.0515251        0.19777            100
  1036       1037      0.0515251        0.19777            100
  1037       1038      0.0515251        0.19777            100
  1038       1039      0.0515251        0.19777            100
  1039       1040      0.0515251        0.19777            100
  1040       1041      0.0515251        0.19777            100
  1041       1042      0.0515251        0.19777            100
  1042       1043      0.0515251        0.19777            100
  1043       1044      0.0515251        0.19777            100
  1044       1045      0.0515251        0.19777            100
  1045       1046      0.0515251        0.19777            100
  1046       1047      0.0515251        0.19777            100
  1047       1048      0.0515251        0.19777            100
  1048       1049      0.0515251        0.19777            100
  1049       1050      0.0515251        0.19777            100
  1050       1051      0.0515251        0.19777            100

                           Best        Current           Mean
Iteration   f-count         f(x)         f(x)         temperature
  1051       1052      0.0515251        0.19777            100
  1052       1053      0.0515251      0.0906671            100
  1053       1054      0.0515251      0.0906671            100
  1054       1055      0.0515251      0.0906671            100
  1055       1056      0.0515251      0.0906671            100
  1056       1057      0.0515251      0.0906671            100
* 1057       1058      0.0515251       0.459952            100
  1058       1059      0.0515251       0.459952            100
  1059       1060      0.0515251       0.459952            100
  1060       1061      0.0515251       0.459952            100
  1061       1062      0.0515251       0.236742            100
  1062       1063      0.0515251       0.230863            100
  1063       1064      0.0515251       0.230863            100
  1064       1065      0.0515251        2.54306            100
  1065       1066      0.0515251        2.54306            100
  1066       1067      0.0515251        2.54306            100
  1067       1068      0.0515251        2.54306            100
  1068       1069      0.0515251        2.54306            100
  1069       1070      0.0515251        2.54306            100
  1070       1071      0.0515251       0.142858            100
  1071       1072      0.0515251       0.142858            100
  1072       1073      0.0515251       0.142858            100
  1073       1074      0.0515251       0.142858            100
  1074       1075      0.0515251       0.142858            100
  1075       1076      0.0515251       0.142858            100
  1076       1077      0.0515251       0.142858            100
  1077       1078      0.0515251       0.142858            100
  1078       1079      0.0515251       0.142858            100
  1079       1080      0.0515251       0.142858            100
  1080       1081      0.0515251       0.142858            100

                           Best        Current           Mean
Iteration   f-count         f(x)         f(x)         temperature
* 1081       1082      0.0515251      0.0903429            100
  1082       1083      0.0515251      0.0903429            100
  1083       1084      0.0515251      0.0903429            100
  1084       1085      0.0515251      0.0903429            100
  1085       1086      0.0515251      0.0903429            100
  1086       1087      0.0515251      0.0903429            100
  1087       1088      0.0515251      0.0903429            100
  1088       1089      0.0515251      0.0903429            100
  1089       1090      0.0515251      0.0903429            100
  1090       1091      0.0515251      0.0903429            100
  1091       1092      0.0515251      0.0903429            100
  1092       1093      0.0515251       0.257709            100
  1093       1094      0.0515251       0.257709            100
  1094       1095      0.0515251       0.257709            100
  1095       1096      0.0515251       0.203485            100
  1096       1097      0.0515251       0.203485            100
  1097       1098      0.0515251       0.203485            100
  1098       1099      0.0515251       0.203485            100
  1099       1100      0.0515251       0.203485            100
  1100       1101      0.0515251       0.203485            100
  1101       1102      0.0515251       0.203485            100
  1102       1103      0.0515251       0.203485            100
  1103       1104      0.0515251       0.203485            100
  1104       1105      0.0515251       0.203485            100
  1105       1106      0.0515251       0.203485            100
  1106       1107      0.0515251       0.203485            100
  1107       1108      0.0515251       0.203485            100
  1108       1109      0.0515251        1.24787            100
  1109       1110      0.0515251        1.24787            100
  1110       1111      0.0515251        1.24787            100

                           Best        Current           Mean
Iteration   f-count         f(x)         f(x)         temperature
  1111       1112      0.0515251        1.24787            100
  1112       1113      0.0515251        1.24787            100
  1113       1114      0.0515251        1.24787            100
  1114       1115      0.0515251        1.24787            100
  1115       1116      0.0515251        1.24787            100
  1116       1117      0.0515251        1.24787            100
  1117       1118      0.0515251        1.24787            100
  1118       1119      0.0515251        1.24787            100
  1119       1120      0.0515251        1.24787            100
  1120       1121      0.0515251        1.24787            100
  1121       1122      0.0515251        1.24787            100
  1122       1123      0.0515251        1.24787            100
  1123       1124      0.0515251        1.24787            100
  1124       1125      0.0515251       0.589538            100
* 1125       1126      0.0515251       0.148389            100
  1126       1127      0.0515251       0.148389            100
  1127       1128      0.0515251       0.148389            100
  1128       1129      0.0515251       0.148389            100
  1129       1130      0.0515251       0.148389            100
  1130       1131      0.0515251       0.148389            100
  1131       1132      0.0515251       0.148389            100
  1132       1133      0.0515251       0.148389            100
  1133       1134      0.0515251       0.148389            100
  1134       1135      0.0515251       0.148389            100
  1135       1136      0.0515251       0.148389            100
  1136       1137      0.0515251       0.148389            100
  1137       1138      0.0515251       0.148389            100
  1138       1139      0.0515251      0.0884138            100
  1139       1140      0.0515251      0.0884138            100
  1140       1141      0.0515251      0.0884138            100

                           Best        Current           Mean
Iteration   f-count         f(x)         f(x)         temperature
  1141       1142      0.0515251      0.0884138            100
  1142       1143      0.0515251      0.0884138            100
  1143       1144      0.0515251      0.0884138            100
  1144       1145      0.0515251      0.0982171            100
  1145       1146      0.0515251      0.0982171            100
  1146       1147      0.0515251      0.0982171            100
  1147       1148      0.0515251      0.0982171            100
  1148       1149      0.0515251      0.0982171            100
  1149       1150      0.0515251      0.0982171            100
  1150       1151      0.0515251      0.0982171            100
  1151       1152      0.0515251      0.0982171            100
  1152       1153      0.0515251      0.0982171            100
  1153       1154      0.0515251      0.0982171            100
  1154       1155      0.0515251      0.0982171            100
  1155       1156      0.0515251      0.0982171            100
  1156       1157      0.0515251      0.0982171            100
  1157       1158      0.0515251      0.0982171            100
  1158       1159      0.0515251      0.0982171            100
  1159       1160      0.0515251      0.0982171            100
  1160       1161      0.0515251      0.0982171            100
  1161       1162      0.0515251      0.0982171            100
  1162       1163      0.0515251      0.0982171            100
  1163       1164      0.0515251      0.0982171            100
  1164       1165      0.0515251      0.0982171            100
  1165       1166      0.0515251      0.0982171            100
  1166       1167      0.0515251       0.592751            100
  1167       1168      0.0515251       0.592751            100
  1168       1169      0.0515251       0.592751            100
  1169       1170      0.0515251       0.592751            100
  1170       1171      0.0515251       0.592751            100

                           Best        Current           Mean
Iteration   f-count         f(x)         f(x)         temperature
  1171       1172      0.0515251       0.592751            100
  1172       1173      0.0515251       0.592751            100
  1173       1174      0.0515251       0.592751            100
  1174       1175      0.0515251       0.592751            100
  1175       1176      0.0515251       0.592751            100
  1176       1177      0.0515251       0.393224            100
  1177       1178      0.0515251       0.393224            100
* 1178       1179      0.0515251       0.279454            100
  1179       1180      0.0515251       0.279454            100
  1180       1181      0.0515251       0.279454            100
  1181       1182      0.0515251       0.279454            100
  1182       1183      0.0515251       0.279454            100
  1183       1184      0.0515251       0.119316            100
  1184       1185      0.0515251       0.119316            100
  1185       1186      0.0515251       0.119316            100
  1186       1187      0.0515251       0.119316            100
  1187       1188      0.0515251       0.119316            100
  1188       1189      0.0515251       0.119316            100
  1189       1190      0.0515251       0.119316            100
  1190       1191      0.0515251       0.119316            100
  1191       1192      0.0515251       0.119316            100
  1192       1193      0.0515251       0.119316            100
  1193       1194      0.0515251       0.119316            100
  1194       1195      0.0515251       0.119316            100
  1195       1196      0.0515251       0.119316            100
  1196       1197      0.0515251        0.16042            100
  1197       1198      0.0515251        0.16042            100
  1198       1199      0.0515251        0.16042            100
  1199       1200      0.0515251        0.16042            100
  1200       1201      0.0515251        0.16042            100

                           Best        Current           Mean
Iteration   f-count         f(x)         f(x)         temperature
  1201       1202      0.0515251        0.16042            100
  1202       1203      0.0515251        0.16042            100
  1203       1204      0.0515251        0.16042            100
  1204       1205      0.0515251        0.16042            100
  1205       1206      0.0515251        0.16042            100
  1206       1207      0.0515251        0.16042            100
  1207       1208      0.0515251        0.16042            100
  1208       1209      0.0515251        0.16042            100
  1209       1210      0.0515251        0.16042            100
  1210       1211      0.0515251        0.16042            100
  1211       1212      0.0515251        0.16042            100
  1212       1213      0.0515251        0.16042            100
  1213       1214      0.0515251        0.16042            100
  1214       1215      0.0515251        0.16042            100
  1215       1216      0.0515251        0.16042            100
  1216       1217      0.0515251        0.16042            100
  1217       1218      0.0515251        0.16042            100
  1218       1219      0.0515251        0.16042            100
  1219       1220      0.0515251        0.16042            100
  1220       1221      0.0515251        0.16042            100
  1221       1222      0.0515251        0.16042            100
  1222       1223      0.0515251       0.757731            100
  1223       1224      0.0515251       0.757731            100
  1224       1225      0.0515251       0.757731            100
  1225       1226      0.0515251       0.757731            100
  1226       1227      0.0515251       0.757731            100
  1227       1228      0.0515251       0.757731            100
  1228       1229      0.0515251       0.757731            100
  1229       1230      0.0515251       0.312526            100
  1230       1231      0.0515251       0.312526            100

                           Best        Current           Mean
Iteration   f-count         f(x)         f(x)         temperature
  1231       1232      0.0515251       0.312526            100
  1232       1233      0.0515251       0.312526            100
  1233       1234      0.0515251       0.312526            100
* 1234       1235      0.0515251       0.166601            100
  1235       1236      0.0515251       0.166601            100
  1236       1237      0.0515251       0.166601            100
  1237       1238      0.0515251       0.166601            100
  1238       1239      0.0515251       0.166601            100
  1239       1240      0.0515251       0.166601            100
  1240       1241      0.0515251       0.166601            100
  1241       1242      0.0515251       0.166601            100
  1242       1243      0.0515251       0.166601            100
  1243       1244      0.0515251       0.166601            100
  1244       1245      0.0515251       0.161775            100
  1245       1246      0.0515251       0.161775            100
  1246       1247      0.0515251       0.161775            100
  1247       1248      0.0515251       0.161775            100
  1248       1249      0.0515251       0.161775            100
  1249       1250      0.0515251       0.161775            100
  1250       1251      0.0515251       0.161775            100
  1251       1252      0.0515251       0.161775            100
  1252       1253      0.0515251       0.161775            100
  1253       1254      0.0515251       0.161775            100
  1254       1255      0.0515251       0.161775            100
  1255       1256      0.0515251       0.161775            100
  1256       1257      0.0515251       0.161775            100
  1257       1258      0.0515251       0.161775            100
  1258       1259      0.0515251       0.161775            100
  1259       1260      0.0515251       0.161775            100
  1260       1261      0.0515251       0.135304            100

                           Best        Current           Mean
Iteration   f-count         f(x)         f(x)         temperature
  1261       1262      0.0515251       0.135304            100
  1262       1263      0.0515251       0.135304            100
  1263       1264      0.0515251       0.135304            100
  1264       1265      0.0515251       0.135304            100
  1265       1266      0.0515251       0.135304            100
  1266       1267      0.0515251       0.135304            100
  1267       1268      0.0515251       0.135304            100
  1268       1269      0.0515251       0.135304            100
  1269       1270      0.0515251       0.135304            100
  1270       1271      0.0515251       0.135304            100
  1271       1272      0.0515251       0.135304            100
  1272       1273      0.0515251        0.14961            100
  1273       1274      0.0515251        0.14961            100
  1274       1275      0.0515251        0.14961            100
  1275       1276      0.0515251        0.14961            100
  1276       1277      0.0515251        0.14961            100
  1277       1278      0.0515251        0.14961            100
  1278       1279      0.0515251        0.14961            100
  1279       1280      0.0515251        0.14961            100
  1280       1281      0.0515251        0.14961            100
  1281       1282      0.0515251        0.14961            100
  1282       1283      0.0515251        0.14961            100
  1283       1284      0.0515251        0.14961            100
  1284       1285      0.0515251        0.14961            100
  1285       1286      0.0515251        0.14961            100
  1286       1287      0.0515251       0.328736            100
  1287       1288      0.0515251       0.328736            100
  1288       1289      0.0515251       0.328736            100
  1289       1290      0.0515251       0.328736            100
  1290       1291      0.0515251       0.328736            100

                           Best        Current           Mean
Iteration   f-count         f(x)         f(x)         temperature
* 1291       1292      0.0515251       0.172588            100
  1292       1293      0.0515251       0.172588            100
  1293       1294      0.0515251       0.172588            100
  1294       1295      0.0515251       0.172588            100
  1295       1296      0.0515251       0.172588            100
  1296       1297      0.0515251       0.172588            100
  1297       1298      0.0515251       0.172588            100
  1298       1299      0.0515251       0.172588            100
  1299       1300      0.0515251       0.172588            100
  1300       1301      0.0515251       0.126036            100
  1301       1302      0.0515251       0.126036            100
  1302       1303      0.0515251       0.126036            100
  1303       1304      0.0515251       0.126036            100
  1304       1305      0.0515251       0.126036            100
  1305       1306      0.0515251       0.231459            100
  1306       1307      0.0515251       0.231459            100
  1307       1308      0.0515251       0.133454            100
  1308       1309      0.0515251       0.133454            100
  1309       1310      0.0515251       0.133454            100
  1310       1311      0.0515251       0.133454            100
  1311       1312      0.0515251       0.133454            100
  1312       1313      0.0515251       0.133454            100
  1313       1314      0.0515251       0.133454            100
  1314       1315      0.0515251       0.133454            100
  1315       1316      0.0515251       0.133454            100
  1316       1317      0.0515251       0.133454            100
  1317       1318      0.0515251       0.133454            100
  1318       1319      0.0515251       0.761521            100
  1319       1320      0.0515251       0.761521            100
  1320       1321      0.0515251       0.761521            100

                           Best        Current           Mean
Iteration   f-count         f(x)         f(x)         temperature
  1321       1322      0.0515251       0.761521            100
  1322       1323      0.0515251       0.761521            100
  1323       1324      0.0515251       0.761521            100
* 1324       1325      0.0515251       0.292086            100
  1325       1326      0.0515251       0.292086            100
  1326       1327      0.0515251       0.292086            100
  1327       1328      0.0515251       0.292086            100
  1328       1329      0.0515251       0.292086            100
  1329       1330      0.0515251       0.292086            100
  1330       1331      0.0515251       0.292086            100
  1331       1332      0.0515251       0.292086            100
  1332       1333      0.0515251       0.292086            100
  1333       1334      0.0515251       0.292086            100
  1334       1335      0.0515251       0.261423            100
  1335       1336      0.0515251       0.261423            100
  1336       1337      0.0515251       0.261423            100
  1337       1338      0.0515251       0.261423            100
  1338       1339      0.0515251       0.261423            100
  1339       1340      0.0515251       0.261423            100
  1340       1341      0.0515251       0.126581            100
  1341       1342      0.0515251       0.126581            100
  1342       1343      0.0515251        4.50388            100
  1343       1344      0.0515251        4.50388            100
  1344       1345      0.0515251        4.50388            100
  1345       1346      0.0515251        4.50388            100
  1346       1347      0.0515251        4.50388            100
  1347       1348      0.0515251        4.50388            100
  1348       1349      0.0515251        4.50388            100
  1349       1350      0.0515251        4.50388            100
  1350       1351      0.0515251        4.50388            100

                           Best        Current           Mean
Iteration   f-count         f(x)         f(x)         temperature
  1351       1352      0.0515251        4.50388            100
  1352       1353      0.0515251        4.50388            100
  1353       1354      0.0515251        4.50388            100
  1354       1355      0.0515251        4.50388            100
  1355       1356      0.0515251        1.02871            100
  1356       1357      0.0515251        1.02871            100
  1357       1358      0.0515251        1.02871            100
  1358       1359      0.0515251        1.02871            100
  1359       1360      0.0515251        1.02871            100
  1360       1361      0.0515251        1.02871            100
  1361       1362      0.0515251        1.02871            100
  1362       1363      0.0515251        1.02871            100
  1363       1364      0.0515251        1.02871            100
  1364       1365      0.0515251        1.02871            100
  1365       1366      0.0515251        1.02871            100
  1366       1367      0.0515251        1.02871            100
* 1367       1368      0.0515251       0.129171            100
  1368       1369      0.0515251       0.129171            100
  1369       1370      0.0515251       0.129171            100
  1370       1371      0.0515251       0.129171            100
  1371       1372      0.0515251       0.129171            100
  1372       1373      0.0515251       0.129171            100
  1373       1374      0.0515251       0.129171            100
  1374       1375      0.0515251       0.129171            100
  1375       1376      0.0515251       0.129171            100
  1376       1377      0.0515251       0.129171            100
  1377       1378      0.0515251       0.129171            100
  1378       1379      0.0515251       0.129171            100
  1379       1380      0.0515251       0.129171            100
  1380       1381      0.0515251       0.129171            100

                           Best        Current           Mean
Iteration   f-count         f(x)         f(x)         temperature
  1381       1382      0.0515251       0.129171            100
  1382       1383      0.0515251       0.129171            100
  1383       1384      0.0515251       0.129171            100
  1384       1385      0.0515251       0.129171            100
  1385       1386      0.0515251       0.129171            100
  1386       1387      0.0515251       0.129171            100
  1387       1388      0.0515251       0.129171            100
  1388       1389      0.0515251       0.129171            100
  1389       1390      0.0515251       0.129171            100
  1390       1391      0.0515251       0.129171            100
  1391       1392      0.0515251       0.129171            100
  1392       1393      0.0515251       0.129171            100
  1393       1394      0.0515251       0.129171            100
  1394       1395      0.0515251       0.129171            100
  1395       1396      0.0515251       0.129171            100
  1396       1397      0.0515251       0.129171            100
  1397       1398      0.0515251       0.129171            100
  1398       1399      0.0515251       0.129171            100
  1399       1400      0.0515251       0.129171            100
  1400       1401      0.0515251       0.129171            100
  1401       1402      0.0515251       0.129171            100
  1402       1403      0.0515251       0.129171            100
  1403       1404      0.0515251       0.129171            100
  1404       1405      0.0515251       0.129171            100
  1405       1406      0.0515251       0.129171            100
  1406       1407      0.0515251       0.129171            100
  1407       1408      0.0515251       0.129171            100
  1408       1409      0.0515251        1.00121            100
  1409       1410      0.0515251        1.00121            100
  1410       1411      0.0515251        1.00121            100

                           Best        Current           Mean
Iteration   f-count         f(x)         f(x)         temperature
  1411       1412      0.0515251        1.00121            100
  1412       1413      0.0515251        1.00121            100
  1413       1414      0.0515251       0.446441            100
  1414       1415      0.0515251       0.446441            100
  1415       1416      0.0515251       0.446441            100
  1416       1417      0.0515251       0.446441            100
  1417       1418      0.0515251       0.446441            100
  1418       1419      0.0515251       0.446441            100
  1419       1420      0.0515251       0.446441            100
  1420       1421      0.0515251       0.446441            100
  1421       1422      0.0515251       0.446441            100
  1422       1423      0.0515251       0.388489            100
  1423       1424      0.0515251       0.388489            100
  1424       1425      0.0515251       0.388489            100
  1425       1426      0.0515251       0.388489            100
  1426       1427      0.0515251       0.388489            100
  1427       1428      0.0515251       0.388489            100
  1428       1429      0.0515251       0.388489            100
  1429       1430      0.0515251       0.388489            100
  1430       1431      0.0515251       0.388489            100
  1431       1432      0.0515251       0.388489            100
  1432       1433      0.0515251       0.388489            100
  1433       1434      0.0515251       0.388489            100
  1434       1435      0.0515251       0.388489            100
  1435       1436      0.0515251       0.388489            100
  1436       1437      0.0515251       0.388489            100
  1437       1438      0.0515251       0.388489            100
  1438       1439      0.0515251       0.388489            100
  1439       1440      0.0515251       0.388489            100
  1440       1441      0.0515251       0.388489            100

                           Best        Current           Mean
Iteration   f-count         f(x)         f(x)         temperature
  1441       1442      0.0515251       0.388489            100
  1442       1443      0.0515251       0.388489            100
Optimization terminated: change in best function value less than options.TolFun.

vetor =

    2.0000   11.0000    1.0000    1.4500


	 HdL: 2.000  t1dt0: 11.000  L1dL0: 1.000  Alpha: 1.450
