\nSimulated Annealing...Discreted\n

	 Fitness Limit : -Inf
Diagnostic information.
	objective function = @sa_cav_y_4dof
	X0 = [  1 9 0.7 1.34 ]
Modified options:
	options.AnnealingFcn = @d_annealing_c4
	options.TemperatureFcn = @temperaturefast
	options.StallIterLimit = 1000
	options.InitialTemperature = [  100 100 100 100 ]
	options.Display = 'diagnose'
	options.ReannealInterval = 50
	options.DisplayInterval = 1 
	options.AcceptanceFcn = @acceptancesa
End of diagnostic information.


                           Best        Current           Mean
Iteration   f-count         f(x)         f(x)         temperature
     0          1        0.25363        0.25363            100
     1          2       0.119188       0.119188             50
     2          3       0.119188       0.292175        33.3333
     3          4       0.119188       0.207073             25
     4          5       0.119188        0.12024             20
     5          6       0.119188       0.128463        16.6667
     6          7       0.119188       0.280842        14.2857
     7          8       0.119188       0.248575           12.5
     8          9       0.119188       0.248575        11.1111
     9         10       0.119188       0.273233             10
    10         11       0.119188       0.195176        9.09091
    11         12       0.119188       0.159031        8.33333
    12         13       0.119188       0.142124        7.69231
    13         14       0.119188       0.139586        7.14286
    14         15       0.119188       0.139586        6.66667
    15         16       0.118951       0.118951           6.25
    16         17       0.118951       0.118951        5.88235
    17         18        0.11444        0.11444        5.55556
    18         19        0.10581        0.10581        5.26316
    19         20      0.0704855      0.0704855              5
    20         21      0.0704855      0.0704855         4.7619
    21         22      0.0704855       0.170946        4.54545
    22         23      0.0704855       0.129588        4.34783
    23         24      0.0704855        0.30247        4.16667
    24         25      0.0704855       0.194132              4
    25         26      0.0704855       0.141432        3.84615
    26         27      0.0704855      0.0718391         3.7037
    27         28      0.0704855       0.128513        3.57143
    28         29      0.0704855       0.117575        3.44828
    29         30      0.0704855       0.167637        3.33333
    30         31      0.0704855       0.114623        3.22581

                           Best        Current           Mean
Iteration   f-count         f(x)         f(x)         temperature
    31         32      0.0704855       0.141665          3.125
    32         33      0.0704855       0.252592         3.0303
    33         34      0.0704855       0.127206        2.94118
    34         35      0.0704855       0.229625        2.85714
    35         36      0.0704855       0.113575        2.77778
    36         37      0.0704855       0.113575         2.7027
    37         38      0.0704855       0.112623        2.63158
    38         39      0.0704855      0.0789579         2.5641
    39         40      0.0704855      0.0789579            2.5
    40         41      0.0704855        0.28873        2.43902
    41         42      0.0704855      0.0715763        2.38095
    42         43      0.0704855       0.116748        2.32558
    43         44      0.0704855       0.099152        2.27273
    44         45      0.0704855      0.0740913        2.22222
    45         46      0.0704855       0.111677        2.17391
    46         47      0.0704855       0.115733        2.12766
    47         48      0.0704855       0.115733        2.08333
    48         49      0.0704855       0.115733        2.04082
    49         50      0.0704855       0.226846              2
    50         51      0.0704855       0.226846        1.96078
    51         52      0.0704855      0.0729266        1.92308
    52         53      0.0704855      0.0729266        1.88679
    53         54      0.0704855      0.0729266        1.85185
    54         55      0.0704855      0.0845033        1.81818
    55         56      0.0704855       0.265808        1.78571
    56         57      0.0704855        0.11071        1.75439
    57         58      0.0704855      0.0921239        1.72414
    58         59      0.0704855       0.127206        1.69492
    59         60      0.0704855       0.260467        1.66667
*   60         61      0.0704855       0.226846            100

                           Best        Current           Mean
Iteration   f-count         f(x)         f(x)         temperature
    61         62      0.0704855       0.151464             50
    62         63      0.0704855       0.122398        33.3333
    63         64      0.0704855       0.122398             25
    64         65      0.0704855       0.122398             20
    65         66      0.0704855      0.0781988        16.6667
    66         67      0.0704855      0.0986014        14.2857
    67         68      0.0704855       0.159138           12.5
    68         69      0.0704855       0.112156        11.1111
    69         70      0.0704855       0.112156             10
    70         71      0.0704855        0.13339        9.09091
    71         72      0.0704855       0.142022        8.33333
    72         73      0.0704855       0.149567        7.69231
    73         74      0.0704855       0.159295        7.14286
    74         75      0.0704855       0.121313        6.66667
    75         76      0.0704855       0.106498           6.25
    76         77      0.0704855       0.074769        5.88235
    77         78      0.0704855       0.272237        5.55556
    78         79      0.0704855       0.111174        5.26316
    79         80      0.0704855       0.280229              5
    80         81      0.0704855        0.13622         4.7619
    81         82      0.0704855      0.0732383        4.54545
    82         83      0.0704855      0.0732383        4.34783
    83         84      0.0704855      0.0732383        4.16667
    84         85      0.0704855      0.0708989              4
    85         86      0.0704855       0.141852        3.84615
    86         87      0.0704855       0.109489         3.7037
    87         88      0.0704855       0.122245        3.57143
    88         89      0.0704855       0.122245        3.44828
    89         90      0.0704855      0.0757775        3.33333
    90         91      0.0704855      0.0737841        3.22581

                           Best        Current           Mean
Iteration   f-count         f(x)         f(x)         temperature
    91         92      0.0704855       0.146903          3.125
    92         93      0.0704855       0.146903         3.0303
    93         94      0.0704855       0.146903        2.94118
    94         95      0.0704855       0.146903        2.85714
    95         96      0.0704855       0.125573        2.77778
    96         97      0.0704855        0.11071         2.7027
    97         98      0.0704855      0.0845033        2.63158
    98         99      0.0704855      0.0845033         2.5641
    99        100      0.0704855      0.0845033            2.5
   100        101      0.0704855      0.0845033        2.43902
   101        102      0.0704855      0.0845033        2.38095
   102        103      0.0704855      0.0740913        2.32558
   103        104      0.0704855      0.0740913        2.27273
   104        105      0.0704855      0.0740913        2.22222
   105        106      0.0704855      0.0740913        2.17391
   106        107      0.0704855      0.0740913        2.12766
   107        108      0.0704855       0.099152        2.08333
   108        109      0.0704855      0.0789579        2.04082
   109        110      0.0704855        0.22464              2
   110        111      0.0704855      0.0704855        1.96078
   111        112      0.0704855       0.114623        1.92308
   112        113      0.0704855       0.114623        1.88679
   113        114      0.0704855       0.128513        1.85185
   114        115      0.0704855       0.252592        1.81818
   115        116      0.0704855      0.0715763        1.78571
   116        117      0.0704855       0.117575        1.75439
   117        118      0.0704855       0.117575        1.72414
   118        119      0.0704855       0.117575        1.69492
   119        120      0.0704855       0.115733        1.66667
   120        121      0.0704855       0.115733        1.63934

                           Best        Current           Mean
Iteration   f-count         f(x)         f(x)         temperature
   121        122      0.0704855       0.115733         1.6129
   122        123      0.0704855      0.0704855         1.5873
   123        124      0.0704855      0.0704855         1.5625
   124        125      0.0704855      0.0704855        1.53846
   125        126      0.0704855       0.115733        1.51515
   126        127      0.0704855       0.260467        1.49254
   127        128      0.0704855      0.0921239        1.47059
   128        129      0.0704855      0.0921239        1.44928
   129        130      0.0704855      0.0729266        1.42857
   130        131      0.0704855       0.226846        1.40845
   131        132      0.0704855      0.0921239        1.38889
   132        133      0.0704855      0.0704855        1.36986
   133        134      0.0704855       0.127206        1.35135
   134        135      0.0704855       0.115733        1.33333
*  135        136      0.0704855       0.295012            100
   136        137      0.0704855       0.101189             50
   137        138      0.0704855       0.109751        33.3333
   138        139      0.0704855       0.109751             25
   139        140      0.0704855       0.109751             20
   140        141      0.0704855      0.0730288        16.6667
   141        142      0.0704855       0.337176        14.2857
   142        143      0.0704855       0.313319           12.5
   143        144      0.0704855       0.091464        11.1111
   144        145      0.0704855       0.132424             10
   145        146      0.0704855      0.0749341        9.09091
   146        147      0.0704855       0.241266        8.33333
   147        148      0.0704855       0.121658        7.69231
   148        149      0.0704855       0.121658        7.14286
   149        150      0.0704855       0.115208        6.66667
   150        151      0.0704855       0.114272           6.25

                           Best        Current           Mean
Iteration   f-count         f(x)         f(x)         temperature
   151        152      0.0704855       0.108957        5.88235
   152        153      0.0704855       0.108957        5.55556
   153        154      0.0704855      0.0710411        5.26316
   154        155      0.0704855      0.0749332              5
   155        156      0.0704855       0.123573         4.7619
   156        157      0.0704855       0.141928        4.54545
   157        158      0.0704855       0.141133        4.34783
   158        159      0.0704855       0.110537        4.16667
   159        160      0.0704855       0.233122              4
   160        161      0.0704855      0.0728158        3.84615
   161        162      0.0704855       0.233122         3.7037
   162        163      0.0704855       0.311325        3.57143
   163        164      0.0704855       0.194061        3.44828
   164        165      0.0704855      0.0715763        3.33333
   165        166      0.0704855      0.0715763        3.22581
   166        167      0.0704855       0.164933          3.125
   167        168      0.0704855       0.164933         3.0303
   168        169      0.0704855      0.0921239        2.94118
   169        170      0.0704855      0.0921239        2.85714
   170        171      0.0704855      0.0921239        2.77778
   171        172      0.0704855       0.127206         2.7027
   172        173      0.0704855       0.116748        2.63158
   173        174      0.0704855       0.116748         2.5641
   174        175      0.0704855       0.229625            2.5
   175        176      0.0704855       0.129588        2.43902
   176        177      0.0704855       0.129588        2.38095
   177        178      0.0704855      0.0718391        2.32558
   178        179      0.0704855      0.0718391        2.27273
   179        180      0.0704855      0.0718391        2.22222
   180        181      0.0704855       0.129588        2.17391

                           Best        Current           Mean
Iteration   f-count         f(x)         f(x)         temperature
   181        182      0.0704855      0.0704855        2.12766
   182        183      0.0704855      0.0704855        2.08333
   183        184      0.0704855       0.114623        2.04082
   184        185      0.0704855      0.0921239              2
   185        186      0.0704855      0.0845033        1.96078
   186        187      0.0704855       0.114623        1.92308
   187        188      0.0704855       0.099152        1.88679
   188        189      0.0704855      0.0845033        1.85185
   189        190      0.0704855      0.0845033        1.81818
   190        191      0.0704855      0.0845033        1.78571
   191        192      0.0704855       0.129588        1.75439
   192        193      0.0704855      0.0921239        1.72414
   193        194      0.0704855       0.111677        1.69492
   194        195      0.0704855      0.0729266        1.66667
   195        196      0.0704855      0.0729266        1.63934
   196        197      0.0704855       0.115733         1.6129
   197        198      0.0704855      0.0921239         1.5873
   198        199      0.0704855      0.0921239         1.5625
   199        200      0.0704855      0.0921239        1.53846
   200        201      0.0704855      0.0704855        1.51515
   201        202      0.0704855      0.0704855        1.49254
   202        203      0.0704855      0.0704855        1.47059
*  203        204      0.0704855      0.0921239            100
   204        205      0.0704855      0.0921239             50
   205        206      0.0704855      0.0921239        33.3333
   206        207      0.0704855      0.0921239             25
   207        208      0.0704855       0.358068             20
   208        209      0.0704855       0.292587        16.6667
   209        210      0.0704855       0.411735        14.2857
   210        211      0.0704855        0.10923           12.5

                           Best        Current           Mean
Iteration   f-count         f(x)         f(x)         temperature
   211        212      0.0704855       0.135999        11.1111
   212        213      0.0704855       0.135999             10
   213        214      0.0691894      0.0691894        9.09091
   214        215      0.0691894       0.907938        8.33333
   215        216      0.0691894        0.32337        7.69231
   216        217      0.0691894        0.32337        7.14286
   217        218      0.0691894       0.174224        6.66667
   218        219      0.0444463      0.0444463           6.25
   219        220      0.0444463       0.976008        5.88235
   220        221      0.0444463      0.0482822        5.55556
   221        222      0.0444463      0.0482822        5.26316
   222        223      0.0444463       0.373818              5
   223        224      0.0444463       0.732441         4.7619
   224        225      0.0444463       0.243686        4.54545
   225        226      0.0444463       0.152118        4.34783
   226        227      0.0444463       0.152118        4.16667
   227        228      0.0444463       0.152118              4
   228        229      0.0444463      0.0712578        3.84615
   229        230      0.0444463         1.1268         3.7037
   230        231      0.0444463       0.665721        3.57143
   231        232      0.0444463      0.0775845        3.44828
   232        233      0.0444463      0.0738273        3.33333
   233        234      0.0444463      0.0738273        3.22581
   234        235      0.0444463      0.0738273          3.125
   235        236      0.0444463      0.0738273         3.0303
   236        237      0.0444463      0.0533688        2.94118
   237        238      0.0444463      0.0533688        2.85714
   238        239      0.0444463      0.0954724        2.77778
   239        240      0.0434303      0.0434303         2.7027
   240        241      0.0434303      0.0434303        2.63158

                           Best        Current           Mean
Iteration   f-count         f(x)         f(x)         temperature
   241        242      0.0434303      0.0694989         2.5641
   242        243      0.0434303      0.0694989            2.5
   243        244      0.0434303       0.576028        2.43902
   244        245      0.0434303       0.183581        2.38095
   245        246      0.0434303      0.0470909        2.32558
   246        247      0.0434303      0.0470909        2.27273
   247        248      0.0434303       0.405505        2.22222
   248        249      0.0434303      0.0695943        2.17391
   249        250      0.0434303      0.0694989        2.12766
   250        251      0.0434303      0.0694989        2.08333
   251        252      0.0434303       0.132525        2.04082
   252        253      0.0434303       0.116996              2
   253        254      0.0434303       0.116996        1.96078
   254        255      0.0434303       0.116996        1.92308
   255        256      0.0434303       0.116996        1.88679
   256        257      0.0434303       0.116996        1.85185
   257        258      0.0434303       0.475981        1.81818
   258        259      0.0429008      0.0429008        1.78571
   259        260      0.0429008      0.0429008        1.75439
   260        261      0.0429008      0.0671164        1.72414
   261        262      0.0429008      0.0671164        1.69492
   262        263      0.0429008       0.054765        1.66667
   263        264      0.0429008      0.0429008        1.63934
   264        265      0.0429008      0.0429008         1.6129
   265        266      0.0429008       0.581481         1.5873
   266        267      0.0429008       0.196463         1.5625
   267        268      0.0429008      0.0744452        1.53846
   268        269      0.0429008      0.0444463        1.51515
   269        270      0.0429008       0.054765        1.49254
   270        271      0.0429008       0.841996        1.47059

                           Best        Current           Mean
Iteration   f-count         f(x)         f(x)         temperature
   271        272      0.0429008       0.841996        1.44928
   272        273      0.0429008       0.196463        1.42857
   273        274      0.0429008       0.196463        1.40845
   274        275      0.0429008       0.054765        1.38889
   275        276      0.0429008       0.132525        1.36986
   276        277      0.0429008       0.196463        1.35135
*  277        278      0.0429008      0.0444463            100
   278        279      0.0429008       0.215824             50
   279        280      0.0429008       0.215824        33.3333
   280        281      0.0429008       0.302819             25
   281        282      0.0429008       0.125145             20
   282        283      0.0429008       0.125145        16.6667
   283        284      0.0429008      0.0917414        14.2857
   284        285      0.0429008      0.0917414           12.5
   285        286      0.0429008         1.2346        11.1111
   286        287      0.0429008       0.193495             10
   287        288      0.0429008         1.0046        9.09091
   288        289      0.0429008       0.056049        8.33333
   289        290      0.0429008       0.056049        7.69231
   290        291      0.0429008        1.23965        7.14286
   291        292      0.0429008       0.598723        6.66667
   292        293      0.0429008       0.103243           6.25
   293        294      0.0429008       0.103243        5.88235
   294        295      0.0429008       0.103243        5.55556
   295        296      0.0429008       0.103243        5.26316
   296        297      0.0429008        1.06569              5
   297        298      0.0429008       0.295342         4.7619
   298        299      0.0429008       0.295342        4.54545
   299        300      0.0429008       0.295342        4.34783
   300        301      0.0429008       0.103592        4.16667

                           Best        Current           Mean
Iteration   f-count         f(x)         f(x)         temperature
   301        302      0.0429008        0.11338              4
   302        303      0.0429008       0.219375        3.84615
   303        304      0.0429008        0.57703         3.7037
   304        305      0.0429008       0.407442        3.57143
   305        306      0.0429008       0.580035        3.44828
   306        307      0.0429008      0.0729204        3.33333
   307        308      0.0429008      0.0662748        3.22581
   308        309      0.0429008      0.0662748          3.125
   309        310      0.0429008       0.423797         3.0303
   310        311      0.0429008       0.224564        2.94118
   311        312      0.0429008      0.0440563        2.85714
   312        313      0.0429008      0.0440563        2.77778
   313        314      0.0429008       0.104304         2.7027
   314        315      0.0429008       0.104304        2.63158
   315        316      0.0429008      0.0685051         2.5641
   316        317      0.0429008      0.0685051            2.5
   317        318      0.0429008      0.0685051        2.43902
   318        319      0.0429008      0.0685051        2.38095
   319        320      0.0427893      0.0427893        2.32558
   320        321      0.0427893      0.0427893        2.27273
   321        322      0.0427893      0.0427893        2.22222
   322        323      0.0427893      0.0427893        2.17391
   323        324      0.0427893      0.0427893        2.12766
   324        325      0.0427893      0.0427893        2.08333
   325        326      0.0427893       0.494173        2.04082
   326        327      0.0427893       0.130597              2
   327        328      0.0427893      0.0441771        1.96078
   328        329      0.0427893       0.499841        1.92308
   329        330      0.0427893       0.499841        1.88679
   330        331      0.0427893        0.29841        1.85185

                           Best        Current           Mean
Iteration   f-count         f(x)         f(x)         temperature
   331        332      0.0427893       0.588126        1.81818
   332        333      0.0427893       0.588126        1.78571
   333        334      0.0427893      0.0831131        1.75439
   334        335      0.0427893      0.0831131        1.72414
   335        336      0.0427893       0.266819        1.69492
   336        337      0.0427893      0.0685051        1.66667
   337        338      0.0427893      0.0685051        1.63934
   338        339      0.0427893      0.0685051         1.6129
   339        340      0.0427893      0.0440563         1.5873
   340        341      0.0427893      0.0440563         1.5625
   341        342      0.0427893      0.0427893        1.53846
   342        343      0.0427893       0.165252        1.51515
   343        344      0.0427893       0.588126        1.49254
   344        345      0.0427893       0.929977        1.47059
   345        346      0.0427893       0.266819        1.44928
   346        347      0.0427893       0.266819        1.42857
   347        348      0.0427893       0.266819        1.40845
   348        349      0.0427893      0.0685051        1.38889
   349        350      0.0427893      0.0685051        1.36986
   350        351      0.0427893      0.0440563        1.35135
   351        352      0.0427893      0.0440563        1.33333
   352        353      0.0427893      0.0440563        1.31579
   353        354      0.0427893       0.165252         1.2987
   354        355      0.0427893       0.165252        1.28205
   355        356      0.0427893       0.266819        1.26582
   356        357      0.0427893      0.0831131           1.25
   357        358      0.0427893       0.165252        1.23457
   358        359      0.0427893       0.165252        1.21951
*  359        360      0.0427893      0.0440563            100
   360        361      0.0427893      0.0440563             50

                           Best        Current           Mean
Iteration   f-count         f(x)         f(x)         temperature
   361        362      0.0427893       0.123553        33.3333
   362        363      0.0427893       0.123553             25
   363        364      0.0427893       0.238962             20
   364        365      0.0427893        0.13984        16.6667
   365        366      0.0427893       0.117333        14.2857
   366        367      0.0427893       0.109751           12.5
   367        368      0.0427893      0.0923579        11.1111
   368        369      0.0427893      0.0780432             10
   369        370      0.0427893      0.0780432        9.09091
   370        371      0.0427893      0.0780432        8.33333
   371        372      0.0427893        1.29609        7.69231
   372        373      0.0180743      0.0180743        7.14286
   373        374      0.0180743        1.21325        6.66667
   374        375      0.0180743       0.256734           6.25
   375        376      0.0180743      0.0659561        5.88235
   376        377      0.0180743       0.610402        5.55556
   377        378      0.0180743       0.610402        5.26316
   378        379      0.0180743      0.0367624              5
   379        380      0.0180743      0.0367624         4.7619
   380        381      0.0159236      0.0159236        4.54545
   381        382      0.0159236      0.0159236        4.34783
   382        383      0.0159236       0.502924        4.16667
   383        384      0.0159236        1.08671              4
   384        385      0.0159236       0.407693        3.84615
   385        386      0.0159236         1.4317         3.7037
   386        387      0.0159236       0.183005        3.57143
   387        388      0.0159236       0.866244        3.44828
   388        389      0.0159236       0.113389        3.33333
   389        390      0.0159236      0.0945973        3.22581
   390        391      0.0111105      0.0111105          3.125

                           Best        Current           Mean
Iteration   f-count         f(x)         f(x)         temperature
   391        392      0.0111105      0.0111105         3.0303
   392        393      0.0111105      0.0111105        2.94118
   393        394      0.0111105      0.0705925        2.85714
   394        395      0.0111105      0.0705925        2.77778
   395        396      0.0111105      0.0705925         2.7027
   396        397      0.0111105       0.493305        2.63158
   397        398      0.0111105      0.0132636         2.5641
   398        399      0.0111105      0.0344192            2.5
   399        400      0.0111105      0.0344192        2.43902
   400        401      0.0111105      0.0344192        2.38095
   401        402      0.0111105      0.0344192        2.32558
   402        403      0.0111105      0.0796922        2.27273
   403        404      0.0111105       0.127108        2.22222
   404        405      0.0111105       0.666881        2.17391
   405        406      0.0111105      0.0759387        2.12766
   406        407      0.0111105       0.833361        2.08333
   407        408      0.0111105       0.328247        2.04082
   408        409      0.0111105      0.0235053              2
   409        410      0.0111105      0.0235053        1.96078
   410        411      0.0111105       0.833361        1.92308
   411        412      0.0111105       0.159725        1.88679
   412        413      0.0111105       0.407627        1.85185
   413        414      0.0111105       0.407627        1.81818
   414        415      0.0111105      0.0672115        1.78571
   415        416      0.0111105      0.0672115        1.75439
   416        417      0.0111105       0.328247        1.72414
   417        418      0.0111105       0.407627        1.69492
   418        419      0.0111105       0.328247        1.66667
   419        420      0.0111105       0.328247        1.63934
   420        421      0.0111105      0.0862477         1.6129

                           Best        Current           Mean
Iteration   f-count         f(x)         f(x)         temperature
   421        422      0.0111105      0.0862477         1.5873
   422        423      0.0111105      0.0111105         1.5625
   423        424      0.0111105      0.0111105        1.53846
   424        425      0.0111105      0.0111105        1.51515
   425        426      0.0111105      0.0111105        1.49254
   426        427      0.0111105      0.0132636        1.47059
   427        428      0.0111105      0.0132636        1.44928
   428        429      0.0111105       0.407627        1.42857
   429        430      0.0111105       0.159725        1.40845
   430        431      0.0111105       0.159725        1.38889
   431        432      0.0111105       0.159725        1.36986
*  432        433      0.0111105      0.0796922            100
   433        434      0.0111105      0.0947682             50
   434        435      0.0111105       0.174436        33.3333
   435        436      0.0111105       0.454873             25
   436        437      0.0111105       0.214148             20
   437        438      0.0111105       0.531966        16.6667
   438        439      0.0111105       0.291464        14.2857
   439        440      0.0111105       0.413173           12.5
   440        441      0.0111105       0.413173        11.1111
   441        442      0.0111105        1.09501             10
   442        443      0.0111105        1.09501        9.09091
   443        444      0.0111105       0.136647        8.33333
   444        445      0.0111105       0.136647        7.69231
   445        446      0.0111105        1.22422        7.14286
   446        447      0.0111105       0.726752        6.66667
   447        448      0.0111105        0.99506           6.25
   448        449      0.0111105      0.0680245        5.88235
   449        450      0.0111105      0.0680245        5.55556
   450        451      0.0111105      0.0680245        5.26316

                           Best        Current           Mean
Iteration   f-count         f(x)         f(x)         temperature
   451        452      0.0111105       0.840142              5
   452        453      0.0111105       0.252795         4.7619
   453        454      0.0111105       0.825736        4.54545
   454        455      0.0111105       0.825736        4.34783
   455        456      0.0111105       0.857817        4.16667
   456        457      0.0111105       0.622198              4
   457        458      0.0111105       0.557117        3.84615
   458        459      0.0111105        1.06909         3.7037
   459        460      0.0111105        1.06909        3.57143
   460        461      0.0111105       0.863477        3.44828
   461        462      0.0111105       0.196987        3.33333
   462        463      0.0111105       0.196987        3.22581
   463        464      0.0111105        1.68326          3.125
   464        465      0.0111105      0.0132636         3.0303
   465        466      0.0111105      0.0132636        2.94118
   466        467      0.0111105      0.0132636        2.85714
   467        468      0.0111105      0.0132636        2.77778
   468        469      0.0111105        1.14231         2.7027
   469        470      0.0111105       0.378318        2.63158
   470        471      0.0111105      0.0862477         2.5641
   471        472      0.0111105      0.0705925            2.5
   472        473      0.0111105      0.0705925        2.43902
   473        474      0.0111105        1.68326        2.38095
   474        475      0.0111105       0.307167        2.32558
   475        476      0.0111105      0.0159236        2.27273
   476        477      0.0111105      0.0759387        2.22222
   477        478      0.0111105      0.0759387        2.17391
   478        479      0.0111105      0.0111105        2.12766
   479        480      0.0111105      0.0111105        2.08333
   480        481      0.0111105      0.0111105        2.04082

                           Best        Current           Mean
Iteration   f-count         f(x)         f(x)         temperature
   481        482      0.0111105      0.0111105              2
   482        483      0.0111105      0.0111105        1.96078
   483        484      0.0111105      0.0111105        1.92308
   484        485      0.0111105      0.0111105        1.88679
   485        486      0.0111105      0.0111105        1.85185
   486        487      0.0111105      0.0111105        1.81818
   487        488      0.0111105      0.0111105        1.78571
   488        489      0.0111105       0.307167        1.75439
   489        490      0.0111105      0.0672115        1.72414
   490        491      0.0111105       0.378318        1.69492
   491        492      0.0111105      0.0132636        1.66667
   492        493      0.0111105      0.0132636        1.63934
   493        494      0.0111105       0.328247         1.6129
   494        495      0.0111105       0.328247         1.5873
   495        496      0.0111105      0.0111105         1.5625
   496        497      0.0111105      0.0111105        1.53846
   497        498      0.0111105      0.0672115        1.51515
   498        499      0.0111105      0.0672115        1.49254
   499        500      0.0111105      0.0672115        1.47059
   500        501      0.0111105       0.378318        1.44928
   501        502      0.0111105      0.0132636        1.42857
   502        503      0.0111105      0.0132636        1.40845
   503        504      0.0111105      0.0132636        1.38889
   504        505      0.0111105      0.0132636        1.36986
   505        506      0.0111105       0.159725        1.35135
   506        507      0.0111105      0.0111105        1.33333
   507        508      0.0111105      0.0111105        1.31579
   508        509      0.0111105      0.0111105         1.2987
   509        510      0.0111105      0.0672115        1.28205
   510        511      0.0111105       0.328247        1.26582

                           Best        Current           Mean
Iteration   f-count         f(x)         f(x)         temperature
   511        512      0.0111105      0.0132636           1.25
   512        513      0.0111105      0.0132636        1.23457
   513        514      0.0111105      0.0132636        1.21951
*  514        515      0.0111105       0.328247            100
   515        516      0.0111105       0.121932             50
   516        517      0.0111105        0.26988        33.3333
   517        518      0.0111105       0.220438             25
   518        519      0.0111105       0.220438             20
   519        520      0.0111105       0.220438        16.6667
   520        521      0.0111105       0.220438        14.2857
   521        522      0.0111105        2.46048           12.5
   522        523      0.0111105      0.0398548        11.1111
   523        524      0.0111105      0.0361968             10
   524        525      0.0111105       0.901064        9.09091
   525        526      0.0111105       0.901064        8.33333
   526        527      0.0111105        1.64438        7.69231
   527        528      0.0111105       0.937464        7.14286
   528        529      0.0111105       0.184265        6.66667
   529        530      0.0111105        1.28022           6.25
   530        531      0.0111105       0.610402        5.88235
   531        532      0.0111105       0.249321        5.55556
   532        533      0.0111105       0.249321        5.26316
   533        534      0.0111105       0.249321              5
   534        535      0.0111105       0.249321         4.7619
   535        536      0.0111105       0.256734        4.54545
   536        537      0.0111105        1.66557        4.34783
   537        538      0.0111105       0.657893        4.16667
   538        539      0.0111105      0.0328081              4
   539        540      0.0111105       0.505006        3.84615
   540        541      0.0111105       0.505006         3.7037

                           Best        Current           Mean
Iteration   f-count         f(x)         f(x)         temperature
   541        542      0.0111105        2.15345        3.57143
   542        543      0.0111105       0.380429        3.44828
   543        544      0.0111105       0.875924        3.33333
   544        545      0.0111105        0.21579        3.22581
   545        546      0.0111105        1.65858          3.125
   546        547      0.0111105      0.0862477         3.0303
   547        548      0.0111105      0.0705925        2.94118
   548        549      0.0111105       0.526047        2.85714
   549        550      0.0111105       0.526047        2.77778
   550        551      0.0111105       0.868119         2.7027
   551        552      0.0111105       0.833361        2.63158
   552        553      0.0111105       0.833361         2.5641
   553        554      0.0111105       0.307167            2.5
   554        555      0.0111105      0.0759387        2.43902
   555        556      0.0111105      0.0705925        2.38095
   556        557      0.0111105      0.0636127        2.32558
   557        558      0.0111105      0.0636127        2.27273
   558        559      0.0111105      0.0159236        2.22222
   559        560      0.0111105       0.666881        2.17391
   560        561      0.0111105       0.369246        2.12766
   561        562      0.0111105       0.127108        2.08333
   562        563      0.0111105       0.127108        2.04082
   563        564      0.0111105       0.369246              2
   564        565      0.0111105       0.526047        1.96078
   565        566      0.0111105       0.159725        1.92308
   566        567      0.0111105       0.159725        1.88679
   567        568      0.0111105      0.0796922        1.85185
   568        569      0.0111105      0.0759387        1.81818
   569        570      0.0111105      0.0235053        1.78571
   570        571      0.0111105      0.0705925        1.75439

                           Best        Current           Mean
Iteration   f-count         f(x)         f(x)         temperature
   571        572      0.0111105      0.0672115        1.72414
   572        573      0.0111105      0.0672115        1.69492
   573        574      0.0111105       0.159725        1.66667
   574        575      0.0111105       0.159725        1.63934
   575        576      0.0111105       0.159725         1.6129
   576        577      0.0111105      0.0705925         1.5873
   577        578      0.0111105      0.0705925         1.5625
   578        579      0.0111105      0.0111105        1.53846
   579        580      0.0111105      0.0111105        1.51515
   580        581      0.0111105      0.0111105        1.49254
   581        582      0.0111105      0.0111105        1.47059
   582        583      0.0111105      0.0111105        1.44928
   583        584      0.0111105       0.159725        1.42857
   584        585      0.0111105       0.159725        1.40845
   585        586      0.0111105      0.0132636        1.38889
   586        587      0.0111105      0.0132636        1.36986
*  587        588      0.0111105      0.0111105            100
   588        589      0.0111105         1.2274             50
   589        590      0.0111105       0.248812        33.3333
   590        591      0.0111105       0.106205             25
   591        592      0.0111105        3.58104             20
   592        593      0.0111105       0.148449        16.6667
   593        594      0.0111105       0.290181        14.2857
   594        595      0.0111105       0.725224           12.5
   595        596      0.0111105       0.725224        11.1111
   596        597      0.0111105        2.57531             10
   597        598      0.0111105        2.57531        9.09091
   598        599      0.0111105       0.219438        8.33333
   599        600      0.0111105        2.72814        7.69231
   600        601      0.0111105        1.26721        7.14286

                           Best        Current           Mean
Iteration   f-count         f(x)         f(x)         temperature
   601        602      0.0111105        1.26721        6.66667
   602        603      0.0111105       0.186437           6.25
   603        604      0.0111105       0.186437        5.88235
   604        605      0.0111105       0.111556        5.55556
   605        606      0.0111105       0.111556        5.26316
   606        607      0.0111105       0.111556              5
   607        608      0.0111105       0.668876         4.7619
   608        609      0.0111105       0.493305        4.54545
   609        610      0.0111105       0.369246        4.34783
   610        611      0.0111105        1.32017        4.16667
   611        612      0.0111105       0.252795              4
   612        613      0.0111105       0.184265        3.84615
   613        614      0.0111105        1.21774         3.7037
   614        615      0.0111105       0.557117        3.57143
   615        616      0.0111105       0.252795        3.44828
   616        617      0.0111105      0.0132636        3.33333
   617        618      0.0111105       0.425595        3.22581
   618        619      0.0111105       0.666881          3.125
   619        620      0.0111105      0.0344192         3.0303
   620        621      0.0111105      0.0344192        2.94118
   621        622      0.0111105       0.833361        2.85714
   622        623      0.0111105       0.868119        2.77778
   623        624      0.0111105       0.378318         2.7027
   624        625      0.0111105      0.0705925        2.63158
   625        626      0.0111105      0.0111105         2.5641
   626        627      0.0111105      0.0111105            2.5
   627        628      0.0111105      0.0111105        2.43902
   628        629      0.0111105      0.0759387        2.38095
   629        630      0.0111105       0.127108        2.32558
   630        631      0.0111105       0.666881        2.27273

                           Best        Current           Mean
Iteration   f-count         f(x)         f(x)         temperature
   631        632      0.0111105      0.0759387        2.22222
   632        633      0.0111105       0.119151        2.17391
   633        634      0.0111105      0.0759387        2.12766
   634        635      0.0111105       0.307167        2.08333
   635        636      0.0111105       0.307167        2.04082
   636        637      0.0111105       0.159725              2
   637        638      0.0111105       0.159725        1.96078
   638        639      0.0111105       0.159725        1.92308
   639        640      0.0111105       0.502924        1.88679
   640        641      0.0111105       0.875924        1.85185
   641        642      0.0111105      0.0672115        1.81818
   642        643      0.0111105      0.0672115        1.78571
   643        644      0.0111105       0.307167        1.75439
   644        645      0.0111105       0.307167        1.72414
   645        646      0.0111105      0.0132636        1.69492
   646        647      0.0111105      0.0132636        1.66667
   647        648      0.0111105      0.0132636        1.63934
   648        649      0.0111105      0.0132636         1.6129
   649        650      0.0111105      0.0132636         1.5873
   650        651      0.0111105      0.0705925         1.5625
   651        652      0.0111105      0.0672115        1.53846
   652        653      0.0111105      0.0672115        1.51515
   653        654      0.0111105      0.0111105        1.49254
   654        655      0.0111105      0.0111105        1.47059
   655        656      0.0111105      0.0111105        1.44928
   656        657      0.0111105       0.407627        1.42857
   657        658      0.0111105       0.407627        1.40845
*  658        659      0.0111105       0.407627            100
   659        660      0.0111105       0.448959             50
[Warning: Unable to complete the meshing step. Please try the alternate mesher
version that can be selected in pdetool using the Mesh Parameters dialog or in
the initmesh function using the 'MesherVersion', 'R2013a' option.] 
   660        661      0.0111105       0.448959        33.3333

                           Best        Current           Mean
Iteration   f-count         f(x)         f(x)         temperature
   661        662      0.0111105      0.0712468             25
   662        663      0.0111105      0.0712468             20
   663        664      0.0111105      0.0712468        16.6667
   664        665      0.0111105      0.0712468        14.2857
   665        666      0.0111105        3.28712           12.5
   666        667      0.0111105       0.255138        11.1111
   667        668      0.0111105      0.0772851             10
   668        669      0.0111105      0.0772851        9.09091
   669        670      0.0111105      0.0772851        8.33333
   670        671      0.0111105      0.0339142        7.69231
   671        672      0.0111105      0.0339142        7.14286
   672        673      0.0111105         2.2586        6.66667
   673        674      0.0111105      0.0945973           6.25
   674        675      0.0111105      0.0945973        5.88235
   675        676      0.0111105      0.0945973        5.55556
   676        677      0.0111105      0.0945973        5.26316
   677        678      0.0111105        1.10872              5
   678        679      0.0111105       0.952175         4.7619
   679        680      0.0111105       0.417127        4.54545
   680        681      0.0111105       0.557117        4.34783
   681        682      0.0111105       0.113389        4.16667
   682        683      0.0111105      0.0796922              4
   683        684      0.0111105       0.210308        3.84615
   684        685      0.0111105       0.622198         3.7037
   685        686      0.0111105        1.06909        3.57143
   686        687      0.0111105       0.328247        3.44828
   687        688      0.0111105        1.17715        3.33333
   688        689      0.0111105        1.17715        3.22581
   689        690      0.0111105       0.857817          3.125
   690        691      0.0111105       0.378318         3.0303

                           Best        Current           Mean
Iteration   f-count         f(x)         f(x)         temperature
   691        692      0.0111105      0.0759387        2.94118
   692        693      0.0111105      0.0759387        2.85714
   693        694      0.0111105       0.252795        2.77778
   694        695      0.0111105       0.425595         2.7027
   695        696      0.0111105      0.0132636        2.63158
   696        697      0.0111105      0.0636127         2.5641
   697        698      0.0111105      0.0636127            2.5
   698        699      0.0111105        1.68326        2.43902
   699        700      0.0111105      0.0705925        2.38095
   700        701      0.0111105       0.378318        2.32558
   701        702      0.0111105       0.378318        2.27273
   702        703      0.0111105       0.378318        2.22222
   703        704      0.0111105       0.119151        2.17391
   704        705      0.0111105       0.252795        2.12766
   705        706      0.0111105       0.252795        2.08333
   706        707      0.0111105       0.183005        2.04082
   707        708      0.0111105      0.0672115              2
   708        709      0.0111105      0.0672115        1.96078
   709        710      0.0111105      0.0344192        1.92308
   710        711      0.0111105      0.0159236        1.88679
   711        712      0.0111105       0.159725        1.85185
   712        713      0.0111105      0.0344192        1.81818
   713        714      0.0111105      0.0344192        1.78571
   714        715      0.0111105       0.210308        1.75439
   715        716      0.0111105       0.210308        1.72414
   716        717      0.0111105      0.0672115        1.69492
   717        718      0.0111105      0.0672115        1.66667
   718        719      0.0111105      0.0672115        1.63934
   719        720      0.0111105      0.0672115         1.6129
   720        721      0.0111105       0.328247         1.5873

                           Best        Current           Mean
Iteration   f-count         f(x)         f(x)         temperature
   721        722      0.0111105      0.0132636         1.5625
   722        723      0.0111105      0.0705925        1.53846
   723        724      0.0111105      0.0705925        1.51515
   724        725      0.0111105      0.0672115        1.49254
   725        726      0.0111105      0.0862477        1.47059
   726        727      0.0111105      0.0132636        1.44928
   727        728      0.0111105      0.0132636        1.42857
   728        729      0.0111105       0.868119        1.40845
*  729        730      0.0111105       0.868119            100
   730        731      0.0111105       0.126929             50
   731        732      0.0111105        1.15374        33.3333
   732        733      0.0111105       0.168219             25
   733        734      0.0111105         1.6628             20
   734        735      0.0111105       0.952746        16.6667
   735        736      0.0111105       0.169213        14.2857
   736        737      0.0111105       0.438793           12.5
   737        738      0.0111105        1.08313        11.1111
   738        739      0.0111105       0.203992             10
   739        740      0.0111105        1.15012        9.09091
   740        741      0.0111105       0.121977        8.33333
   741        742      0.0111105       0.153803        7.69231
   742        743      0.0111105        1.04067        7.14286
   743        744      0.0111105       0.290406        6.66667
   744        745      0.0111105       0.290406           6.25
   745        746      0.0111105       0.417127        5.88235
   746        747      0.0111105       0.417127        5.55556
   747        748      0.0111105       0.400961        5.26316
   748        749      0.0111105       0.477219              5
   749        750      0.0111105        1.21774         4.7619
   750        751      0.0111105       0.857817        4.54545

                           Best        Current           Mean
Iteration   f-count         f(x)         f(x)         temperature
   751        752      0.0111105       0.875924        4.34783
   752        753      0.0111105      0.0705925        4.16667
   753        754      0.0111105       0.840142              4
   754        755      0.0111105       0.840142        3.84615
   755        756      0.0111105        1.06909         3.7037
   756        757      0.0111105       0.825736        3.57143
   757        758      0.0111105       0.252795        3.44828
   758        759      0.0111105       0.526047        3.33333
   759        760      0.0111105       0.526047        3.22581
   760        761      0.0111105       0.159725          3.125
   761        762      0.0111105       0.159725         3.0303
   762        763      0.0111105       0.159725        2.94118
   763        764      0.0111105       0.159725        2.85714
   764        765      0.0111105       0.183005        2.77778
   765        766      0.0111105      0.0862477         2.7027
   766        767      0.0111105       0.425595        2.63158
   767        768      0.0111105       0.425595         2.5641
   768        769      0.0111105       0.210308            2.5
   769        770      0.0111105      0.0636127        2.43902
   770        771      0.0111105       0.502924        2.38095
   771        772      0.0111105      0.0672115        2.32558
   772        773      0.0111105       0.119151        2.27273
   773        774      0.0111105       0.875924        2.22222
   774        775      0.0111105       0.328247        2.17391
   775        776      0.0111105       0.159725        2.12766
   776        777      0.0111105       0.159725        2.08333
   777        778      0.0111105       0.119151        2.04082
   778        779      0.0111105       0.833361              2
   779        780      0.0111105       0.159725        1.96078
   780        781      0.0111105      0.0862477        1.92308

                           Best        Current           Mean
Iteration   f-count         f(x)         f(x)         temperature
   781        782      0.0111105       0.183005        1.88679
   782        783      0.0111105       0.119151        1.85185
   783        784      0.0111105       0.127108        1.81818
   784        785      0.0111105       0.127108        1.78571
   785        786      0.0111105       0.378318        1.75439
   786        787      0.0111105      0.0862477        1.72414
   787        788      0.0111105      0.0111105        1.69492
   788        789      0.0111105      0.0111105        1.66667
   789        790      0.0111105       0.407627        1.63934
*  790        791      0.0111105      0.0705925            100
   791        792      0.0111105      0.0705925             50
   792        793      0.0111105        6.11719        33.3333
   793        794      0.0111105       0.113228             25
   794        795      0.0111105        3.07318             20
   795        796      0.0111105       0.416264        16.6667
   796        797      0.0111105        3.43655        14.2857
   797        798      0.0111105        1.17011           12.5
[Warning: Unable to complete the meshing step. Please try the alternate mesher
version that can be selected in pdetool using the Mesh Parameters dialog or in
the initmesh function using the 'MesherVersion', 'R2013a' option.] 
   798        799      0.0111105        1.17011        11.1111
   799        800      0.0111105        1.17011             10
   800        801      0.0111105        1.16367        9.09091
[Warning: Unable to complete the meshing step. Please try the alternate mesher
version that can be selected in pdetool using the Mesh Parameters dialog or in
the initmesh function using the 'MesherVersion', 'R2013a' option.] 
   801        802      0.0111105        1.16367        8.33333
   802        803      0.0111105       0.430782        7.69231
   803        804      0.0111105       0.452691        7.14286
   804        805      0.0111105       0.452691        6.66667
   805        806      0.0111105       0.863477           6.25
   806        807      0.0111105       0.252795        5.88235
   807        808      0.0111105        1.15012        5.55556
   808        809      0.0111105      0.0636127        5.26316
   809        810      0.0111105       0.159725              5
   810        811      0.0111105       0.159725         4.7619

                           Best        Current           Mean
Iteration   f-count         f(x)         f(x)         temperature
   811        812      0.0111105       0.159725        4.54545
   812        813      0.0111105       0.622198        4.34783
   813        814      0.0111105       0.526047        4.16667
   814        815      0.0111105      0.0180743              4
   815        816      0.0111105       0.833361        3.84615
   816        817      0.0111105       0.369246         3.7037
   817        818      0.0111105        1.17715        3.57143
   818        819      0.0111105      0.0705925        3.44828
   819        820      0.0111105      0.0705925        3.33333
   820        821      0.0111105      0.0705925        3.22581
   821        822      0.0111105      0.0705925          3.125
   822        823      0.0111105      0.0159236         3.0303
   823        824      0.0111105      0.0159236        2.94118
   824        825      0.0111105       0.210308        2.85714
   825        826      0.0111105       0.210308        2.77778
   826        827      0.0111105       0.210308         2.7027
   827        828      0.0111105       0.833361        2.63158
   828        829      0.0111105       0.127108         2.5641
   829        830      0.0111105       0.127108            2.5
   830        831      0.0111105       0.127108        2.43902
   831        832      0.0111105       0.127108        2.38095
   832        833      0.0111105       0.127108        2.32558
   833        834      0.0111105      0.0132636        2.27273
   834        835      0.0111105      0.0132636        2.22222
   835        836      0.0111105       0.369246        2.17391
   836        837      0.0111105       0.425595        2.12766
   837        838      0.0111105       0.425595        2.08333
   838        839      0.0111105       0.252795        2.04082
   839        840      0.0111105      0.0672115              2
   840        841      0.0111105       0.307167        1.96078

                           Best        Current           Mean
Iteration   f-count         f(x)         f(x)         temperature
   841        842      0.0111105      0.0344192        1.92308
   842        843      0.0111105      0.0344192        1.88679
   843        844      0.0111105      0.0636127        1.85185
   844        845      0.0111105       0.369246        1.81818
   845        846      0.0111105       0.210308        1.78571
   846        847      0.0111105       0.183005        1.75439
   847        848      0.0111105      0.0705925        1.72414
   848        849      0.0111105      0.0705925        1.69492
   849        850      0.0111105      0.0132636        1.66667
   850        851      0.0111105      0.0132636        1.63934
   851        852      0.0111105      0.0111105         1.6129
   852        853      0.0111105      0.0111105         1.5873
   853        854      0.0111105      0.0111105         1.5625
   854        855      0.0111105      0.0111105        1.53846
   855        856      0.0111105       0.407627        1.51515
   856        857      0.0111105      0.0672115        1.49254
   857        858      0.0111105      0.0111105        1.47059
   858        859      0.0111105      0.0111105        1.44928
   859        860      0.0111105      0.0111105        1.42857
   860        861      0.0111105      0.0111105        1.40845
   861        862      0.0111105      0.0132636        1.38889
   862        863      0.0111105      0.0132636        1.36986
   863        864      0.0111105      0.0862477        1.35135
   864        865      0.0111105      0.0705925        1.33333
   865        866      0.0111105      0.0111105        1.31579
   866        867      0.0111105      0.0111105         1.2987
   867        868      0.0111105      0.0111105        1.28205
   868        869      0.0111105      0.0111105        1.26582
   869        870      0.0111105       0.328247           1.25
   870        871      0.0111105      0.0796922        1.23457

                           Best        Current           Mean
Iteration   f-count         f(x)         f(x)         temperature
   871        872      0.0111105       0.378318        1.21951
*  872        873      0.0111105       0.159725            100
   873        874      0.0111105      0.0929266             50
   874        875      0.0111105      0.0929266        33.3333
   875        876      0.0111105      0.0991757             25
   876        877      0.0111105      0.0753982             20
   877        878      0.0111105      0.0753982        16.6667
   878        879      0.0111105       0.701894        14.2857
   879        880      0.0111105       0.701894           12.5
   880        881      0.0111105       0.701894        11.1111
   881        882      0.0111105        1.34056             10
[Warning: Unable to complete the meshing step. Please try the alternate mesher
version that can be selected in pdetool using the Mesh Parameters dialog or in
the initmesh function using the 'MesherVersion', 'R2013a' option.] 
   882        883      0.0111105        1.34056        9.09091
   883        884      0.0111105        1.34056        8.33333
   884        885      0.0111105       0.346151        7.69231
   885        886      0.0111105       0.711304        7.14286
   886        887      0.0111105       0.493305        6.66667
   887        888      0.0111105       0.493305           6.25
   888        889      0.0111105      0.0796922        5.88235
   889        890      0.0111105        1.45431        5.55556
   890        891      0.0111105       0.505006        5.26316
   891        892      0.0111105       0.196987              5
   892        893      0.0111105       0.477219         4.7619
   893        894      0.0111105        2.44541        4.54545
   894        895      0.0111105        1.22422        4.34783
   895        896      0.0111105       0.290406        4.16667
   896        897      0.0111105       0.111556              4
   897        898      0.0111105       0.400961        3.84615
   898        899      0.0111105       0.400961         3.7037
   899        900      0.0111105       0.857817        3.57143
   900        901      0.0111105      0.0862477        3.44828

                           Best        Current           Mean
Iteration   f-count         f(x)         f(x)         temperature
   901        902      0.0111105      0.0862477        3.33333
   902        903      0.0111105       0.666881        3.22581
   903        904      0.0111105       0.307167          3.125
   904        905      0.0111105       0.833361         3.0303
   905        906      0.0111105      0.0235053        2.94118
   906        907      0.0111105       0.210308        2.85714
   907        908      0.0111105      0.0132636        2.77778
   908        909      0.0111105       0.493305         2.7027
   909        910      0.0111105       0.196987        2.63158
   910        911      0.0111105       0.196987         2.5641
   911        912      0.0111105       0.502924            2.5
   912        913      0.0111105       0.328247        2.43902
   913        914      0.0111105       0.183005        2.38095
   914        915      0.0111105      0.0344192        2.32558
   915        916      0.0111105       0.407627        2.27273
   916        917      0.0111105       0.407627        2.22222
   917        918      0.0111105      0.0159236        2.17391
   918        919      0.0111105       0.183005        2.12766
   919        920      0.0111105      0.0759387        2.08333
   920        921      0.0111105       0.307167        2.04082
   921        922      0.0111105       0.307167              2
   922        923      0.0111105      0.0796922        1.96078
   923        924      0.0111105      0.0235053        1.92308
   924        925      0.0111105      0.0235053        1.88679
   925        926      0.0111105      0.0344192        1.85185
   926        927      0.0111105      0.0344192        1.81818
   927        928      0.0111105      0.0344192        1.78571
   928        929      0.0111105      0.0344192        1.75439
   929        930      0.0111105       0.378318        1.72414
   930        931      0.0111105       0.159725        1.69492

                           Best        Current           Mean
Iteration   f-count         f(x)         f(x)         temperature
   931        932      0.0111105       0.159725        1.66667
   932        933      0.0111105      0.0132636        1.63934
   933        934      0.0111105      0.0132636         1.6129
   934        935      0.0111105      0.0132636         1.5873
   935        936      0.0111105      0.0132636         1.5625
   936        937      0.0111105      0.0132636        1.53846
   937        938      0.0111105      0.0132636        1.51515
   938        939      0.0111105      0.0132636        1.49254
   939        940      0.0111105      0.0672115        1.47059
   940        941      0.0111105       0.868119        1.44928
   941        942      0.0111105       0.328247        1.42857
   942        943      0.0111105       0.328247        1.40845
   943        944      0.0111105      0.0672115        1.38889
   944        945      0.0111105      0.0672115        1.36986
   945        946      0.0111105      0.0796922        1.35135
   946        947      0.0111105      0.0796922        1.33333
*  947        948      0.0111105       0.328247            100
   948        949      0.0111105       0.322869             50
   949        950      0.0111105        1.06953        33.3333
   950        951      0.0111105       0.248039             25
   951        952      0.0111105       0.248039             20
[Warning: Unable to complete the meshing step. Please try the alternate mesher
version that can be selected in pdetool using the Mesh Parameters dialog or in
the initmesh function using the 'MesherVersion', 'R2013a' option.] 
   952        953      0.0111105       0.248039        16.6667
   953        954      0.0111105        1.70286        14.2857
   954        955      0.0111105       0.183075           12.5
   955        956      0.0111105       0.183075        11.1111
   956        957      0.0111105       0.178764             10
   957        958      0.0111105       0.178764        9.09091
   958        959      0.0111105       0.178764        8.33333
   959        960      0.0111105       0.139844        7.69231
   960        961      0.0111105       0.139844        7.14286

                           Best        Current           Mean
Iteration   f-count         f(x)         f(x)         temperature
   961        962      0.0111105       0.139844        6.66667
   962        963      0.0111105       0.631878           6.25
   963        964      0.0111105       0.574094        5.88235
   964        965      0.0111105       0.574094        5.55556
   965        966      0.0111105       0.574094        5.26316
   966        967      0.0111105       0.285869              5
   967        968      0.0111105       0.119151         4.7619
   968        969      0.0111105       0.119151        4.54545
   969        970      0.0111105       0.119151        4.34783
   970        971      0.0111105       0.111556        4.16667
   971        972      0.0111105       0.111556              4
   972        973      0.0111105        1.68326        3.84615
   973        974      0.0111105       0.407627         3.7037
   974        975      0.0111105       0.328247        3.57143
   975        976      0.0111105       0.380429        3.44828
   976        977      0.0111105       0.380429        3.33333
   977        978      0.0111105      0.0111105        3.22581
   978        979      0.0111105       0.666881          3.125
   979        980      0.0111105       0.425595         3.0303
   980        981      0.0111105       0.127108        2.94118
   981        982      0.0111105       0.127108        2.85714
   982        983      0.0111105       0.127108        2.77778
   983        984      0.0111105      0.0796922         2.7027
   984        985      0.0111105      0.0796922        2.63158
   985        986      0.0111105      0.0759387         2.5641
   986        987      0.0111105       0.307167            2.5
   987        988      0.0111105       0.119151        2.43902
   988        989      0.0111105      0.0705925        2.38095
   989        990      0.0111105      0.0705925        2.32558
   990        991      0.0111105      0.0111105        2.27273

                           Best        Current           Mean
Iteration   f-count         f(x)         f(x)         temperature
   991        992      0.0111105      0.0111105        2.22222
   992        993      0.0111105       0.875924        2.17391
   993        994      0.0111105       0.210308        2.12766
   994        995      0.0111105       0.159725        2.08333
   995        996      0.0111105       0.526047        2.04082
   996        997      0.0111105       0.502924              2
   997        998      0.0111105      0.0344192        1.96078
   998        999      0.0111105      0.0344192        1.92308
   999       1000      0.0111105      0.0235053        1.88679
  1000       1001      0.0111105      0.0235053        1.85185
  1001       1002      0.0111105      0.0235053        1.81818
  1002       1003      0.0111105      0.0705925        1.78571
  1003       1004      0.0111105       0.328247        1.75439
  1004       1005      0.0111105      0.0705925        1.72414
  1005       1006      0.0111105      0.0705925        1.69492
  1006       1007      0.0111105      0.0705925        1.66667
  1007       1008      0.0111105       0.868119        1.63934
  1008       1009      0.0111105      0.0132636         1.6129
  1009       1010      0.0111105       0.868119         1.5873
  1010       1011      0.0111105      0.0111105         1.5625
  1011       1012      0.0111105      0.0111105        1.53846
  1012       1013      0.0111105      0.0111105        1.51515
  1013       1014      0.0111105      0.0111105        1.49254
  1014       1015      0.0111105      0.0111105        1.47059
  1015       1016      0.0111105       0.378318        1.44928
  1016       1017      0.0111105       0.378318        1.42857
  1017       1018      0.0111105      0.0111105        1.40845
  1018       1019      0.0111105       0.328247        1.38889
  1019       1020      0.0111105      0.0132636        1.36986
  1020       1021      0.0111105       0.407627        1.35135

                           Best        Current           Mean
Iteration   f-count         f(x)         f(x)         temperature
  1021       1022      0.0111105      0.0862477        1.33333
  1022       1023      0.0111105       0.328247        1.31579
  1023       1024      0.0111105       0.378318         1.2987
  1024       1025      0.0111105       0.378318        1.28205
* 1025       1026      0.0111105       0.159725            100
  1026       1027      0.0111105       0.159725             50
  1027       1028      0.0111105       0.068136        33.3333
  1028       1029      0.0111105       0.068136             25
  1029       1030      0.0111105       0.897263             20
  1030       1031      0.0111105       0.310733        16.6667
  1031       1032      0.0111105      0.0822472        14.2857
  1032       1033      0.0111105      0.0822472           12.5
  1033       1034      0.0111105      0.0822472        11.1111
  1034       1035      0.0111105      0.0383185             10
  1035       1036      0.0111105        2.07959        9.09091
  1036       1037      0.0111105        1.27569        8.33333
  1037       1038      0.0111105        1.27569        7.69231
  1038       1039      0.0111105       0.978806        7.14286
  1039       1040      0.0111105        1.02963        6.66667
  1040       1041      0.0111105        1.22422           6.25
  1041       1042      0.0111105       0.407693        5.88235
  1042       1043      0.0111105      0.0705925        5.55556
  1043       1044      0.0111105      0.0705925        5.26316
  1044       1045      0.0111105      0.0328081              5
  1045       1046      0.0111105      0.0235053         4.7619
  1046       1047      0.0111105      0.0235053        4.54545
  1047       1048      0.0111105      0.0235053        4.34783
  1048       1049      0.0111105      0.0672115        4.16667
  1049       1050      0.0111105       0.557117              4
  1050       1051      0.0111105         1.6332        3.84615

                           Best        Current           Mean
Iteration   f-count         f(x)         f(x)         temperature
  1051       1052      0.0111105       0.407627         3.7037
  1052       1053      0.0111105       0.502924        3.57143
  1053       1054      0.0111105       0.307167        3.44828
  1054       1055      0.0111105      0.0344192        3.33333
  1055       1056      0.0111105      0.0344192        3.22581
  1056       1057      0.0111105       0.210308          3.125
  1057       1058      0.0111105      0.0344192         3.0303
  1058       1059      0.0111105       0.127108        2.94118
  1059       1060      0.0111105      0.0235053        2.85714
  1060       1061      0.0111105       0.159725        2.77778
  1061       1062      0.0111105      0.0636127         2.7027
  1062       1063      0.0111105        1.68326        2.63158
  1063       1064      0.0111105       0.868119         2.5641
  1064       1065      0.0111105      0.0636127            2.5
  1065       1066      0.0111105      0.0159236        2.43902
  1066       1067      0.0111105      0.0159236        2.38095
  1067       1068      0.0111105       0.875924        2.32558
  1068       1069      0.0111105      0.0862477        2.27273
  1069       1070      0.0111105       0.666881        2.22222
  1070       1071      0.0111105      0.0672115        2.17391
  1071       1072      0.0111105       0.183005        2.12766
  1072       1073      0.0111105       0.502924        2.08333
  1073       1074      0.0111105        1.14231        2.04082
  1074       1075      0.0111105      0.0759387              2
  1075       1076      0.0111105      0.0672115        1.96078
  1076       1077      0.0111105      0.0672115        1.92308
  1077       1078      0.0111105      0.0672115        1.88679
  1078       1079      0.0111105        1.68326        1.85185
  1079       1080      0.0111105       0.407627        1.81818
  1080       1081      0.0111105      0.0235053        1.78571

                           Best        Current           Mean
Iteration   f-count         f(x)         f(x)         temperature
  1081       1082      0.0111105      0.0132636        1.75439
  1082       1083      0.0111105      0.0132636        1.72414
  1083       1084      0.0111105      0.0111105        1.69492
  1084       1085      0.0111105      0.0111105        1.66667
  1085       1086      0.0111105      0.0111105        1.63934
  1086       1087      0.0111105       0.328247         1.6129
  1087       1088      0.0111105      0.0796922         1.5873
  1088       1089      0.0111105      0.0796922         1.5625
  1089       1090      0.0111105      0.0672115        1.53846
  1090       1091      0.0111105      0.0672115        1.51515
  1091       1092      0.0111105       0.378318        1.49254
* 1092       1093      0.0111105       0.159725            100
  1093       1094      0.0111105       0.126155             50
  1094       1095      0.0111105       0.118872        33.3333
  1095       1096      0.0111105       0.293805             25
  1096       1097      0.0111105        1.19581             20
  1097       1098      0.0111105       0.128185        16.6667
  1098       1099      0.0111105       0.128185        14.2857
  1099       1100      0.0111105       0.128185           12.5
  1100       1101      0.0111105         3.1788        11.1111
  1101       1102      0.0111105       0.260662             10
  1102       1103      0.0111105       0.260662        9.09091
  1103       1104      0.0111105      0.0638682        8.33333
  1104       1105      0.0111105       0.534876        7.69231
  1105       1106      0.0111105        1.16148        7.14286
  1106       1107      0.0111105       0.397557        6.66667
  1107       1108      0.0111105       0.397557           6.25
  1108       1109      0.0111105       0.397557        5.88235
  1109       1110      0.0111105       0.184265        5.55556
  1110       1111      0.0111105        1.30276        5.26316

                           Best        Current           Mean
Iteration   f-count         f(x)         f(x)         temperature
  1111       1112      0.0111105       0.657893              5
  1112       1113      0.0111105         1.6332         4.7619
  1113       1114      0.0111105      0.0180743        4.54545
  1114       1115      0.0111105      0.0180743        4.34783
  1115       1116      0.0111105      0.0680245        4.16667
  1116       1117      0.0111105      0.0680245              4
  1117       1118      0.0111105      0.0680245        3.84615
  1118       1119      0.0111105      0.0680245         3.7037
  1119       1120      0.0111105      0.0680245        3.57143
  1120       1121      0.0111105      0.0680245        3.44828
  1121       1122      0.0111105       0.210308        3.33333
  1122       1123      0.0111105       0.868119        3.22581
  1123       1124      0.0111105       0.407627          3.125
  1124       1125      0.0111105        1.14231         3.0303
  1125       1126      0.0111105      0.0235053        2.94118
  1126       1127      0.0111105      0.0159236        2.85714
  1127       1128      0.0111105       0.369246        2.77778
  1128       1129      0.0111105       0.127108         2.7027
  1129       1130      0.0111105       0.196987        2.63158
  1130       1131      0.0111105      0.0796922         2.5641
  1131       1132      0.0111105      0.0862477            2.5
  1132       1133      0.0111105       0.183005        2.43902
  1133       1134      0.0111105       0.127108        2.38095
  1134       1135      0.0111105      0.0111105        2.32558
  1135       1136      0.0111105      0.0344192        2.27273
  1136       1137      0.0111105       0.119151        2.22222
  1137       1138      0.0111105       0.119151        2.17391
  1138       1139      0.0111105       0.183005        2.12766
  1139       1140      0.0111105      0.0132636        2.08333
  1140       1141      0.0111105      0.0132636        2.04082

                           Best        Current           Mean
Iteration   f-count         f(x)         f(x)         temperature
  1141       1142      0.0111105      0.0132636              2
  1142       1143      0.0111105      0.0796922        1.96078
  1143       1144      0.0111105      0.0796922        1.92308
  1144       1145      0.0111105      0.0796922        1.88679
  1145       1146      0.0111105      0.0796922        1.85185
  1146       1147      0.0111105      0.0159236        1.81818
  1147       1148      0.0111105      0.0159236        1.78571
  1148       1149      0.0111105      0.0159236        1.75439
  1149       1150      0.0111105      0.0159236        1.72414
  1150       1151      0.0111105       0.378318        1.69492
  1151       1152      0.0111105      0.0796922        1.66667
  1152       1153      0.0111105      0.0796922        1.63934
  1153       1154      0.0111105      0.0862477         1.6129
  1154       1155      0.0111105      0.0862477         1.5873
  1155       1156      0.0111105      0.0862477         1.5625
  1156       1157      0.0111105      0.0862477        1.53846
  1157       1158      0.0111105      0.0111105        1.51515
  1158       1159      0.0111105       0.407627        1.49254
  1159       1160      0.0111105       0.159725        1.47059
  1160       1161      0.0111105       0.159725        1.44928
  1161       1162      0.0111105      0.0796922        1.42857
  1162       1163      0.0111105      0.0111105        1.40845
  1163       1164      0.0111105      0.0111105        1.38889
  1164       1165      0.0111105      0.0111105        1.36986
  1165       1166      0.0111105      0.0111105        1.35135
  1166       1167      0.0111105      0.0111105        1.33333
  1167       1168      0.0111105      0.0796922        1.31579
  1168       1169      0.0111105      0.0132636         1.2987
  1169       1170      0.0111105      0.0132636        1.28205
  1170       1171      0.0111105      0.0132636        1.26582

                           Best        Current           Mean
Iteration   f-count         f(x)         f(x)         temperature
  1171       1172      0.0111105      0.0132636           1.25
* 1172       1173      0.0111105      0.0796922            100
  1173       1174      0.0111105      0.0696256             50
  1174       1175      0.0111105       0.996116        33.3333
  1175       1176      0.0111105       0.253279             25
  1176       1177      0.0111105        3.20614             20
  1177       1178      0.0111105       0.140526        16.6667
  1178       1179      0.0111105        4.38637        14.2857
  1179       1180      0.0111105        3.44089           12.5
  1180       1181      0.0111105      0.0151496        11.1111
  1181       1182      0.0111105        0.86695             10
  1182       1183      0.0111105        0.86695        9.09091
  1183       1184      0.0111105       0.380429        8.33333
  1184       1185      0.0111105        2.06215        7.69231
  1185       1186      0.0111105        2.06215        7.14286
  1186       1187      0.0111105        1.06508        6.66667
  1187       1188      0.0111105        1.06508           6.25
  1188       1189      0.0111105       0.425595        5.88235
  1189       1190      0.0111105      0.0672115        5.55556
  1190       1191      0.0111105       0.196987        5.26316
  1191       1192      0.0111105       0.196987              5
  1192       1193      0.0111105       0.196987         4.7619
  1193       1194      0.0111105      0.0344192        4.54545
  1194       1195      0.0111105       0.900582        4.34783
  1195       1196      0.0111105       0.622198        4.16667
  1196       1197      0.0111105       0.622198              4
  1197       1198      0.0111105       0.252795        3.84615
  1198       1199      0.0111105       0.252795         3.7037
  1199       1200      0.0111105       0.833361        3.57143
  1200       1201      0.0111105      0.0636127        3.44828

                           Best        Current           Mean
Iteration   f-count         f(x)         f(x)         temperature
  1201       1202      0.0111105      0.0159236        3.33333
  1202       1203      0.0111105       0.557117        3.22581
  1203       1204      0.0111105       0.159725          3.125
  1204       1205      0.0111105       0.127108         3.0303
  1205       1206      0.0111105      0.0636127        2.94118
  1206       1207      0.0111105      0.0636127        2.85714
  1207       1208      0.0111105      0.0235053        2.77778
  1208       1209      0.0111105      0.0132636         2.7027
  1209       1210      0.0111105      0.0111105        2.63158
  1210       1211      0.0111105      0.0111105         2.5641
  1211       1212      0.0111105       0.666881            2.5
  1212       1213      0.0111105       0.119151        2.43902
  1213       1214      0.0111105       0.119151        2.38095
  1214       1215      0.0111105       0.493305        2.32558
  1215       1216      0.0111105       0.252795        2.27273
  1216       1217      0.0111105       0.252795        2.22222
  1217       1218      0.0111105      0.0159236        2.17391
  1218       1219      0.0111105      0.0159236        2.12766
  1219       1220      0.0111105      0.0159236        2.08333
  1220       1221      0.0111105       0.833361        2.04082
  1221       1222      0.0111105       0.666881              2
  1222       1223      0.0111105       0.378318        1.96078
  1223       1224      0.0111105       0.378318        1.92308
  1224       1225      0.0111105      0.0705925        1.88679
  1225       1226      0.0111105      0.0235053        1.85185
  1226       1227      0.0111105      0.0235053        1.81818
  1227       1228      0.0111105       0.493305        1.78571
  1228       1229      0.0111105       0.493305        1.75439
  1229       1230      0.0111105      0.0862477        1.72414
  1230       1231      0.0111105      0.0862477        1.69492

                           Best        Current           Mean
Iteration   f-count         f(x)         f(x)         temperature
  1231       1232      0.0111105      0.0862477        1.66667
  1232       1233      0.0111105      0.0862477        1.63934
  1233       1234      0.0111105       0.328247         1.6129
  1234       1235      0.0111105       0.328247         1.5873
  1235       1236      0.0111105      0.0796922         1.5625
  1236       1237      0.0111105      0.0796922        1.53846
  1237       1238      0.0111105      0.0796922        1.51515
  1238       1239      0.0111105      0.0672115        1.49254
  1239       1240      0.0111105      0.0796922        1.47059
  1240       1241      0.0111105      0.0796922        1.44928
  1241       1242      0.0111105      0.0796922        1.42857
  1242       1243      0.0111105       0.159725        1.40845
  1243       1244      0.0111105      0.0796922        1.38889
  1244       1245      0.0111105      0.0672115        1.36986
* 1245       1246      0.0111105      0.0132636            100
  1246       1247      0.0111105       0.130718             50
  1247       1248      0.0111105       0.130718        33.3333
[Warning: Unable to complete the meshing step. Please try the alternate mesher
version that can be selected in pdetool using the Mesh Parameters dialog or in
the initmesh function using the 'MesherVersion', 'R2013a' option.] 
  1248       1249      0.0111105       0.130718             25
  1249       1250      0.0111105       0.121501             20
  1250       1251      0.0111105        1.11812        16.6667
  1251       1252      0.0111105        1.76536        14.2857
  1252       1253      0.0111105         1.3168           12.5
  1253       1254      0.0111105         1.3168        11.1111
  1254       1255      0.0111105         1.3168             10
  1255       1256      0.0111105         0.1871        9.09091
  1256       1257      0.0111105        2.46693        8.33333
  1257       1258      0.0111105      0.0377386        7.69231
  1258       1259      0.0111105      0.0377386        7.14286
  1259       1260      0.0111105       0.234436        6.66667
  1260       1261      0.0111105       0.400961           6.25

                           Best        Current           Mean
Iteration   f-count         f(x)         f(x)         temperature
  1261       1262      0.0111105       0.113389        5.88235
  1262       1263      0.0111105       0.113389        5.55556
  1263       1264      0.0111105       0.290406        5.26316
  1264       1265      0.0111105       0.290406              5
  1265       1266      0.0111105      0.0796922         4.7619
  1266       1267      0.0111105      0.0796922        4.54545
  1267       1268      0.0111105        1.14545        4.34783
  1268       1269      0.0111105       0.113389        4.16667
  1269       1270      0.0111105        1.14231              4
  1270       1271      0.0111105        0.21579        3.84615
  1271       1272      0.0111105        0.21579         3.7037
  1272       1273      0.0111105        2.44541        3.57143
  1273       1274      0.0111105       0.805101        3.44828
  1274       1275      0.0111105       0.805101        3.33333
  1275       1276      0.0111105      0.0111105        3.22581
  1276       1277      0.0111105       0.441186          3.125
  1277       1278      0.0111105      0.0344192         3.0303
  1278       1279      0.0111105      0.0132636        2.94118
  1279       1280      0.0111105      0.0796922        2.85714
  1280       1281      0.0111105      0.0796922        2.77778
  1281       1282      0.0111105      0.0796922         2.7027
  1282       1283      0.0111105      0.0796922        2.63158
  1283       1284      0.0111105      0.0796922         2.5641
  1284       1285      0.0111105      0.0759387            2.5
  1285       1286      0.0111105      0.0636127        2.43902
  1286       1287      0.0111105      0.0636127        2.38095
  1287       1288      0.0111105       0.875924        2.32558
  1288       1289      0.0111105       0.210308        2.27273
  1289       1290      0.0111105       0.210308        2.22222
  1290       1291      0.0111105       0.502924        2.17391

                           Best        Current           Mean
Iteration   f-count         f(x)         f(x)         temperature
  1291       1292      0.0111105      0.0862477        2.12766
  1292       1293      0.0111105       0.159725        2.08333
  1293       1294      0.0111105       0.378318        2.04082
  1294       1295      0.0111105       0.378318              2
  1295       1296      0.0111105       0.378318        1.96078
  1296       1297      0.0111105      0.0759387        1.92308
  1297       1298      0.0111105       0.378318        1.88679
  1298       1299      0.0111105       0.119151        1.85185
  1299       1300      0.0111105       0.119151        1.81818
  1300       1301      0.0111105      0.0796922        1.78571
  1301       1302      0.0111105      0.0796922        1.75439
  1302       1303      0.0111105      0.0796922        1.72414
  1303       1304      0.0111105      0.0705925        1.69492
  1304       1305      0.0111105      0.0705925        1.66667
  1305       1306      0.0111105      0.0705925        1.63934
  1306       1307      0.0111105      0.0705925         1.6129
  1307       1308      0.0111105      0.0132636         1.5873
  1308       1309      0.0111105      0.0132636         1.5625
  1309       1310      0.0111105      0.0132636        1.53846
  1310       1311      0.0111105      0.0672115        1.51515
  1311       1312      0.0111105      0.0672115        1.49254
  1312       1313      0.0111105       0.868119        1.47059
  1313       1314      0.0111105      0.0132636        1.44928
  1314       1315      0.0111105      0.0132636        1.42857
  1315       1316      0.0111105      0.0132636        1.40845
  1316       1317      0.0111105      0.0132636        1.38889
  1317       1318      0.0111105      0.0132636        1.36986
  1318       1319      0.0111105      0.0672115        1.35135
  1319       1320      0.0111105      0.0862477        1.33333
  1320       1321      0.0111105      0.0672115        1.31579

                           Best        Current           Mean
Iteration   f-count         f(x)         f(x)         temperature
  1321       1322      0.0111105      0.0672115         1.2987
  1322       1323      0.0111105      0.0672115        1.28205
  1323       1324      0.0111105      0.0672115        1.26582
  1324       1325      0.0111105      0.0796922           1.25
  1325       1326      0.0111105      0.0111105        1.23457
  1326       1327      0.0111105       0.407627        1.21951
  1327       1328      0.0111105      0.0672115        1.20482
  1328       1329      0.0111105      0.0672115        1.19048
  1329       1330      0.0111105      0.0672115        1.17647
* 1330       1331      0.0111105       0.407627            100
  1331       1332      0.0111105       0.123954             50
  1332       1333      0.0111105       0.123954        33.3333
  1333       1334      0.0111105      0.0728218             25
  1334       1335      0.0111105      0.0381408             20
  1335       1336      0.0111105        1.11812        16.6667
  1336       1337      0.0111105       0.194942        14.2857
  1337       1338      0.0111105        0.48623           12.5
  1338       1339      0.0111105       0.981352        11.1111
  1339       1340      0.0111105       0.981352             10
  1340       1341      0.0111105       0.981352        9.09091
  1341       1342      0.0111105       0.042512        8.33333
  1342       1343      0.0111105        1.41005        7.69231
  1343       1344      0.0111105      0.0235053        7.14286
  1344       1345      0.0111105       0.373818        6.66667
  1345       1346      0.0111105       0.252795           6.25
  1346       1347      0.0111105       0.252795        5.88235
  1347       1348      0.0111105      0.0159236        5.55556
  1348       1349      0.0111105         1.6696        5.26316
  1349       1350      0.0111105       0.378318              5
  1350       1351      0.0111105       0.252795         4.7619

                           Best        Current           Mean
Iteration   f-count         f(x)         f(x)         temperature
  1351       1352      0.0111105       0.307167        4.54545
  1352       1353      0.0111105       0.307167        4.34783
  1353       1354      0.0111105       0.307167        4.16667
  1354       1355      0.0111105       0.307167              4
  1355       1356      0.0111105       0.378318        3.84615
  1356       1357      0.0111105       0.378318         3.7037
  1357       1358      0.0111105       0.557117        3.57143
  1358       1359      0.0111105      0.0680245        3.44828
  1359       1360      0.0111105      0.0680245        3.33333
  1360       1361      0.0111105      0.0132636        3.22581
  1361       1362      0.0111105      0.0132636          3.125
  1362       1363      0.0111105      0.0132636         3.0303
  1363       1364      0.0111105      0.0796922        2.94118
  1364       1365      0.0111105       0.252795        2.85714
  1365       1366      0.0111105      0.0636127        2.77778
  1366       1367      0.0111105       0.307167         2.7027
  1367       1368      0.0111105      0.0705925        2.63158
  1368       1369      0.0111105      0.0705925         2.5641
  1369       1370      0.0111105      0.0705925            2.5
  1370       1371      0.0111105      0.0705925        2.43902
  1371       1372      0.0111105      0.0111105        2.38095
  1372       1373      0.0111105      0.0111105        2.32558
  1373       1374      0.0111105       0.875924        2.27273
  1374       1375      0.0111105       0.666881        2.22222
  1375       1376      0.0111105       0.868119        2.17391
  1376       1377      0.0111105      0.0759387        2.12766
  1377       1378      0.0111105      0.0759387        2.08333
  1378       1379      0.0111105       0.119151        2.04082
  1379       1380      0.0111105      0.0796922              2
  1380       1381      0.0111105       0.183005        1.96078

                           Best        Current           Mean
Iteration   f-count         f(x)         f(x)         temperature
  1381       1382      0.0111105      0.0862477        1.92308
  1382       1383      0.0111105        1.68326        1.88679
  1383       1384      0.0111105       0.875924        1.85185
  1384       1385      0.0111105       0.252795        1.81818
  1385       1386      0.0111105       0.183005        1.78571
  1386       1387      0.0111105       0.183005        1.75439
  1387       1388      0.0111105      0.0796922        1.72414
  1388       1389      0.0111105      0.0705925        1.69492
  1389       1390      0.0111105      0.0705925        1.66667
  1390       1391      0.0111105       0.159725        1.63934
Optimization terminated: change in best function value less than options.TolFun.

vetor =

    7.0000    4.0000    0.7000    1.5600


	 HdL: 7.000  t1dt0: 4.000  L1dL0: 0.700  Alpha: 1.560
