\nSimulated Annealing...Discreted\n

	 Fitness Limit : -Inf
Diagnostic information.
	objective function = @sa_cav_y_4dof
	X0 = [  1 9 0.7 1.34 ]
Modified options:
	options.AnnealingFcn = @d_annealing_c4
	options.TemperatureFcn = @temperatureboltz
	options.StallIterLimit = 1000
	options.InitialTemperature = [  100 100 100 100 ]
	options.Display = 'diagnose'
	options.ReannealInterval = 10
	options.DisplayInterval = 1 
	options.AcceptanceFcn = @acceptancesa
End of diagnostic information.


                           Best        Current           Mean
Iteration   f-count         f(x)         f(x)         temperature
     0          1      0.0932996      0.0932996            100
     1          2      0.0932996      0.0932996         144.27
     2          3      0.0932996      0.0932996        91.0239
     3          4      0.0932996      0.0932996        72.1348
     4          5      0.0932996      0.0932996        62.1335
     5          6      0.0932996      0.0932996        55.8111
     6          7      0.0932996      0.0932996        51.3898
     7          8      0.0932996       0.230094        48.0898
     8          9      0.0932996       0.230094         45.512
     9         10      0.0932996       0.433243        43.4294
    10         11      0.0932996       0.433243        41.7032
    11         12      0.0932996       0.433243         40.243
    12         13      0.0932996       0.433243        38.9871
    13         14      0.0932996       0.433243        37.8923
    14         15      0.0932996       0.433243        36.9269
    15         16      0.0932996       0.309496        36.0674
    16         17      0.0932996       0.309496        35.2956
    17         18      0.0932996       0.110794        34.5976
    18         19      0.0932996       0.110794        33.9623
    19         20      0.0932996       0.114611        33.3808
    20         21      0.0932996       0.114611        32.8459
    21         22      0.0932996       0.114611        32.3515
    22         23      0.0932996       0.114611        31.8929
    23         24      0.0932996       0.114611        31.4658
    24         25      0.0932996       0.114611        31.0667
    25         26      0.0932996       0.114611        30.6928
    26         27      0.0932996       0.114611        30.3413
    27         28      0.0932996       0.114611        30.0102
    28         29      0.0912975      0.0912975        29.6974
    29         30      0.0912975      0.0912975        29.4014
    30         31      0.0912975      0.0912975        29.1207

                           Best        Current           Mean
Iteration   f-count         f(x)         f(x)         temperature
    31         32      0.0912975      0.0912975        28.8539
    32         33      0.0912975      0.0912975           28.6
    33         34      0.0912975      0.0912975        28.3578
    34         35      0.0912975      0.0912975        28.1266
    35         36      0.0912975       0.131409        27.9055
    36         37      0.0912975       0.131409        27.6938
    37         38      0.0912975       0.131409        27.4908
    38         39      0.0912975       0.131409        27.2958
    39         40      0.0912975       0.131409        27.1085
    40         41      0.0912975       0.195576        26.9283
    41         42      0.0912975       0.195576        26.7546
    42         43      0.0912975       0.195576        26.5873
    43         44      0.0912975       0.195576        26.4257
*   44         45      0.0886697      0.0886697            Inf
    45         46      0.0886697      0.0886697         144.27
    46         47      0.0886697      0.0886697        91.0239
    47         48      0.0886697       0.155677        72.1348
    48         49      0.0886697       0.155677        62.1335
    49         50      0.0886697       0.155677        55.8111
    50         51      0.0886697       0.155677        51.3898
    51         52      0.0886697       0.131896        48.0898
    52         53      0.0886697       0.131896         45.512
    53         54      0.0886697       0.131896        43.4294
    54         55      0.0886697       0.131896        41.7032
    55         56      0.0886697       0.131896         40.243
    56         57      0.0886697       0.131896        38.9871
    57         58      0.0886697       0.131896        37.8923
    58         59      0.0886697       0.131896        36.9269
    59         60      0.0886697       0.131896        36.0674
    60         61      0.0886697       0.131896        35.2956

                           Best        Current           Mean
Iteration   f-count         f(x)         f(x)         temperature
    61         62      0.0886697       0.437794        34.5976
    62         63      0.0886697       0.154863        33.9623
    63         64      0.0886697       0.154863        33.3808
    64         65      0.0886697       0.154863        32.8459
    65         66      0.0886697       0.154863        32.3515
    66         67      0.0886697       0.154863        31.8929
    67         68      0.0886697       0.154863        31.4658
    68         69      0.0886697       0.491435        31.0667
    69         70      0.0886697       0.491435        30.6928
    70         71      0.0886697       0.491435        30.3413
    71         72      0.0886697       0.491435        30.0102
    72         73      0.0886697       0.491435        29.6974
    73         74      0.0886697       0.491435        29.4014
    74         75      0.0886697       0.228689        29.1207
    75         76      0.0886697       0.228689        28.8539
    76         77      0.0886697       0.228689           28.6
    77         78      0.0886697       0.228689        28.3578
    78         79      0.0886697       0.228689        28.1266
    79         80      0.0886697       0.195097        27.9055
    80         81      0.0886697       0.195097        27.6938
    81         82      0.0886697       0.195097        27.4908
    82         83      0.0886697       0.195097        27.2958
    83         84      0.0886697       0.195097        27.1085
    84         85      0.0886697       0.195097        26.9283
    85         86      0.0886697       0.195097        26.7546
    86         87      0.0886697       0.195097        26.5873
    87         88      0.0886697       0.195097        26.4257
    88         89      0.0886697       0.195097        26.2697
    89         90      0.0886697       0.195097        26.1189
    90         91      0.0886697       0.195097         25.973

                           Best        Current           Mean
Iteration   f-count         f(x)         f(x)         temperature
    91         92      0.0886697       0.195097        25.8318
    92         93      0.0886697       0.195097        25.6949
    93         94      0.0886697       0.195097        25.5622
    94         95      0.0886697       0.195097        25.4335
    95         96      0.0886697       0.195097        25.3085
    96         97      0.0886697       0.195097        25.1871
    97         98      0.0886697       0.195097         25.069
    98         99      0.0886697       0.195097        24.9543
    99        100      0.0886697       0.195097        24.8425
   100        101      0.0886697       0.195097        24.7338
   101        102      0.0886697       0.195097        24.6279
   102        103      0.0886697       0.195097        24.5246
   103        104      0.0886697       0.195097        24.4239
   104        105      0.0886697       0.195097        24.3257
   105        106      0.0886697       0.195097        24.2299
   106        107      0.0886697       0.195097        24.1363
   107        108      0.0886697       0.195097        24.0449
   108        109      0.0886697       0.195097        23.9556
   109        110      0.0886697       0.195097        23.8683
   110        111      0.0886697       0.195097         23.783
   111        112      0.0886697       0.195097        23.6994
   112        113      0.0886697       0.195097        23.6177
   113        114      0.0886697       0.195097        23.5377
   114        115      0.0886697       0.195097        23.4594
   115        116      0.0886697       0.195097        23.3827
   116        117      0.0886697       0.195097        23.3075
   117        118      0.0886697       0.195097        23.2338
   118        119      0.0886697       0.195097        23.1616
   119        120      0.0886697       0.195097        23.0908
   120        121      0.0886697       0.195097        23.0213

                           Best        Current           Mean
Iteration   f-count         f(x)         f(x)         temperature
   121        122      0.0886697       0.195097        22.9531
   122        123      0.0886697       0.195097        22.8862
   123        124      0.0886697       0.195097        22.8205
   124        125      0.0886697       0.195097         22.756
   125        126      0.0886697       0.195097        22.6926
   126        127      0.0886697       0.195097        22.6304
   127        128      0.0886697       0.195097        22.5692
   128        129      0.0886697       0.195097        22.5091
   129        130      0.0886697       0.195097          22.45
   130        131      0.0886697       0.195097        22.3919
   131        132      0.0886697       0.195097        22.3347
   132        133      0.0886697       0.195097        22.2785
   133        134      0.0886697       0.195097        22.2232
   134        135      0.0886697       0.195097        22.1687
   135        136      0.0886697       0.195097        22.1151
   136        137      0.0886697       0.195097        22.0624
   137        138      0.0886697       0.195097        22.0105
   138        139      0.0886697       0.195097        21.9593
   139        140      0.0886697       0.195097        21.9089
   140        141      0.0886697       0.195097        21.8593
   141        142      0.0886697       0.195097        21.8104
   142        143      0.0886697       0.195097        21.7622
   143        144      0.0886697       0.195097        21.7147
   144        145      0.0886697       0.195097        21.6679
   145        146      0.0886697       0.195097        21.6217
   146        147      0.0886697       0.195097        21.5762
   147        148      0.0886697       0.195097        21.5313
   148        149      0.0886697       0.195097        21.4871
   149        150      0.0886697       0.195097        21.4434
   150        151      0.0886697       0.195097        21.4003

                           Best        Current           Mean
Iteration   f-count         f(x)         f(x)         temperature
   151        152      0.0886697       0.195097        21.3578
   152        153      0.0886697       0.195097        21.3158
   153        154      0.0886697       0.195097        21.2744
   154        155      0.0886697       0.195097        21.2335
   155        156      0.0886697       0.195097        21.1932
   156        157      0.0886697       0.195097        21.1533
   157        158      0.0886697       0.195097         21.114
   158        159      0.0886697       0.195097        21.0751
   159        160      0.0886697       0.195097        21.0367
   160        161      0.0886697       0.195097        20.9988
   161        162      0.0886697       0.195097        20.9614
   162        163      0.0886697       0.195097        20.9243
   163        164      0.0886697       0.195097        20.8878
   164        165      0.0886697       0.195097        20.8516
   165        166      0.0886697       0.195097        20.8159
   166        167      0.0886697       0.195097        20.7806
   167        168      0.0886697       0.195097        20.7457
   168        169      0.0886697       0.195097        20.7112
   169        170      0.0886697       0.195097         20.677
   170        171      0.0886697       0.195097        20.6433
   171        172      0.0886697       0.195097        20.6099
   172        173      0.0886697       0.195097        20.5769
   173        174      0.0886697       0.195097        20.5443
   174        175      0.0886697       0.195097         20.512
   175        176      0.0886697       0.195097          20.48
   176        177      0.0886697       0.195097        20.4484
   177        178      0.0886697       0.195097        20.4172
   178        179      0.0886697       0.195097        20.3862
   179        180      0.0886697       0.195097        20.3556
   180        181      0.0886697       0.195097        20.3253

                           Best        Current           Mean
Iteration   f-count         f(x)         f(x)         temperature
   181        182      0.0886697       0.195097        20.2953
   182        183      0.0886697       0.195097        20.2656
   183        184      0.0886697       0.195097        20.2362
   184        185      0.0886697       0.195097        20.2071
   185        186      0.0886697       0.195097        20.1783
   186        187      0.0886697       0.195097        20.1497
   187        188      0.0886697       0.195097        20.1215
   188        189      0.0886697       0.195097        20.0935
   189        190      0.0886697       0.195097        20.0658
   190        191      0.0886697       0.195097        20.0383
   191        192      0.0886697       0.195097        20.0112
   192        193      0.0886697       0.195097        19.9842
   193        194      0.0886697       0.195097        19.9575
   194        195      0.0886697       0.195097        19.9311
   195        196      0.0886697       0.195097        19.9049
   196        197      0.0886697       0.195097         19.879
   197        198      0.0886697       0.195097        19.8533
   198        199      0.0886697       0.195097        19.8278
   199        200      0.0886697       0.195097        19.8025
   200        201      0.0886697       0.195097        19.7775
   201        202      0.0886697       0.195097        19.7527
   202        203      0.0886697       0.195097        19.7281
   203        204      0.0886697       0.195097        19.7038
   204        205      0.0886697       0.195097        19.6796
   205        206      0.0886697       0.195097        19.6556
   206        207      0.0886697       0.195097        19.6319
   207        208      0.0886697       0.195097        19.6084
   208        209      0.0886697       0.195097         19.585
   209        210      0.0886697       0.195097        19.5619
   210        211      0.0886697       0.195097        19.5389

                           Best        Current           Mean
Iteration   f-count         f(x)         f(x)         temperature
   211        212      0.0886697       0.195097        19.5161
   212        213      0.0886697       0.195097        19.4936
   213        214      0.0886697       0.195097        19.4712
   214        215      0.0886697       0.195097         19.449
   215        216      0.0886697       0.195097        19.4269
   216        217      0.0886697       0.195097        19.4051
   217        218      0.0886697       0.195097        19.3834
   218        219      0.0886697       0.195097        19.3619
   219        220      0.0886697       0.195097        19.3405
   220        221      0.0886697       0.195097        19.3194
   221        222      0.0886697       0.195097        19.2984
   222        223      0.0886697       0.195097        19.2775
   223        224      0.0886697       0.195097        19.2569
   224        225      0.0886697       0.195097        19.2363
   225        226      0.0886697       0.195097         19.216
   226        227      0.0886697       0.195097        19.1958
   227        228      0.0886697       0.195097        19.1757
   228        229      0.0886697       0.195097        19.1558
   229        230      0.0886697       0.195097         19.136
   230        231      0.0886697       0.195097        19.1164
   231        232      0.0886697       0.195097        19.0969
   232        233      0.0886697       0.195097        19.0776
   233        234      0.0886697       0.195097        19.0584
   234        235      0.0886697       0.195097        19.0394
   235        236      0.0886697       0.195097        19.0205
   236        237      0.0886697       0.195097        19.0017
   237        238      0.0886697       0.195097         18.983
   238        239      0.0886697       0.195097        18.9645
   239        240      0.0886697       0.195097        18.9462
   240        241      0.0886697       0.195097        18.9279

                           Best        Current           Mean
Iteration   f-count         f(x)         f(x)         temperature
   241        242      0.0886697       0.195097        18.9098
   242        243      0.0886697       0.195097        18.8918
   243        244      0.0886697       0.195097        18.8739
   244        245      0.0886697       0.195097        18.8562
   245        246      0.0886697       0.195097        18.8385
   246        247      0.0886697       0.195097         18.821
   247        248      0.0886697       0.195097        18.8036
   248        249      0.0886697       0.195097        18.7864
   249        250      0.0886697       0.195097        18.7692
   250        251      0.0886697       0.195097        18.7522
   251        252      0.0886697       0.195097        18.7352
   252        253      0.0886697       0.195097        18.7184
   253        254      0.0886697       0.195097        18.7017
   254        255      0.0886697       0.195097        18.6851
   255        256      0.0886697       0.195097        18.6686
   256        257      0.0886697       0.195097        18.6522
   257        258      0.0886697       0.195097        18.6359
   258        259      0.0886697       0.195097        18.6198
   259        260      0.0886697       0.195097        18.6037
   260        261      0.0886697       0.195097        18.5877
   261        262      0.0886697       0.195097        18.5718
   262        263      0.0886697       0.195097        18.5561
   263        264      0.0886697       0.195097        18.5404
   264        265      0.0886697       0.195097        18.5248
   265        266      0.0886697       0.195097        18.5093
   266        267      0.0886697       0.195097         18.494
   267        268      0.0886697       0.195097        18.4787
   268        269      0.0886697       0.195097        18.4635
   269        270      0.0886697       0.195097        18.4484
   270        271      0.0886697       0.195097        18.4333

                           Best        Current           Mean
Iteration   f-count         f(x)         f(x)         temperature
   271        272      0.0886697       0.195097        18.4184
   272        273      0.0886697       0.195097        18.4036
   273        274      0.0886697       0.195097        18.3888
   274        275      0.0886697       0.195097        18.3742
   275        276      0.0886697       0.195097        18.3596
   276        277      0.0886697       0.195097        18.3451
   277        278      0.0886697       0.195097        18.3307
   278        279      0.0886697       0.195097        18.3164
   279        280      0.0886697       0.195097        18.3022
   280        281      0.0886697       0.195097         18.288
   281        282      0.0886697       0.195097        18.2739
   282        283      0.0886697       0.195097          18.26
   283        284      0.0886697       0.195097         18.246
   284        285      0.0886697       0.195097        18.2322
   285        286      0.0886697       0.195097        18.2185
   286        287      0.0886697       0.195097        18.2048
   287        288      0.0886697       0.195097        18.1912
   288        289      0.0886697       0.195097        18.1777
   289        290      0.0886697       0.195097        18.1642
   290        291      0.0886697       0.195097        18.1508
   291        292      0.0886697       0.195097        18.1375
   292        293      0.0886697       0.195097        18.1243
   293        294      0.0886697       0.195097        18.1111
   294        295      0.0886697       0.195097        18.0981
   295        296      0.0886697       0.195097         18.085
   296        297      0.0886697       0.195097        18.0721
   297        298      0.0886697       0.195097        18.0592
   298        299      0.0886697       0.195097        18.0464
   299        300      0.0886697       0.195097        18.0337
   300        301      0.0886697       0.195097         18.021

                           Best        Current           Mean
Iteration   f-count         f(x)         f(x)         temperature
   301        302      0.0886697       0.195097        18.0084
   302        303      0.0886697       0.195097        17.9959
   303        304      0.0886697       0.195097        17.9834
   304        305      0.0886697       0.195097         17.971
   305        306      0.0886697       0.195097        17.9587
   306        307      0.0886697       0.195097        17.9464
   307        308      0.0886697       0.195097        17.9342
   308        309      0.0886697       0.195097         17.922
   309        310      0.0886697       0.195097        17.9099
   310        311      0.0886697       0.195097        17.8979
   311        312      0.0886697       0.195097        17.8859
   312        313      0.0886697       0.195097         17.874
   313        314      0.0886697       0.195097        17.8622
   314        315      0.0886697       0.195097        17.8504
   315        316      0.0886697       0.195097        17.8387
   316        317      0.0886697       0.195097         17.827
   317        318      0.0886697       0.195097        17.8154
   318        319      0.0886697       0.195097        17.8038
   319        320      0.0886697       0.195097        17.7923
   320        321      0.0886697       0.195097        17.7809
   321        322      0.0886697       0.195097        17.7695
   322        323      0.0886697       0.195097        17.7582
   323        324      0.0886697       0.195097        17.7469
   324        325      0.0886697       0.195097        17.7357
   325        326      0.0886697       0.195097        17.7245
   326        327      0.0886697       0.195097        17.7134
   327        328      0.0886697       0.195097        17.7023
   328        329      0.0886697       0.195097        17.6913
   329        330      0.0886697       0.195097        17.6804
   330        331      0.0886697       0.195097        17.6695

                           Best        Current           Mean
Iteration   f-count         f(x)         f(x)         temperature
   331        332      0.0886697       0.195097        17.6586
   332        333      0.0886697       0.195097        17.6478
   333        334      0.0886697       0.195097        17.6371
   334        335      0.0886697       0.195097        17.6264
   335        336      0.0886697       0.195097        17.6157
   336        337      0.0886697       0.195097        17.6051
   337        338      0.0886697       0.195097        17.5945
   338        339      0.0886697       0.195097         17.584
   339        340      0.0886697       0.195097        17.5736
   340        341      0.0886697       0.195097        17.5632
   341        342      0.0886697       0.195097        17.5528
   342        343      0.0886697       0.195097        17.5425
   343        344      0.0886697       0.195097        17.5322
   344        345      0.0886697       0.195097         17.522
   345        346      0.0886697       0.195097        17.5118
   346        347      0.0886697       0.195097        17.5017
   347        348      0.0886697       0.195097        17.4916
   348        349      0.0886697       0.195097        17.4816
   349        350      0.0886697       0.195097        17.4716
   350        351      0.0886697       0.195097        17.4616
   351        352      0.0886697       0.195097        17.4517
   352        353      0.0886697       0.195097        17.4418
   353        354      0.0886697       0.195097         17.432
   354        355      0.0886697       0.195097        17.4222
   355        356      0.0886697       0.195097        17.4125
   356        357      0.0886697       0.195097        17.4028
   357        358      0.0886697       0.195097        17.3931
   358        359      0.0886697       0.195097        17.3835
   359        360      0.0886697       0.195097         17.374
   360        361      0.0886697       0.195097        17.3644

                           Best        Current           Mean
Iteration   f-count         f(x)         f(x)         temperature
   361        362      0.0886697       0.195097        17.3549
   362        363      0.0886697       0.195097        17.3455
   363        364      0.0886697       0.195097        17.3361
   364        365      0.0886697       0.195097        17.3267
   365        366      0.0886697       0.195097        17.3174
   366        367      0.0886697       0.195097        17.3081
   367        368      0.0886697       0.195097        17.2988
   368        369      0.0886697       0.195097        17.2896
   369        370      0.0886697       0.195097        17.2804
   370        371      0.0886697       0.195097        17.2713
   371        372      0.0886697       0.195097        17.2622
   372        373      0.0886697       0.195097        17.2531
   373        374      0.0886697       0.195097        17.2441
   374        375      0.0886697       0.195097        17.2351
   375        376      0.0886697       0.195097        17.2261
   376        377      0.0886697       0.195097        17.2172
   377        378      0.0886697       0.195097        17.2083
   378        379      0.0886697       0.195097        17.1995
   379        380      0.0886697       0.195097        17.1907
   380        381      0.0886697       0.195097        17.1819
   381        382      0.0886697       0.195097        17.1731
   382        383      0.0886697       0.195097        17.1644
   383        384      0.0886697       0.195097        17.1558
   384        385      0.0886697       0.195097        17.1471
   385        386      0.0886697       0.195097        17.1385
   386        387      0.0886697       0.195097        17.1299
   387        388      0.0886697       0.195097        17.1214
   388        389      0.0886697       0.195097        17.1129
   389        390      0.0886697       0.195097        17.1044
   390        391      0.0886697       0.195097         17.096

                           Best        Current           Mean
Iteration   f-count         f(x)         f(x)         temperature
   391        392      0.0886697       0.195097        17.0876
   392        393      0.0886697       0.195097        17.0792
   393        394      0.0886697       0.195097        17.0709
   394        395      0.0886697       0.195097        17.0626
   395        396      0.0886697       0.195097        17.0543
   396        397      0.0886697       0.195097         17.046
   397        398      0.0886697       0.195097        17.0378
   398        399      0.0886697       0.195097        17.0296
   399        400      0.0886697       0.195097        17.0215
   400        401      0.0886697       0.195097        17.0134
   401        402      0.0886697       0.195097        17.0053
   402        403      0.0886697       0.195097        16.9972
   403        404      0.0886697       0.195097        16.9892
   404        405      0.0886697       0.195097        16.9812
   405        406      0.0886697       0.195097        16.9732
   406        407      0.0886697       0.195097        16.9652
   407        408      0.0886697       0.195097        16.9573
   408        409      0.0886697       0.195097        16.9494
   409        410      0.0886697       0.195097        16.9416
   410        411      0.0886697       0.195097        16.9338
   411        412      0.0886697       0.195097         16.926
   412        413      0.0886697       0.195097        16.9182
   413        414      0.0886697       0.195097        16.9105
   414        415      0.0886697       0.195097        16.9027
   415        416      0.0886697       0.195097         16.895
   416        417      0.0886697       0.195097        16.8874
   417        418      0.0886697       0.195097        16.8798
   418        419      0.0886697       0.195097        16.8722
   419        420      0.0886697       0.195097        16.8646
   420        421      0.0886697       0.195097         16.857

                           Best        Current           Mean
Iteration   f-count         f(x)         f(x)         temperature
   421        422      0.0886697       0.195097        16.8495
   422        423      0.0886697       0.195097         16.842
   423        424      0.0886697       0.195097        16.8345
   424        425      0.0886697       0.195097        16.8271
   425        426      0.0886697       0.195097        16.8197
   426        427      0.0886697       0.195097        16.8123
   427        428      0.0886697       0.195097        16.8049
   428        429      0.0886697       0.195097        16.7976
   429        430      0.0886697       0.195097        16.7903
   430        431      0.0886697       0.195097         16.783
   431        432      0.0886697       0.195097        16.7757
   432        433      0.0886697       0.195097        16.7685
   433        434      0.0886697       0.195097        16.7612
   434        435      0.0886697       0.195097         16.754
   435        436      0.0886697       0.195097        16.7469
   436        437      0.0886697       0.195097        16.7397
   437        438      0.0886697       0.195097        16.7326
   438        439      0.0886697       0.195097        16.7255
   439        440      0.0886697       0.195097        16.7185
   440        441      0.0886697       0.195097        16.7114
   441        442      0.0886697       0.195097        16.7044
   442        443      0.0886697       0.195097        16.6974
   443        444      0.0886697       0.195097        16.6904
   444        445      0.0886697       0.195097        16.6835
   445        446      0.0886697       0.195097        16.6765
   446        447      0.0886697       0.195097        16.6696
   447        448      0.0886697       0.195097        16.6627
   448        449      0.0886697       0.195097        16.6559
   449        450      0.0886697       0.195097         16.649
   450        451      0.0886697       0.195097        16.6422

                           Best        Current           Mean
Iteration   f-count         f(x)         f(x)         temperature
   451        452      0.0886697       0.195097        16.6354
   452        453      0.0886697       0.195097        16.6287
   453        454      0.0886697       0.195097        16.6219
   454        455      0.0886697       0.195097        16.6152
   455        456      0.0886697       0.195097        16.6085
   456        457      0.0886697       0.195097        16.6018
   457        458      0.0886697       0.195097        16.5951
   458        459      0.0886697       0.195097        16.5885
   459        460      0.0886697       0.195097        16.5819
   460        461      0.0886697       0.195097        16.5753
   461        462      0.0886697       0.195097        16.5687
   462        463      0.0886697       0.195097        16.5621
   463        464      0.0886697       0.195097        16.5556
   464        465      0.0886697       0.195097        16.5491
   465        466      0.0886697       0.195097        16.5426
   466        467      0.0886697       0.195097        16.5361
   467        468      0.0886697       0.195097        16.5297
   468        469      0.0886697       0.195097        16.5232
   469        470      0.0886697       0.195097        16.5168
   470        471      0.0886697       0.195097        16.5104
   471        472      0.0886697       0.195097         16.504
   472        473      0.0886697       0.195097        16.4977
   473        474      0.0886697       0.195097        16.4913
   474        475      0.0886697       0.195097         16.485
   475        476      0.0886697       0.195097        16.4787
   476        477      0.0886697       0.195097        16.4725
   477        478      0.0886697       0.195097        16.4662
   478        479      0.0886697       0.195097          16.46
   479        480      0.0886697       0.195097        16.4537
   480        481      0.0886697       0.195097        16.4475

                           Best        Current           Mean
Iteration   f-count         f(x)         f(x)         temperature
   481        482      0.0886697       0.195097        16.4414
   482        483      0.0886697       0.195097        16.4352
   483        484      0.0886697       0.195097        16.4291
   484        485      0.0886697       0.195097        16.4229
   485        486      0.0886697       0.195097        16.4168
   486        487      0.0886697       0.195097        16.4107
   487        488      0.0886697       0.195097        16.4047
   488        489      0.0886697       0.195097        16.3986
   489        490      0.0886697       0.195097        16.3926
   490        491      0.0886697       0.195097        16.3866
   491        492      0.0886697       0.195097        16.3806
   492        493      0.0886697       0.195097        16.3746
   493        494      0.0886697       0.195097        16.3686
   494        495      0.0886697       0.195097        16.3627
   495        496      0.0886697       0.195097        16.3568
   496        497      0.0886697       0.195097        16.3508
   497        498      0.0886697       0.195097         16.345
   498        499      0.0886697       0.195097        16.3391
   499        500      0.0886697       0.195097        16.3332
   500        501      0.0886697       0.195097        16.3274
   501        502      0.0886697       0.195097        16.3215
   502        503      0.0886697       0.195097        16.3157
   503        504      0.0886697       0.195097          16.31
   504        505      0.0886697       0.195097        16.3042
   505        506      0.0886697       0.195097        16.2984
   506        507      0.0886697       0.195097        16.2927
   507        508      0.0886697       0.195097         16.287
   508        509      0.0886697       0.195097        16.2812
   509        510      0.0886697       0.195097        16.2755
   510        511      0.0886697       0.195097        16.2699

                           Best        Current           Mean
Iteration   f-count         f(x)         f(x)         temperature
   511        512      0.0886697       0.195097        16.2642
   512        513      0.0886697       0.195097        16.2586
   513        514      0.0886697       0.195097        16.2529
   514        515      0.0886697       0.195097        16.2473
   515        516      0.0886697       0.195097        16.2417
   516        517      0.0886697       0.195097        16.2362
   517        518      0.0886697       0.195097        16.2306
   518        519      0.0886697       0.195097         16.225
   519        520      0.0886697       0.195097        16.2195
   520        521      0.0886697       0.195097         16.214
   521        522      0.0886697       0.195097        16.2085
   522        523      0.0886697       0.195097         16.203
   523        524      0.0886697       0.195097        16.1975
   524        525      0.0886697       0.195097        16.1921
   525        526      0.0886697       0.195097        16.1866
   526        527      0.0886697       0.195097        16.1812
   527        528      0.0886697       0.195097        16.1758
   528        529      0.0886697       0.195097        16.1704
   529        530      0.0886697       0.195097         16.165
   530        531      0.0886697       0.195097        16.1596
   531        532      0.0886697       0.195097        16.1543
   532        533      0.0886697       0.195097        16.1489
   533        534      0.0886697       0.195097        16.1436
   534        535      0.0886697       0.195097        16.1383
   535        536      0.0886697       0.195097         16.133
   536        537      0.0886697       0.195097        16.1277
   537        538      0.0886697       0.195097        16.1224
   538        539      0.0886697       0.195097        16.1172
   539        540      0.0886697       0.195097        16.1119
   540        541      0.0886697       0.195097        16.1067

                           Best        Current           Mean
Iteration   f-count         f(x)         f(x)         temperature
   541        542      0.0886697       0.195097        16.1015
   542        543      0.0886697       0.195097        16.0963
   543        544      0.0886697       0.195097        16.0911
   544        545      0.0886697       0.195097        16.0859
   545        546      0.0886697       0.195097        16.0808
   546        547      0.0886697       0.195097        16.0756
   547        548      0.0886697       0.195097        16.0705
   548        549      0.0886697       0.195097        16.0654
   549        550      0.0886697       0.195097        16.0603
   550        551      0.0886697       0.195097        16.0552
   551        552      0.0886697       0.195097        16.0501
   552        553      0.0886697       0.195097        16.0451
   553        554      0.0886697       0.195097          16.04
   554        555      0.0886697       0.195097         16.035
   555        556      0.0886697       0.195097        16.0299
   556        557      0.0886697       0.195097        16.0249
   557        558      0.0886697       0.195097        16.0199
   558        559      0.0886697       0.195097        16.0149
   559        560      0.0886697       0.195097          16.01
   560        561      0.0886697       0.195097         16.005
   561        562      0.0886697       0.195097        16.0001
   562        563      0.0886697       0.195097        15.9951
   563        564      0.0886697       0.195097        15.9902
   564        565      0.0886697       0.195097        15.9853
   565        566      0.0886697       0.195097        15.9804
   566        567      0.0886697       0.195097        15.9755
   567        568      0.0886697       0.195097        15.9706
   568        569      0.0886697       0.195097        15.9658
   569        570      0.0886697       0.195097        15.9609
   570        571      0.0886697       0.195097        15.9561

                           Best        Current           Mean
Iteration   f-count         f(x)         f(x)         temperature
   571        572      0.0886697       0.195097        15.9513
   572        573      0.0886697       0.195097        15.9464
   573        574      0.0886697       0.195097        15.9416
   574        575      0.0886697       0.195097        15.9369
   575        576      0.0886697       0.195097        15.9321
   576        577      0.0886697       0.195097        15.9273
   577        578      0.0886697       0.195097        15.9226
   578        579      0.0886697       0.195097        15.9178
   579        580      0.0886697       0.195097        15.9131
   580        581      0.0886697       0.195097        15.9084
   581        582      0.0886697       0.195097        15.9037
   582        583      0.0886697       0.195097         15.899
   583        584      0.0886697       0.195097        15.8943
   584        585      0.0886697       0.195097        15.8896
   585        586      0.0886697       0.195097         15.885
   586        587      0.0886697       0.195097        15.8803
   587        588      0.0886697       0.195097        15.8757
   588        589      0.0886697       0.195097         15.871
   589        590      0.0886697       0.195097        15.8664
   590        591      0.0886697       0.195097        15.8618
   591        592      0.0886697       0.195097        15.8572
   592        593      0.0886697       0.195097        15.8526
   593        594      0.0886697       0.195097        15.8481
   594        595      0.0886697       0.195097        15.8435
   595        596      0.0886697       0.195097         15.839
   596        597      0.0886697       0.195097        15.8344
   597        598      0.0886697       0.195097        15.8299
   598        599      0.0886697       0.195097        15.8254
   599        600      0.0886697       0.195097        15.8209
   600        601      0.0886697       0.195097        15.8164

                           Best        Current           Mean
Iteration   f-count         f(x)         f(x)         temperature
   601        602      0.0886697       0.195097        15.8119
   602        603      0.0886697       0.195097        15.8074
   603        604      0.0886697       0.195097        15.8029
   604        605      0.0886697       0.195097        15.7985
   605        606      0.0886697       0.195097         15.794
   606        607      0.0886697       0.195097        15.7896
   607        608      0.0886697       0.195097        15.7852
   608        609      0.0886697       0.195097        15.7808
   609        610      0.0886697       0.195097        15.7764
   610        611      0.0886697       0.195097         15.772
   611        612      0.0886697       0.195097        15.7676
   612        613      0.0886697       0.195097        15.7632
   613        614      0.0886697       0.195097        15.7589
   614        615      0.0886697       0.195097        15.7545
   615        616      0.0886697       0.195097        15.7502
   616        617      0.0886697       0.195097        15.7458
   617        618      0.0886697       0.195097        15.7415
   618        619      0.0886697       0.195097        15.7372
   619        620      0.0886697       0.195097        15.7329
   620        621      0.0886697       0.195097        15.7286
   621        622      0.0886697       0.195097        15.7243
   622        623      0.0886697       0.195097        15.7201
   623        624      0.0886697       0.195097        15.7158
   624        625      0.0886697       0.195097        15.7115
   625        626      0.0886697       0.195097        15.7073
   626        627      0.0886697       0.195097        15.7031
   627        628      0.0886697       0.195097        15.6988
   628        629      0.0886697       0.195097        15.6946
   629        630      0.0886697       0.195097        15.6904
   630        631      0.0886697       0.195097        15.6862

                           Best        Current           Mean
Iteration   f-count         f(x)         f(x)         temperature
   631        632      0.0886697       0.195097         15.682
   632        633      0.0886697       0.195097        15.6778
   633        634      0.0886697       0.195097        15.6737
   634        635      0.0886697       0.195097        15.6695
   635        636      0.0886697       0.195097        15.6654
   636        637      0.0886697       0.195097        15.6612
   637        638      0.0886697       0.195097        15.6571
   638        639      0.0886697       0.195097         15.653
   639        640      0.0886697       0.195097        15.6489
   640        641      0.0886697       0.195097        15.6448
   641        642      0.0886697       0.195097        15.6407
   642        643      0.0886697       0.195097        15.6366
   643        644      0.0886697       0.195097        15.6325
   644        645      0.0886697       0.195097        15.6284
   645        646      0.0886697       0.195097        15.6244
   646        647      0.0886697       0.195097        15.6203
   647        648      0.0886697       0.195097        15.6163
   648        649      0.0886697       0.195097        15.6122
   649        650      0.0886697       0.195097        15.6082
   650        651      0.0886697       0.195097        15.6042
   651        652      0.0886697       0.195097        15.6002
   652        653      0.0886697       0.195097        15.5962
   653        654      0.0886697       0.195097        15.5922
   654        655      0.0886697       0.195097        15.5882
   655        656      0.0886697       0.195097        15.5843
   656        657      0.0886697       0.195097        15.5803
   657        658      0.0886697       0.195097        15.5763
   658        659      0.0886697       0.195097        15.5724
   659        660      0.0886697       0.195097        15.5685
   660        661      0.0886697       0.195097        15.5645

                           Best        Current           Mean
Iteration   f-count         f(x)         f(x)         temperature
   661        662      0.0886697       0.195097        15.5606
   662        663      0.0886697       0.195097        15.5567
   663        664      0.0886697       0.195097        15.5528
   664        665      0.0886697       0.195097        15.5489
   665        666      0.0886697       0.195097         15.545
   666        667      0.0886697       0.195097        15.5411
   667        668      0.0886697       0.195097        15.5372
   668        669      0.0886697       0.195097        15.5334
   669        670      0.0886697       0.195097        15.5295
   670        671      0.0886697       0.195097        15.5257
   671        672      0.0886697       0.195097        15.5218
   672        673      0.0886697       0.195097         15.518
   673        674      0.0886697       0.195097        15.5142
   674        675      0.0886697       0.195097        15.5104
   675        676      0.0886697       0.195097        15.5065
   676        677      0.0886697       0.195097        15.5027
   677        678      0.0886697       0.195097         15.499
   678        679      0.0886697       0.195097        15.4952
   679        680      0.0886697       0.195097        15.4914
   680        681      0.0886697       0.195097        15.4876
   681        682      0.0886697       0.195097        15.4839
   682        683      0.0886697       0.195097        15.4801
   683        684      0.0886697       0.195097        15.4764
   684        685      0.0886697       0.195097        15.4726
   685        686      0.0886697       0.195097        15.4689
   686        687      0.0886697       0.195097        15.4652
   687        688      0.0886697       0.195097        15.4614
   688        689      0.0886697       0.195097        15.4577
   689        690      0.0886697       0.195097         15.454
   690        691      0.0886697       0.195097        15.4503

                           Best        Current           Mean
Iteration   f-count         f(x)         f(x)         temperature
   691        692      0.0886697       0.195097        15.4467
   692        693      0.0886697       0.195097         15.443
   693        694      0.0886697       0.195097        15.4393
   694        695      0.0886697       0.195097        15.4356
   695        696      0.0886697       0.195097         15.432
   696        697      0.0886697       0.195097        15.4283
   697        698      0.0886697       0.195097        15.4247
   698        699      0.0886697       0.195097        15.4211
   699        700      0.0886697       0.195097        15.4174
   700        701      0.0886697       0.195097        15.4138
   701        702      0.0886697       0.195097        15.4102
   702        703      0.0886697       0.195097        15.4066
   703        704      0.0886697       0.195097         15.403
   704        705      0.0886697       0.195097        15.3994
   705        706      0.0886697       0.195097        15.3958
   706        707      0.0886697       0.195097        15.3923
   707        708      0.0886697       0.195097        15.3887
   708        709      0.0886697       0.195097        15.3851
   709        710      0.0886697       0.195097        15.3816
   710        711      0.0886697       0.195097         15.378
   711        712      0.0886697       0.195097        15.3745
   712        713      0.0886697       0.195097        15.3709
   713        714      0.0886697       0.195097        15.3674
   714        715      0.0886697       0.195097        15.3639
   715        716      0.0886697       0.195097        15.3604
   716        717      0.0886697       0.195097        15.3569
   717        718      0.0886697       0.195097        15.3534
   718        719      0.0886697       0.195097        15.3499
   719        720      0.0886697       0.195097        15.3464
   720        721      0.0886697       0.195097        15.3429

                           Best        Current           Mean
Iteration   f-count         f(x)         f(x)         temperature
   721        722      0.0886697       0.195097        15.3394
   722        723      0.0886697       0.195097         15.336
   723        724      0.0886697       0.195097        15.3325
   724        725      0.0886697       0.195097         15.329
   725        726      0.0886697       0.195097        15.3256
   726        727      0.0886697       0.195097        15.3222
   727        728      0.0886697       0.195097        15.3187
   728        729      0.0886697       0.195097        15.3153
   729        730      0.0886697       0.195097        15.3119
   730        731      0.0886697       0.195097        15.3085
   731        732      0.0886697       0.195097        15.3051
   732        733      0.0886697       0.195097        15.3017
   733        734      0.0886697       0.195097        15.2983
   734        735      0.0886697       0.195097        15.2949
   735        736      0.0886697       0.195097        15.2915
   736        737      0.0886697       0.195097        15.2881
   737        738      0.0886697       0.195097        15.2847
   738        739      0.0886697       0.195097        15.2814
   739        740      0.0886697       0.195097         15.278
   740        741      0.0886697       0.195097        15.2747
   741        742      0.0886697       0.195097        15.2713
   742        743      0.0886697       0.195097         15.268
   743        744      0.0886697       0.195097        15.2647
   744        745      0.0886697       0.195097        15.2613
   745        746      0.0886697       0.195097         15.258
   746        747      0.0886697       0.195097        15.2547
   747        748      0.0886697       0.195097        15.2514
   748        749      0.0886697       0.195097        15.2481
   749        750      0.0886697       0.195097        15.2448
   750        751      0.0886697       0.195097        15.2415

                           Best        Current           Mean
Iteration   f-count         f(x)         f(x)         temperature
   751        752      0.0886697       0.195097        15.2382
   752        753      0.0886697       0.195097        15.2349
   753        754      0.0886697       0.195097        15.2317
   754        755      0.0886697       0.195097        15.2284
   755        756      0.0886697       0.195097        15.2252
   756        757      0.0886697       0.195097        15.2219
   757        758      0.0886697       0.195097        15.2187
   758        759      0.0886697       0.195097        15.2154
   759        760      0.0886697       0.195097        15.2122
   760        761      0.0886697       0.195097         15.209
   761        762      0.0886697       0.195097        15.2057
   762        763      0.0886697       0.195097        15.2025
   763        764      0.0886697       0.195097        15.1993
   764        765      0.0886697       0.195097        15.1961
   765        766      0.0886697       0.195097        15.1929
   766        767      0.0886697       0.195097        15.1897
   767        768      0.0886697       0.195097        15.1865
   768        769      0.0886697       0.195097        15.1833
   769        770      0.0886697       0.195097        15.1802
   770        771      0.0886697       0.195097         15.177
   771        772      0.0886697       0.195097        15.1738
   772        773      0.0886697       0.195097        15.1707
   773        774      0.0886697       0.195097        15.1675
   774        775      0.0886697       0.195097        15.1644
   775        776      0.0886697       0.195097        15.1612
   776        777      0.0886697       0.195097        15.1581
   777        778      0.0886697       0.195097        15.1549
   778        779      0.0886697       0.195097        15.1518
   779        780      0.0886697       0.195097        15.1487
   780        781      0.0886697       0.195097        15.1456

                           Best        Current           Mean
Iteration   f-count         f(x)         f(x)         temperature
   781        782      0.0886697       0.195097        15.1425
   782        783      0.0886697       0.195097        15.1394
   783        784      0.0886697       0.195097        15.1363
   784        785      0.0886697       0.195097        15.1332
   785        786      0.0886697       0.195097        15.1301
   786        787      0.0886697       0.195097         15.127
   787        788      0.0886697       0.195097        15.1239
   788        789      0.0886697       0.195097        15.1209
   789        790      0.0886697       0.195097        15.1178
   790        791      0.0886697       0.195097        15.1147
   791        792      0.0886697       0.195097        15.1117
   792        793      0.0886697       0.195097        15.1086
   793        794      0.0886697       0.195097        15.1056
   794        795      0.0886697       0.195097        15.1025
   795        796      0.0886697       0.195097        15.0995
   796        797      0.0886697       0.195097        15.0965
   797        798      0.0886697       0.195097        15.0934
   798        799      0.0886697       0.195097        15.0904
   799        800      0.0886697       0.195097        15.0874
   800        801      0.0886697       0.195097        15.0844
   801        802      0.0886697       0.195097        15.0814
   802        803      0.0886697       0.195097        15.0784
   803        804      0.0886697       0.195097        15.0754
   804        805      0.0886697       0.195097        15.0724
   805        806      0.0886697       0.195097        15.0694
   806        807      0.0886697       0.195097        15.0665
   807        808      0.0886697       0.195097        15.0635
   808        809      0.0886697       0.195097        15.0605
   809        810      0.0886697       0.195097        15.0576
   810        811      0.0886697       0.195097        15.0546

                           Best        Current           Mean
Iteration   f-count         f(x)         f(x)         temperature
   811        812      0.0886697       0.195097        15.0517
   812        813      0.0886697       0.195097        15.0487
   813        814      0.0886697       0.195097        15.0458
   814        815      0.0886697       0.195097        15.0428
   815        816      0.0886697       0.195097        15.0399
   816        817      0.0886697       0.195097         15.037
   817        818      0.0886697       0.195097         15.034
   818        819      0.0886697       0.195097        15.0311
   819        820      0.0886697       0.195097        15.0282
   820        821      0.0886697       0.195097        15.0253
   821        822      0.0886697       0.195097        15.0224
   822        823      0.0886697       0.195097        15.0195
   823        824      0.0886697       0.195097        15.0166
   824        825      0.0886697       0.195097        15.0137
   825        826      0.0886697       0.195097        15.0108
   826        827      0.0886697       0.195097         15.008
   827        828      0.0886697       0.195097        15.0051
   828        829      0.0886697       0.195097        15.0022
   829        830      0.0886697       0.195097        14.9993
   830        831      0.0886697       0.195097        14.9965
   831        832      0.0886697       0.195097        14.9936
   832        833      0.0886697       0.195097        14.9908
   833        834      0.0886697       0.195097        14.9879
   834        835      0.0886697       0.195097        14.9851
   835        836      0.0886697       0.195097        14.9823
   836        837      0.0886697       0.195097        14.9794
   837        838      0.0886697       0.195097        14.9766
   838        839      0.0886697       0.195097        14.9738
   839        840      0.0886697       0.195097         14.971
   840        841      0.0886697       0.195097        14.9681

                           Best        Current           Mean
Iteration   f-count         f(x)         f(x)         temperature
   841        842      0.0886697       0.195097        14.9653
   842        843      0.0886697       0.195097        14.9625
   843        844      0.0886697       0.195097        14.9597
   844        845      0.0886697       0.195097        14.9569
   845        846      0.0886697       0.195097        14.9541
   846        847      0.0886697       0.195097        14.9514
   847        848      0.0886697       0.195097        14.9486
   848        849      0.0886697       0.195097        14.9458
   849        850      0.0886697       0.195097         14.943
   850        851      0.0886697       0.195097        14.9403
   851        852      0.0886697       0.195097        14.9375
   852        853      0.0886697       0.195097        14.9347
   853        854      0.0886697       0.195097         14.932
   854        855      0.0886697       0.195097        14.9292
   855        856      0.0886697       0.195097        14.9265
   856        857      0.0886697       0.195097        14.9237
   857        858      0.0886697       0.195097         14.921
   858        859      0.0886697       0.195097        14.9183
   859        860      0.0886697       0.195097        14.9155
   860        861      0.0886697       0.195097        14.9128
   861        862      0.0886697       0.195097        14.9101
   862        863      0.0886697       0.195097        14.9074
   863        864      0.0886697       0.195097        14.9047
   864        865      0.0886697       0.195097         14.902
   865        866      0.0886697       0.195097        14.8993
   866        867      0.0886697       0.195097        14.8966
   867        868      0.0886697       0.195097        14.8939
   868        869      0.0886697       0.195097        14.8912
   869        870      0.0886697       0.195097        14.8885
   870        871      0.0886697       0.195097        14.8858

                           Best        Current           Mean
Iteration   f-count         f(x)         f(x)         temperature
   871        872      0.0886697       0.195097        14.8831
   872        873      0.0886697       0.195097        14.8805
   873        874      0.0886697       0.195097        14.8778
   874        875      0.0886697       0.195097        14.8751
   875        876      0.0886697       0.195097        14.8725
   876        877      0.0886697       0.195097        14.8698
   877        878      0.0886697       0.195097        14.8672
   878        879      0.0886697       0.195097        14.8645
   879        880      0.0886697       0.195097        14.8619
   880        881      0.0886697       0.195097        14.8592
   881        882      0.0886697       0.195097        14.8566
   882        883      0.0886697       0.195097         14.854
   883        884      0.0886697       0.195097        14.8513
   884        885      0.0886697       0.195097        14.8487
   885        886      0.0886697       0.195097        14.8461
   886        887      0.0886697       0.195097        14.8435
   887        888      0.0886697       0.195097        14.8409
   888        889      0.0886697       0.195097        14.8383
   889        890      0.0886697       0.195097        14.8357
   890        891      0.0886697       0.195097        14.8331
   891        892      0.0886697       0.195097        14.8305
   892        893      0.0886697       0.195097        14.8279
   893        894      0.0886697       0.195097        14.8253
   894        895      0.0886697       0.195097        14.8227
   895        896      0.0886697       0.195097        14.8201
   896        897      0.0886697       0.195097        14.8175
   897        898      0.0886697       0.195097         14.815
   898        899      0.0886697       0.195097        14.8124
   899        900      0.0886697       0.195097        14.8098
   900        901      0.0886697       0.195097        14.8073

                           Best        Current           Mean
Iteration   f-count         f(x)         f(x)         temperature
   901        902      0.0886697       0.195097        14.8047
   902        903      0.0886697       0.195097        14.8022
   903        904      0.0886697       0.195097        14.7996
   904        905      0.0886697       0.195097        14.7971
   905        906      0.0886697       0.195097        14.7945
   906        907      0.0886697       0.195097         14.792
   907        908      0.0886697       0.195097        14.7895
   908        909      0.0886697       0.195097        14.7869
   909        910      0.0886697       0.195097        14.7844
   910        911      0.0886697       0.195097        14.7819
   911        912      0.0886697       0.195097        14.7794
   912        913      0.0886697       0.195097        14.7768
   913        914      0.0886697       0.195097        14.7743
   914        915      0.0886697       0.195097        14.7718
   915        916      0.0886697       0.195097        14.7693
   916        917      0.0886697       0.195097        14.7668
   917        918      0.0886697       0.195097        14.7643
   918        919      0.0886697       0.195097        14.7618
   919        920      0.0886697       0.195097        14.7594
   920        921      0.0886697       0.195097        14.7569
   921        922      0.0886697       0.195097        14.7544
   922        923      0.0886697       0.195097        14.7519
   923        924      0.0886697       0.195097        14.7494
   924        925      0.0886697       0.195097         14.747
   925        926      0.0886697       0.195097        14.7445
   926        927      0.0886697       0.195097         14.742
   927        928      0.0886697       0.195097        14.7396
   928        929      0.0886697       0.195097        14.7371
   929        930      0.0886697       0.195097        14.7347
   930        931      0.0886697       0.195097        14.7322

                           Best        Current           Mean
Iteration   f-count         f(x)         f(x)         temperature
   931        932      0.0886697       0.195097        14.7298
   932        933      0.0886697       0.195097        14.7273
   933        934      0.0886697       0.195097        14.7249
   934        935      0.0886697       0.195097        14.7225
   935        936      0.0886697       0.195097          14.72
   936        937      0.0886697       0.195097        14.7176
   937        938      0.0886697       0.195097        14.7152
   938        939      0.0886697       0.195097        14.7128
   939        940      0.0886697       0.195097        14.7103
   940        941      0.0886697       0.195097        14.7079
   941        942      0.0886697       0.195097        14.7055
   942        943      0.0886697       0.195097        14.7031
   943        944      0.0886697       0.195097        14.7007
   944        945      0.0886697       0.195097        14.6983
   945        946      0.0886697       0.195097        14.6959
   946        947      0.0886697       0.195097        14.6935
   947        948      0.0886697       0.195097        14.6911
   948        949      0.0886697       0.195097        14.6887
   949        950      0.0886697       0.195097        14.6864
   950        951      0.0886697       0.195097         14.684
   951        952      0.0886697       0.195097        14.6816
   952        953      0.0886697       0.195097        14.6792
   953        954      0.0886697       0.195097        14.6769
   954        955      0.0886697       0.195097        14.6745
   955        956      0.0886697       0.195097        14.6721
   956        957      0.0886697       0.195097        14.6698
   957        958      0.0886697       0.195097        14.6674
   958        959      0.0886697       0.195097        14.6651
   959        960      0.0886697       0.195097        14.6627
   960        961      0.0886697       0.195097        14.6604

                           Best        Current           Mean
Iteration   f-count         f(x)         f(x)         temperature
   961        962      0.0886697       0.195097         14.658
   962        963      0.0886697       0.195097        14.6557
   963        964      0.0886697       0.195097        14.6534
   964        965      0.0886697       0.195097         14.651
   965        966      0.0886697       0.195097        14.6487
   966        967      0.0886697       0.195097        14.6464
   967        968      0.0886697       0.195097         14.644
   968        969      0.0886697       0.195097        14.6417
   969        970      0.0886697       0.195097        14.6394
   970        971      0.0886697       0.195097        14.6371
   971        972      0.0886697       0.195097        14.6348
   972        973      0.0886697       0.195097        14.6325
   973        974      0.0886697       0.195097        14.6302
   974        975      0.0886697       0.195097        14.6279
   975        976      0.0886697       0.195097        14.6256
   976        977      0.0886697       0.195097        14.6233
   977        978      0.0886697       0.195097         14.621
   978        979      0.0886697       0.195097        14.6187
   979        980      0.0886697       0.195097        14.6164
   980        981      0.0886697       0.195097        14.6142
   981        982      0.0886697       0.195097        14.6119
   982        983      0.0886697       0.195097        14.6096
   983        984      0.0886697       0.195097        14.6073
   984        985      0.0886697       0.195097        14.6051
   985        986      0.0886697       0.195097        14.6028
   986        987      0.0886697       0.195097        14.6005
   987        988      0.0886697       0.195097        14.5983
   988        989      0.0886697       0.195097         14.596
   989        990      0.0886697       0.195097        14.5938
   990        991      0.0886697       0.195097        14.5915

                           Best        Current           Mean
Iteration   f-count         f(x)         f(x)         temperature
   991        992      0.0886697       0.195097        14.5893
   992        993      0.0886697       0.195097         14.587
   993        994      0.0886697       0.195097        14.5848
   994        995      0.0886697       0.195097        14.5825
   995        996      0.0886697       0.195097        14.5803
   996        997      0.0886697       0.195097        14.5781
   997        998      0.0886697       0.195097        14.5758
   998        999      0.0886697       0.195097        14.5736
   999       1000      0.0886697       0.195097        14.5714
  1000       1001      0.0886697       0.195097        14.5692
  1001       1002      0.0886697       0.195097         14.567
  1002       1003      0.0886697       0.195097        14.5648
  1003       1004      0.0886697       0.195097        14.5625
  1004       1005      0.0886697       0.195097        14.5603
  1005       1006      0.0886697       0.195097        14.5581
  1006       1007      0.0886697       0.195097        14.5559
  1007       1008      0.0886697       0.195097        14.5537
  1008       1009      0.0886697       0.195097        14.5515
  1009       1010      0.0886697       0.195097        14.5493
  1010       1011      0.0886697       0.195097        14.5472
  1011       1012      0.0886697       0.195097         14.545
  1012       1013      0.0886697       0.195097        14.5428
  1013       1014      0.0886697       0.195097        14.5406
  1014       1015      0.0886697       0.195097        14.5384
  1015       1016      0.0886697       0.195097        14.5362
  1016       1017      0.0886697       0.195097        14.5341
  1017       1018      0.0886697       0.195097        14.5319
  1018       1019      0.0886697       0.195097        14.5297
  1019       1020      0.0886697       0.195097        14.5276
  1020       1021      0.0886697       0.195097        14.5254

                           Best        Current           Mean
Iteration   f-count         f(x)         f(x)         temperature
  1021       1022      0.0886697       0.195097        14.5233
  1022       1023      0.0886697       0.195097        14.5211
  1023       1024      0.0886697       0.195097        14.5189
  1024       1025      0.0886697       0.195097        14.5168
  1025       1026      0.0886697       0.195097        14.5146
  1026       1027      0.0886697       0.195097        14.5125
  1027       1028      0.0886697       0.195097        14.5104
  1028       1029      0.0886697       0.195097        14.5082
  1029       1030      0.0886697       0.195097        14.5061
  1030       1031      0.0886697       0.195097         14.504
  1031       1032      0.0886697       0.195097        14.5018
  1032       1033      0.0886697       0.195097        14.4997
  1033       1034      0.0886697       0.195097        14.4976
  1034       1035      0.0886697       0.195097        14.4955
  1035       1036      0.0886697       0.195097        14.4933
  1036       1037      0.0886697       0.195097        14.4912
  1037       1038      0.0886697       0.195097        14.4891
  1038       1039      0.0886697       0.195097         14.487
  1039       1040      0.0886697       0.195097        14.4849
  1040       1041      0.0886697       0.195097        14.4828
  1041       1042      0.0886697       0.195097        14.4807
  1042       1043      0.0886697       0.195097        14.4786
  1043       1044      0.0886697       0.195097        14.4765
  1044       1045      0.0886697       0.195097        14.4744
Optimization terminated: change in best function value less than options.TolFun.

vetor =

    0.2000   90.0000    0.1000    1.1300


	 HdL: 0.200  t1dt0: 90.000  L1dL0: 0.100  Alpha: 1.130
