\nSimulated Annealing...Discreted\n

	 Fitness Limit : -Inf
Diagnostic information.
	objective function = @sa_cav_y_4dof
	X0 = [  1 9 0.7 1.34 ]
Modified options:
	options.AnnealingFcn = @d_annealing_c4
	options.TemperatureFcn = @temperaturefast
	options.StallIterLimit = 1000
	options.InitialTemperature = [  100 100 100 100 ]
	options.Display = 'diagnose'
	options.ReannealInterval = 50
	options.DisplayInterval = 1 
	options.AcceptanceFcn = @acceptancesa
End of diagnostic information.


                           Best        Current           Mean
Iteration   f-count         f(x)         f(x)         temperature
     0          1            Inf            Inf            100
     1          2       0.159015       0.159015             50
     2          3       0.159015       0.159015        33.3333
     3          4       0.159015       0.159015             25
     4          5       0.159015       0.159015             20
     5          6       0.159015       0.159015        16.6667
     6          7       0.159015       0.159015        14.2857
     7          8       0.159015       0.159015           12.5
     8          9       0.159015       0.159015        11.1111
     9         10       0.159015       0.159015             10
    10         11       0.159015       0.159015        9.09091
    11         12       0.159015       0.159015        8.33333
    12         13       0.159015       0.159015        7.69231
    13         14       0.159015       0.159015        7.14286
    14         15       0.159015       0.159015        6.66667
    15         16       0.159015       0.159015           6.25
    16         17       0.159015       0.159015        5.88235
    17         18       0.159015       0.159015        5.55556
    18         19       0.159015       0.159015        5.26316
    19         20       0.159015       0.159015              5
    20         21       0.159015       0.159015         4.7619
    21         22       0.159015       0.159015        4.54545
    22         23       0.159015       0.159015        4.34783
    23         24       0.159015       0.159015        4.16667
    24         25       0.159015       0.159015              4
    25         26       0.159015       0.159015        3.84615
    26         27       0.159015       0.159015         3.7037
    27         28       0.159015       0.159015        3.57143
    28         29       0.159015       0.159015        3.44828
    29         30       0.159015       0.159015        3.33333
    30         31       0.159015       0.159015        3.22581

                           Best        Current           Mean
Iteration   f-count         f(x)         f(x)         temperature
    31         32       0.159015       0.159015          3.125
    32         33       0.159015       0.159015         3.0303
    33         34       0.159015       0.159015        2.94118
    34         35       0.159015       0.159015        2.85714
    35         36       0.159015       0.159015        2.77778
    36         37       0.159015       0.159015         2.7027
    37         38       0.159015       0.159015        2.63158
    38         39       0.159015       0.159015         2.5641
    39         40       0.159015       0.159015            2.5
    40         41       0.159015       0.159015        2.43902
    41         42       0.159015       0.159015        2.38095
    42         43       0.159015       0.159015        2.32558
    43         44       0.159015       0.159015        2.27273
    44         45       0.159015       0.159015        2.22222
    45         46       0.159015       0.159015        2.17391
    46         47       0.159015       0.159015        2.12766
    47         48       0.159015       0.159015        2.08333
    48         49       0.159015       0.159015        2.04082
    49         50       0.159015       0.159015              2
    50         51       0.159015       0.159015        1.96078
    51         52       0.159015       0.159015        1.92308
    52         53       0.159015       0.159015        1.88679
    53         54       0.159015       0.159015        1.85185
    54         55       0.159015       0.159015        1.81818
    55         56       0.159015       0.159015        1.78571
    56         57       0.159015       0.159015        1.75439
    57         58       0.159015       0.159015        1.72414
    58         59       0.159015       0.159015        1.69492
    59         60       0.159015       0.159015        1.66667
    60         61       0.159015       0.159015        1.63934

                           Best        Current           Mean
Iteration   f-count         f(x)         f(x)         temperature
    61         62       0.159015       0.159015         1.6129
    62         63       0.159015       0.159015         1.5873
    63         64       0.159015       0.159015         1.5625
    64         65       0.159015       0.159015        1.53846
    65         66       0.159015       0.159015        1.51515
    66         67       0.159015       0.159015        1.49254
    67         68       0.159015       0.159015        1.47059
    68         69       0.159015       0.159015        1.44928
    69         70       0.159015       0.159015        1.42857
    70         71       0.159015       0.159015        1.40845
    71         72       0.159015       0.159015        1.38889
    72         73       0.159015       0.159015        1.36986
    73         74       0.159015       0.159015        1.35135
    74         75       0.159015       0.159015        1.33333
    75         76       0.159015       0.159015        1.31579
    76         77       0.159015       0.159015         1.2987
    77         78       0.159015       0.159015        1.28205
    78         79       0.159015       0.159015        1.26582
    79         80       0.159015       0.159015           1.25
    80         81       0.159015       0.159015        1.23457
    81         82       0.159015       0.159015        1.21951
    82         83       0.159015       0.159015        1.20482
    83         84       0.159015       0.159015        1.19048
    84         85       0.159015       0.159015        1.17647
    85         86       0.159015       0.159015        1.16279
    86         87       0.159015       0.159015        1.14943
    87         88       0.159015       0.159015        1.13636
    88         89       0.159015       0.159015         1.1236
    89         90       0.159015       0.159015        1.11111
    90         91       0.159015       0.159015         1.0989

                           Best        Current           Mean
Iteration   f-count         f(x)         f(x)         temperature
    91         92       0.159015       0.159015        1.08696
    92         93       0.159015       0.159015        1.07527
    93         94       0.159015       0.159015        1.06383
    94         95       0.159015       0.159015        1.05263
    95         96       0.159015       0.159015        1.04167
    96         97       0.159015       0.159015        1.03093
    97         98       0.159015       0.159015        1.02041
    98         99       0.159015       0.159015         1.0101
    99        100       0.159015       0.159015              1
   100        101       0.159015       0.159015       0.990099
   101        102       0.159015       0.159015       0.980392
   102        103       0.159015       0.159015       0.970874
   103        104       0.159015       0.159015       0.961538
   104        105       0.159015       0.159015       0.952381
   105        106       0.159015       0.159015       0.943396
   106        107       0.159015       0.159015       0.934579
   107        108       0.159015       0.159015       0.925926
   108        109       0.159015       0.159015       0.917431
   109        110       0.159015       0.159015       0.909091
   110        111       0.159015       0.159015       0.900901
   111        112       0.159015       0.159015       0.892857
   112        113       0.159015       0.159015       0.884956
   113        114       0.159015       0.159015       0.877193
   114        115       0.159015       0.159015       0.869565
   115        116       0.159015       0.159015       0.862069
   116        117       0.159015       0.159015       0.854701
   117        118       0.159015       0.159015       0.847458
   118        119       0.159015       0.159015       0.840336
   119        120       0.159015       0.159015       0.833333
   120        121       0.159015       0.159015       0.826446

                           Best        Current           Mean
Iteration   f-count         f(x)         f(x)         temperature
   121        122       0.159015       0.159015       0.819672
   122        123       0.159015       0.159015       0.813008
   123        124       0.159015       0.159015       0.806452
   124        125       0.159015       0.159015            0.8
   125        126       0.159015       0.159015       0.793651
   126        127       0.159015       0.159015       0.787402
   127        128       0.159015       0.159015        0.78125
   128        129       0.159015       0.159015       0.775194
   129        130       0.159015       0.159015       0.769231
   130        131       0.159015       0.159015       0.763359
   131        132       0.159015       0.159015       0.757576
   132        133       0.159015       0.159015        0.75188
   133        134       0.159015       0.159015       0.746269
   134        135       0.159015       0.159015       0.740741
   135        136       0.159015       0.159015       0.735294
   136        137       0.159015       0.159015       0.729927
   137        138       0.159015       0.159015       0.724638
   138        139       0.159015       0.159015       0.719424
   139        140       0.159015       0.159015       0.714286
   140        141       0.159015       0.159015        0.70922
   141        142       0.159015       0.159015       0.704225
   142        143       0.159015       0.159015       0.699301
   143        144       0.159015       0.159015       0.694444
   144        145       0.159015       0.159015       0.689655
   145        146       0.159015       0.159015       0.684932
   146        147       0.159015       0.159015       0.680272
   147        148       0.159015       0.159015       0.675676
   148        149       0.159015       0.159015       0.671141
   149        150       0.159015       0.159015       0.666667
   150        151       0.159015       0.159015       0.662252

                           Best        Current           Mean
Iteration   f-count         f(x)         f(x)         temperature
   151        152       0.159015       0.159015       0.657895
   152        153       0.159015       0.159015       0.653595
   153        154       0.159015       0.159015       0.649351
   154        155       0.159015       0.159015       0.645161
   155        156       0.159015       0.159015       0.641026
   156        157       0.159015       0.159015       0.636943
   157        158       0.159015       0.159015       0.632911
   158        159       0.159015       0.159015       0.628931
   159        160       0.159015       0.159015          0.625
   160        161       0.159015       0.159015       0.621118
   161        162       0.159015       0.159015       0.617284
   162        163       0.159015       0.159015       0.613497
   163        164       0.159015       0.159015       0.609756
   164        165       0.159015       0.159015       0.606061
   165        166       0.159015       0.159015        0.60241
   166        167       0.159015       0.159015       0.598802
   167        168       0.159015       0.159015       0.595238
   168        169       0.159015       0.159015       0.591716
   169        170       0.159015       0.159015       0.588235
   170        171       0.159015       0.159015       0.584795
   171        172       0.159015       0.159015       0.581395
   172        173       0.159015       0.159015       0.578035
   173        174       0.159015       0.159015       0.574713
   174        175       0.159015       0.159015       0.571429
   175        176       0.159015       0.159015       0.568182
   176        177       0.159015       0.159015       0.564972
   177        178       0.159015       0.159015       0.561798
   178        179       0.159015       0.159015       0.558659
   179        180       0.159015       0.159015       0.555556
   180        181       0.159015       0.159015       0.552486

                           Best        Current           Mean
Iteration   f-count         f(x)         f(x)         temperature
   181        182       0.159015       0.159015       0.549451
   182        183       0.159015       0.159015       0.546448
   183        184       0.159015       0.159015       0.543478
   184        185       0.159015       0.159015       0.540541
   185        186       0.159015       0.159015       0.537634
   186        187       0.159015       0.159015       0.534759
   187        188       0.159015       0.159015       0.531915
   188        189       0.159015       0.159015       0.529101
   189        190       0.159015       0.159015       0.526316
   190        191       0.159015       0.159015        0.52356
   191        192       0.159015       0.159015       0.520833
   192        193       0.159015       0.159015       0.518135
   193        194       0.159015       0.159015       0.515464
   194        195       0.159015       0.159015       0.512821
   195        196       0.159015       0.159015       0.510204
   196        197       0.159015       0.159015       0.507614
   197        198       0.159015       0.159015       0.505051
   198        199       0.159015       0.159015       0.502513
   199        200       0.159015       0.159015            0.5
   200        201       0.159015       0.159015       0.497512
   201        202       0.159015       0.159015        0.49505
   202        203       0.159015       0.159015       0.492611
   203        204       0.159015       0.159015       0.490196
   204        205       0.159015       0.159015       0.487805
   205        206       0.159015       0.159015       0.485437
   206        207       0.159015       0.159015       0.483092
   207        208       0.159015       0.159015       0.480769
   208        209       0.159015       0.159015       0.478469
   209        210       0.159015       0.159015        0.47619
   210        211       0.159015       0.159015       0.473934

                           Best        Current           Mean
Iteration   f-count         f(x)         f(x)         temperature
   211        212       0.159015       0.159015       0.471698
   212        213       0.159015       0.159015       0.469484
   213        214       0.159015       0.159015        0.46729
   214        215       0.159015       0.159015       0.465116
   215        216       0.159015       0.159015       0.462963
   216        217       0.159015       0.159015       0.460829
   217        218       0.159015       0.159015       0.458716
   218        219       0.159015       0.159015       0.456621
   219        220       0.159015       0.159015       0.454545
   220        221       0.159015       0.159015       0.452489
   221        222       0.159015       0.159015        0.45045
   222        223       0.159015       0.159015        0.44843
   223        224       0.159015       0.159015       0.446429
   224        225       0.159015       0.159015       0.444444
   225        226       0.159015       0.159015       0.442478
   226        227       0.159015       0.159015       0.440529
   227        228       0.159015       0.159015       0.438596
   228        229       0.159015       0.159015       0.436681
   229        230       0.159015       0.159015       0.434783
   230        231       0.159015       0.159015         0.4329
   231        232       0.159015       0.159015       0.431034
   232        233       0.159015       0.159015       0.429185
   233        234       0.159015       0.159015        0.42735
   234        235       0.159015       0.159015       0.425532
   235        236       0.159015       0.159015       0.423729
   236        237       0.159015       0.159015       0.421941
   237        238       0.159015       0.159015       0.420168
   238        239       0.159015       0.159015        0.41841
   239        240       0.159015       0.159015       0.416667
   240        241       0.159015       0.159015       0.414938

                           Best        Current           Mean
Iteration   f-count         f(x)         f(x)         temperature
   241        242       0.159015       0.159015       0.413223
   242        243       0.159015       0.159015       0.411523
   243        244       0.159015       0.159015       0.409836
   244        245       0.159015       0.159015       0.408163
   245        246       0.159015       0.159015       0.406504
   246        247       0.159015       0.159015       0.404858
   247        248       0.159015       0.159015       0.403226
   248        249       0.159015       0.159015       0.401606
   249        250       0.159015       0.159015            0.4
   250        251       0.159015       0.159015       0.398406
   251        252       0.159015       0.159015       0.396825
   252        253       0.159015       0.159015       0.395257
   253        254       0.159015       0.159015       0.393701
   254        255       0.159015       0.159015       0.392157
   255        256       0.159015       0.159015       0.390625
   256        257       0.159015       0.159015       0.389105
   257        258       0.159015       0.159015       0.387597
   258        259       0.159015       0.159015         0.3861
   259        260       0.159015       0.159015       0.384615
   260        261       0.159015       0.159015       0.383142
   261        262       0.159015       0.159015       0.381679
   262        263       0.159015       0.159015       0.380228
   263        264       0.159015       0.159015       0.378788
   264        265       0.159015       0.159015       0.377358
   265        266       0.159015       0.159015        0.37594
   266        267       0.159015       0.159015       0.374532
   267        268       0.159015       0.159015       0.373134
   268        269       0.159015       0.159015       0.371747
   269        270       0.159015       0.159015        0.37037
   270        271       0.159015       0.159015       0.369004

                           Best        Current           Mean
Iteration   f-count         f(x)         f(x)         temperature
   271        272       0.159015       0.159015       0.367647
   272        273       0.159015       0.159015         0.3663
   273        274       0.159015       0.159015       0.364964
   274        275       0.159015       0.159015       0.363636
   275        276       0.159015       0.159015       0.362319
   276        277       0.159015       0.159015       0.361011
   277        278       0.159015       0.159015       0.359712
   278        279       0.159015       0.159015       0.358423
   279        280       0.159015       0.159015       0.357143
   280        281       0.159015       0.159015       0.355872
   281        282       0.159015       0.159015        0.35461
   282        283       0.159015       0.159015       0.353357
   283        284       0.159015       0.159015       0.352113
   284        285       0.159015       0.159015       0.350877
   285        286       0.159015       0.159015        0.34965
   286        287       0.159015       0.159015       0.348432
   287        288       0.159015       0.159015       0.347222
   288        289       0.159015       0.159015       0.346021
   289        290       0.159015       0.159015       0.344828
   290        291       0.159015       0.159015       0.343643
   291        292       0.159015       0.159015       0.342466
   292        293       0.159015       0.159015       0.341297
   293        294       0.159015       0.159015       0.340136
   294        295       0.159015       0.159015       0.338983
   295        296       0.159015       0.159015       0.337838
   296        297       0.159015       0.159015         0.3367
   297        298       0.159015       0.159015        0.33557
   298        299       0.159015       0.159015       0.334448
   299        300       0.159015       0.159015       0.333333
   300        301       0.159015       0.159015       0.332226

                           Best        Current           Mean
Iteration   f-count         f(x)         f(x)         temperature
   301        302       0.159015       0.159015       0.331126
   302        303       0.159015       0.159015       0.330033
   303        304       0.159015       0.159015       0.328947
   304        305       0.159015       0.159015       0.327869
   305        306       0.159015       0.159015       0.326797
   306        307       0.159015       0.159015       0.325733
   307        308       0.159015       0.159015       0.324675
   308        309       0.159015       0.159015       0.323625
   309        310       0.159015       0.159015       0.322581
   310        311       0.159015       0.159015       0.321543
   311        312       0.159015       0.159015       0.320513
   312        313       0.159015       0.159015       0.319489
   313        314       0.159015       0.159015       0.318471
   314        315       0.159015       0.159015        0.31746
   315        316       0.159015       0.159015       0.316456
   316        317       0.159015       0.159015       0.315457
   317        318       0.159015       0.159015       0.314465
   318        319       0.159015       0.159015        0.31348
   319        320       0.159015       0.159015         0.3125
   320        321       0.159015       0.159015       0.311526
   321        322       0.159015       0.159015       0.310559
   322        323       0.159015       0.159015       0.309598
   323        324       0.159015       0.159015       0.308642
   324        325       0.159015       0.159015       0.307692
   325        326       0.159015       0.159015       0.306748
   326        327       0.159015       0.159015        0.30581
   327        328       0.159015       0.159015       0.304878
   328        329       0.159015       0.159015       0.303951
   329        330       0.159015       0.159015        0.30303
   330        331       0.159015       0.159015       0.302115

                           Best        Current           Mean
Iteration   f-count         f(x)         f(x)         temperature
   331        332       0.159015       0.159015       0.301205
   332        333       0.159015       0.159015         0.3003
   333        334       0.159015       0.159015       0.299401
   334        335       0.159015       0.159015       0.298507
   335        336       0.159015       0.159015       0.297619
   336        337       0.159015       0.159015       0.296736
   337        338       0.159015       0.159015       0.295858
   338        339       0.159015       0.159015       0.294985
   339        340       0.159015       0.159015       0.294118
   340        341       0.159015       0.159015       0.293255
   341        342       0.159015       0.159015       0.292398
   342        343       0.159015       0.159015       0.291545
   343        344       0.159015       0.159015       0.290698
   344        345       0.159015       0.159015       0.289855
   345        346       0.159015       0.159015       0.289017
   346        347       0.159015       0.159015       0.288184
   347        348       0.159015       0.159015       0.287356
   348        349       0.159015       0.159015       0.286533
   349        350       0.159015       0.159015       0.285714
   350        351       0.159015       0.159015         0.2849
   351        352       0.159015       0.159015       0.284091
   352        353       0.159015       0.159015       0.283286
   353        354       0.159015       0.159015       0.282486
   354        355       0.159015       0.159015        0.28169
   355        356       0.159015       0.159015       0.280899
   356        357       0.159015       0.159015       0.280112
   357        358       0.159015       0.159015        0.27933
   358        359       0.159015       0.159015       0.278552
   359        360       0.159015       0.159015       0.277778
   360        361       0.159015       0.159015       0.277008

                           Best        Current           Mean
Iteration   f-count         f(x)         f(x)         temperature
   361        362       0.159015       0.159015       0.276243
   362        363       0.159015       0.159015       0.275482
   363        364       0.159015       0.159015       0.274725
   364        365       0.159015       0.159015       0.273973
   365        366       0.159015       0.159015       0.273224
   366        367       0.159015       0.159015        0.27248
   367        368       0.159015       0.159015       0.271739
   368        369       0.159015       0.159015       0.271003
   369        370       0.159015       0.159015        0.27027
   370        371       0.159015       0.159015       0.269542
   371        372       0.159015       0.159015       0.268817
   372        373       0.159015       0.159015       0.268097
   373        374       0.159015       0.159015        0.26738
   374        375       0.159015       0.159015       0.266667
   375        376       0.159015       0.159015       0.265957
   376        377       0.159015       0.159015       0.265252
   377        378       0.159015       0.159015        0.26455
   378        379       0.159015       0.159015       0.263852
   379        380       0.159015       0.159015       0.263158
   380        381       0.159015       0.159015       0.262467
   381        382       0.159015       0.159015        0.26178
   382        383       0.159015       0.159015       0.261097
   383        384       0.159015       0.159015       0.260417
   384        385       0.159015       0.159015        0.25974
   385        386       0.159015       0.159015       0.259067
   386        387       0.159015       0.159015       0.258398
   387        388       0.159015       0.159015       0.257732
   388        389       0.159015       0.159015       0.257069
   389        390       0.159015       0.159015        0.25641
   390        391       0.159015       0.159015       0.255754

                           Best        Current           Mean
Iteration   f-count         f(x)         f(x)         temperature
   391        392       0.159015       0.159015       0.255102
   392        393       0.159015       0.159015       0.254453
   393        394       0.159015       0.159015       0.253807
   394        395       0.159015       0.159015       0.253165
   395        396       0.159015       0.159015       0.252525
   396        397       0.159015       0.159015       0.251889
   397        398       0.159015       0.159015       0.251256
   398        399       0.159015       0.159015       0.250627
   399        400       0.159015       0.159015           0.25
   400        401       0.159015       0.159015       0.249377
   401        402       0.159015       0.159015       0.248756
   402        403       0.159015       0.159015       0.248139
   403        404       0.159015       0.159015       0.247525
   404        405       0.159015       0.159015       0.246914
   405        406       0.159015       0.159015       0.246305
   406        407       0.159015       0.159015         0.2457
   407        408       0.159015       0.159015       0.245098
   408        409       0.159015       0.159015       0.244499
   409        410       0.159015       0.159015       0.243902
   410        411       0.159015       0.159015       0.243309
   411        412       0.159015       0.159015       0.242718
   412        413       0.159015       0.159015       0.242131
   413        414       0.159015       0.159015       0.241546
   414        415       0.159015       0.159015       0.240964
   415        416       0.159015       0.159015       0.240385
   416        417       0.159015       0.159015       0.239808
   417        418       0.159015       0.159015       0.239234
   418        419       0.159015       0.159015       0.238663
   419        420       0.159015       0.159015       0.238095
   420        421       0.159015       0.159015        0.23753

                           Best        Current           Mean
Iteration   f-count         f(x)         f(x)         temperature
   421        422       0.159015       0.159015       0.236967
   422        423       0.159015       0.159015       0.236407
   423        424       0.159015       0.159015       0.235849
   424        425       0.159015       0.159015       0.235294
   425        426       0.159015       0.159015       0.234742
   426        427       0.159015       0.159015       0.234192
   427        428       0.159015       0.159015       0.233645
   428        429       0.159015       0.159015         0.2331
   429        430       0.159015       0.159015       0.232558
   430        431       0.159015       0.159015       0.232019
   431        432       0.159015       0.159015       0.231481
   432        433       0.159015       0.159015       0.230947
   433        434       0.159015       0.159015       0.230415
   434        435       0.159015       0.159015       0.229885
   435        436       0.159015       0.159015       0.229358
   436        437       0.159015       0.159015       0.228833
   437        438       0.159015       0.159015       0.228311
   438        439       0.159015       0.159015        0.22779
   439        440       0.159015       0.159015       0.227273
   440        441       0.159015       0.159015       0.226757
   441        442       0.159015       0.159015       0.226244
   442        443       0.159015       0.159015       0.225734
   443        444       0.159015       0.159015       0.225225
   444        445       0.159015       0.159015       0.224719
   445        446       0.159015       0.159015       0.224215
   446        447       0.159015       0.159015       0.223714
   447        448       0.159015       0.159015       0.223214
   448        449       0.159015       0.159015       0.222717
   449        450       0.159015       0.159015       0.222222
   450        451       0.159015       0.159015       0.221729

                           Best        Current           Mean
Iteration   f-count         f(x)         f(x)         temperature
   451        452       0.159015       0.159015       0.221239
   452        453       0.159015       0.159015       0.220751
   453        454       0.159015       0.159015       0.220264
   454        455       0.159015       0.159015        0.21978
   455        456       0.159015       0.159015       0.219298
   456        457       0.159015       0.159015       0.218818
   457        458       0.159015       0.159015       0.218341
   458        459       0.159015       0.159015       0.217865
   459        460       0.159015       0.159015       0.217391
   460        461       0.159015       0.159015        0.21692
   461        462       0.159015       0.159015        0.21645
   462        463       0.159015       0.159015       0.215983
   463        464       0.159015       0.159015       0.215517
   464        465       0.159015       0.159015       0.215054
   465        466       0.159015       0.159015       0.214592
   466        467       0.159015       0.159015       0.214133
   467        468       0.159015       0.159015       0.213675
   468        469       0.159015       0.159015        0.21322
   469        470       0.159015       0.159015       0.212766
   470        471       0.159015       0.159015       0.212314
   471        472       0.159015       0.159015       0.211864
   472        473       0.159015       0.159015       0.211416
   473        474       0.159015       0.159015        0.21097
   474        475       0.159015       0.159015       0.210526
   475        476       0.159015       0.159015       0.210084
   476        477       0.159015       0.159015       0.209644
   477        478       0.159015       0.159015       0.209205
   478        479       0.159015       0.159015       0.208768
   479        480       0.159015       0.159015       0.208333
   480        481       0.159015       0.159015         0.2079

                           Best        Current           Mean
Iteration   f-count         f(x)         f(x)         temperature
   481        482       0.159015       0.159015       0.207469
   482        483       0.159015       0.159015       0.207039
   483        484       0.159015       0.159015       0.206612
   484        485       0.159015       0.159015       0.206186
   485        486       0.159015       0.159015       0.205761
   486        487       0.159015       0.159015       0.205339
   487        488       0.159015       0.159015       0.204918
   488        489       0.159015       0.159015       0.204499
   489        490       0.159015       0.159015       0.204082
   490        491       0.159015       0.159015       0.203666
   491        492       0.159015       0.159015       0.203252
   492        493       0.159015       0.159015        0.20284
   493        494       0.159015       0.159015       0.202429
   494        495       0.159015       0.159015        0.20202
   495        496       0.159015       0.159015       0.201613
   496        497       0.159015       0.159015       0.201207
   497        498       0.159015       0.159015       0.200803
   498        499       0.159015       0.159015       0.200401
   499        500       0.159015       0.159015            0.2
   500        501       0.159015       0.159015       0.199601
   501        502       0.159015       0.159015       0.199203
   502        503       0.159015       0.159015       0.198807
   503        504       0.159015       0.159015       0.198413
   504        505       0.159015       0.159015        0.19802
   505        506       0.159015       0.159015       0.197628
   506        507       0.159015       0.159015       0.197239
   507        508       0.159015       0.159015        0.19685
   508        509       0.159015       0.159015       0.196464
   509        510       0.159015       0.159015       0.196078
   510        511       0.159015       0.159015       0.195695

                           Best        Current           Mean
Iteration   f-count         f(x)         f(x)         temperature
   511        512       0.159015       0.159015       0.195312
   512        513       0.159015       0.159015       0.194932
   513        514       0.159015       0.159015       0.194553
   514        515       0.159015       0.159015       0.194175
   515        516       0.159015       0.159015       0.193798
   516        517       0.159015       0.159015       0.193424
   517        518       0.159015       0.159015        0.19305
   518        519       0.159015       0.159015       0.192678
   519        520       0.159015       0.159015       0.192308
   520        521       0.159015       0.159015       0.191939
   521        522       0.159015       0.159015       0.191571
   522        523       0.159015       0.159015       0.191205
   523        524       0.159015       0.159015        0.19084
   524        525       0.159015       0.159015       0.190476
   525        526       0.159015       0.159015       0.190114
   526        527       0.159015       0.159015       0.189753
   527        528       0.159015       0.159015       0.189394
   528        529       0.159015       0.159015       0.189036
   529        530       0.159015       0.159015       0.188679
   530        531       0.159015       0.159015       0.188324
   531        532       0.159015       0.159015        0.18797
   532        533       0.159015       0.159015       0.187617
   533        534       0.159015       0.159015       0.187266
   534        535       0.159015       0.159015       0.186916
   535        536       0.159015       0.159015       0.186567
   536        537       0.159015       0.159015        0.18622
   537        538       0.159015       0.159015       0.185874
   538        539       0.159015       0.159015       0.185529
   539        540       0.159015       0.159015       0.185185
   540        541       0.159015       0.159015       0.184843

                           Best        Current           Mean
Iteration   f-count         f(x)         f(x)         temperature
   541        542       0.159015       0.159015       0.184502
   542        543       0.159015       0.159015       0.184162
   543        544       0.159015       0.159015       0.183824
   544        545       0.159015       0.159015       0.183486
   545        546       0.159015       0.159015        0.18315
   546        547       0.159015       0.159015       0.182815
   547        548       0.159015       0.159015       0.182482
   548        549       0.159015       0.159015       0.182149
   549        550       0.159015       0.159015       0.181818
   550        551       0.159015       0.159015       0.181488
   551        552       0.159015       0.159015       0.181159
   552        553       0.159015       0.159015       0.180832
   553        554       0.159015       0.159015       0.180505
   554        555       0.159015       0.159015        0.18018
   555        556       0.159015       0.159015       0.179856
   556        557       0.159015       0.159015       0.179533
   557        558       0.159015       0.159015       0.179211
   558        559       0.159015       0.159015       0.178891
   559        560       0.159015       0.159015       0.178571
   560        561       0.159015       0.159015       0.178253
   561        562       0.159015       0.159015       0.177936
   562        563       0.159015       0.159015        0.17762
   563        564       0.159015       0.159015       0.177305
   564        565       0.159015       0.159015       0.176991
   565        566       0.159015       0.159015       0.176678
   566        567       0.159015       0.159015       0.176367
   567        568       0.159015       0.159015       0.176056
   568        569       0.159015       0.159015       0.175747
   569        570       0.159015       0.159015       0.175439
   570        571       0.159015       0.159015       0.175131

                           Best        Current           Mean
Iteration   f-count         f(x)         f(x)         temperature
   571        572       0.159015       0.159015       0.174825
   572        573       0.159015       0.159015        0.17452
   573        574       0.159015       0.159015       0.174216
   574        575       0.159015       0.159015       0.173913
   575        576       0.159015       0.159015       0.173611
   576        577       0.159015       0.159015        0.17331
   577        578       0.159015       0.159015        0.17301
   578        579       0.159015       0.159015       0.172712
   579        580       0.159015       0.159015       0.172414
   580        581       0.159015       0.159015       0.172117
   581        582       0.159015       0.159015       0.171821
   582        583       0.159015       0.159015       0.171527
   583        584       0.159015       0.159015       0.171233
   584        585       0.159015       0.159015        0.17094
   585        586       0.159015       0.159015       0.170648
   586        587       0.159015       0.159015       0.170358
   587        588       0.159015       0.159015       0.170068
   588        589       0.159015       0.159015       0.169779
   589        590       0.159015       0.159015       0.169492
   590        591       0.159015       0.159015       0.169205
   591        592       0.159015       0.159015       0.168919
   592        593       0.159015       0.159015       0.168634
   593        594       0.159015       0.159015        0.16835
   594        595       0.159015       0.159015       0.168067
   595        596       0.159015       0.159015       0.167785
   596        597       0.159015       0.159015       0.167504
   597        598       0.159015       0.159015       0.167224
   598        599       0.159015       0.159015       0.166945
   599        600       0.159015       0.159015       0.166667
   600        601       0.159015       0.159015       0.166389

                           Best        Current           Mean
Iteration   f-count         f(x)         f(x)         temperature
   601        602       0.159015       0.159015       0.166113
   602        603       0.159015       0.159015       0.165837
   603        604       0.159015       0.159015       0.165563
   604        605       0.159015       0.159015       0.165289
   605        606       0.159015       0.159015       0.165017
   606        607       0.159015       0.159015       0.164745
   607        608       0.159015       0.159015       0.164474
   608        609       0.159015       0.159015       0.164204
   609        610       0.159015       0.159015       0.163934
   610        611       0.159015       0.159015       0.163666
   611        612       0.159015       0.159015       0.163399
   612        613       0.159015       0.159015       0.163132
   613        614       0.159015       0.159015       0.162866
   614        615       0.159015       0.159015       0.162602
   615        616       0.159015       0.159015       0.162338
   616        617       0.159015       0.159015       0.162075
   617        618       0.159015       0.159015       0.161812
   618        619       0.159015       0.159015       0.161551
   619        620       0.159015       0.159015        0.16129
   620        621       0.159015       0.159015       0.161031
   621        622       0.159015       0.159015       0.160772
   622        623       0.159015       0.159015       0.160514
   623        624       0.159015       0.159015       0.160256
   624        625       0.159015       0.159015           0.16
   625        626       0.159015       0.159015       0.159744
   626        627       0.159015       0.159015        0.15949
   627        628       0.159015       0.159015       0.159236
   628        629       0.159015       0.159015       0.158983
   629        630       0.159015       0.159015        0.15873
   630        631       0.159015       0.159015       0.158479

                           Best        Current           Mean
Iteration   f-count         f(x)         f(x)         temperature
   631        632       0.159015       0.159015       0.158228
   632        633       0.159015       0.159015       0.157978
   633        634       0.159015       0.159015       0.157729
   634        635       0.159015       0.159015        0.15748
   635        636       0.159015       0.159015       0.157233
   636        637       0.159015       0.159015       0.156986
   637        638       0.159015       0.159015        0.15674
   638        639       0.159015       0.159015       0.156495
   639        640       0.159015       0.159015        0.15625
   640        641       0.159015       0.159015       0.156006
   641        642       0.159015       0.159015       0.155763
   642        643       0.159015       0.159015       0.155521
   643        644       0.159015       0.159015        0.15528
   644        645       0.159015       0.159015       0.155039
   645        646       0.159015       0.159015       0.154799
   646        647       0.159015       0.159015        0.15456
   647        648       0.159015       0.159015       0.154321
   648        649       0.159015       0.159015       0.154083
   649        650       0.159015       0.159015       0.153846
   650        651       0.159015       0.159015        0.15361
   651        652       0.159015       0.159015       0.153374
   652        653       0.159015       0.159015       0.153139
   653        654       0.159015       0.159015       0.152905
   654        655       0.159015       0.159015       0.152672
   655        656       0.159015       0.159015       0.152439
   656        657       0.159015       0.159015       0.152207
   657        658       0.159015       0.159015       0.151976
   658        659       0.159015       0.159015       0.151745
   659        660       0.159015       0.159015       0.151515
   660        661       0.159015       0.159015       0.151286

                           Best        Current           Mean
Iteration   f-count         f(x)         f(x)         temperature
   661        662       0.159015       0.159015       0.151057
   662        663       0.159015       0.159015        0.15083
   663        664       0.159015       0.159015       0.150602
   664        665       0.159015       0.159015       0.150376
   665        666       0.159015       0.159015        0.15015
   666        667       0.159015       0.159015       0.149925
   667        668       0.159015       0.159015       0.149701
   668        669       0.159015       0.159015       0.149477
   669        670       0.159015       0.159015       0.149254
   670        671       0.159015       0.159015       0.149031
   671        672       0.159015       0.159015        0.14881
   672        673       0.159015       0.159015       0.148588
   673        674       0.159015       0.159015       0.148368
   674        675       0.159015       0.159015       0.148148
   675        676       0.159015       0.159015       0.147929
   676        677       0.159015       0.159015        0.14771
   677        678       0.159015       0.159015       0.147493
   678        679       0.159015       0.159015       0.147275
   679        680       0.159015       0.159015       0.147059
   680        681       0.159015       0.159015       0.146843
   681        682       0.159015       0.159015       0.146628
   682        683       0.159015       0.159015       0.146413
   683        684       0.159015       0.159015       0.146199
   684        685       0.159015       0.159015       0.145985
   685        686       0.159015       0.159015       0.145773
   686        687       0.159015       0.159015        0.14556
   687        688       0.159015       0.159015       0.145349
   688        689       0.159015       0.159015       0.145138
   689        690       0.159015       0.159015       0.144928
   690        691       0.159015       0.159015       0.144718

                           Best        Current           Mean
Iteration   f-count         f(x)         f(x)         temperature
   691        692       0.159015       0.159015       0.144509
   692        693       0.159015       0.159015         0.1443
   693        694       0.159015       0.159015       0.144092
   694        695       0.159015       0.159015       0.143885
   695        696       0.159015       0.159015       0.143678
   696        697       0.159015       0.159015       0.143472
   697        698       0.159015       0.159015       0.143266
   698        699       0.159015       0.159015       0.143062
   699        700       0.159015       0.159015       0.142857
   700        701       0.159015       0.159015       0.142653
   701        702       0.159015       0.159015        0.14245
   702        703       0.159015       0.159015       0.142248
   703        704       0.159015       0.159015       0.142045
   704        705       0.159015       0.159015       0.141844
   705        706       0.159015       0.159015       0.141643
   706        707       0.159015       0.159015       0.141443
   707        708       0.159015       0.159015       0.141243
   708        709       0.159015       0.159015       0.141044
   709        710       0.159015       0.159015       0.140845
   710        711       0.159015       0.159015       0.140647
   711        712       0.159015       0.159015       0.140449
   712        713       0.159015       0.159015       0.140252
   713        714       0.159015       0.159015       0.140056
   714        715       0.159015       0.159015        0.13986
   715        716       0.159015       0.159015       0.139665
   716        717       0.159015       0.159015        0.13947
   717        718       0.159015       0.159015       0.139276
   718        719       0.159015       0.159015       0.139082
   719        720       0.159015       0.159015       0.138889
   720        721       0.159015       0.159015       0.138696

                           Best        Current           Mean
Iteration   f-count         f(x)         f(x)         temperature
   721        722       0.159015       0.159015       0.138504
   722        723       0.159015       0.159015       0.138313
   723        724       0.159015       0.159015       0.138122
   724        725       0.159015       0.159015       0.137931
   725        726       0.159015       0.159015       0.137741
   726        727       0.159015       0.159015       0.137552
   727        728       0.159015       0.159015       0.137363
   728        729       0.159015       0.159015       0.137174
   729        730       0.159015       0.159015       0.136986
   730        731       0.159015       0.159015       0.136799
   731        732       0.159015       0.159015       0.136612
   732        733       0.159015       0.159015       0.136426
   733        734       0.159015       0.159015        0.13624
   734        735       0.159015       0.159015       0.136054
   735        736       0.159015       0.159015        0.13587
   736        737       0.159015       0.159015       0.135685
   737        738       0.159015       0.159015       0.135501
   738        739       0.159015       0.159015       0.135318
   739        740       0.159015       0.159015       0.135135
   740        741       0.159015       0.159015       0.134953
   741        742       0.159015       0.159015       0.134771
   742        743       0.159015       0.159015        0.13459
   743        744       0.159015       0.159015       0.134409
   744        745       0.159015       0.159015       0.134228
   745        746       0.159015       0.159015       0.134048
   746        747       0.159015       0.159015       0.133869
   747        748       0.159015       0.159015        0.13369
   748        749       0.159015       0.159015       0.133511
   749        750       0.159015       0.159015       0.133333
   750        751       0.159015       0.159015       0.133156

                           Best        Current           Mean
Iteration   f-count         f(x)         f(x)         temperature
   751        752       0.159015       0.159015       0.132979
   752        753       0.159015       0.159015       0.132802
   753        754       0.159015       0.159015       0.132626
   754        755       0.159015       0.159015        0.13245
   755        756       0.159015       0.159015       0.132275
   756        757       0.159015       0.159015         0.1321
   757        758       0.159015       0.159015       0.131926
   758        759       0.159015       0.159015       0.131752
   759        760       0.159015       0.159015       0.131579
   760        761       0.159015       0.159015       0.131406
   761        762       0.159015       0.159015       0.131234
   762        763       0.159015       0.159015       0.131062
   763        764       0.159015       0.159015        0.13089
   764        765       0.159015       0.159015       0.130719
   765        766       0.159015       0.159015       0.130548
   766        767       0.159015       0.159015       0.130378
   767        768       0.159015       0.159015       0.130208
   768        769       0.159015       0.159015       0.130039
   769        770       0.159015       0.159015        0.12987
   770        771       0.159015       0.159015       0.129702
   771        772       0.159015       0.159015       0.129534
   772        773       0.159015       0.159015       0.129366
   773        774       0.159015       0.159015       0.129199
   774        775       0.159015       0.159015       0.129032
   775        776       0.159015       0.159015       0.128866
   776        777       0.159015       0.159015         0.1287
   777        778       0.159015       0.159015       0.128535
   778        779       0.159015       0.159015        0.12837
   779        780       0.159015       0.159015       0.128205
   780        781       0.159015       0.159015       0.128041

                           Best        Current           Mean
Iteration   f-count         f(x)         f(x)         temperature
   781        782       0.159015       0.159015       0.127877
   782        783       0.159015       0.159015       0.127714
   783        784       0.159015       0.159015       0.127551
   784        785       0.159015       0.159015       0.127389
   785        786       0.159015       0.159015       0.127226
   786        787       0.159015       0.159015       0.127065
   787        788       0.159015       0.159015       0.126904
   788        789       0.159015       0.159015       0.126743
   789        790       0.159015       0.159015       0.126582
   790        791       0.159015       0.159015       0.126422
   791        792       0.159015       0.159015       0.126263
   792        793       0.159015       0.159015       0.126103
   793        794       0.159015       0.159015       0.125945
   794        795       0.159015       0.159015       0.125786
   795        796       0.159015       0.159015       0.125628
   796        797       0.159015       0.159015       0.125471
   797        798       0.159015       0.159015       0.125313
   798        799       0.159015       0.159015       0.125156
   799        800       0.159015       0.159015          0.125
   800        801       0.159015       0.159015       0.124844
   801        802       0.159015       0.159015       0.124688
   802        803       0.159015       0.159015       0.124533
   803        804       0.159015       0.159015       0.124378
   804        805       0.159015       0.159015       0.124224
   805        806       0.159015       0.159015       0.124069
   806        807       0.159015       0.159015       0.123916
   807        808       0.159015       0.159015       0.123762
   808        809       0.159015       0.159015       0.123609
   809        810       0.159015       0.159015       0.123457
   810        811       0.159015       0.159015       0.123305

                           Best        Current           Mean
Iteration   f-count         f(x)         f(x)         temperature
   811        812       0.159015       0.159015       0.123153
   812        813       0.159015       0.159015       0.123001
   813        814       0.159015       0.159015        0.12285
   814        815       0.159015       0.159015       0.122699
   815        816       0.159015       0.159015       0.122549
   816        817       0.159015       0.159015       0.122399
   817        818       0.159015       0.159015       0.122249
   818        819       0.159015       0.159015         0.1221
   819        820       0.159015       0.159015       0.121951
   820        821       0.159015       0.159015       0.121803
   821        822       0.159015       0.159015       0.121655
   822        823       0.159015       0.159015       0.121507
   823        824       0.159015       0.159015       0.121359
   824        825       0.159015       0.159015       0.121212
   825        826       0.159015       0.159015       0.121065
   826        827       0.159015       0.159015       0.120919
   827        828       0.159015       0.159015       0.120773
   828        829       0.159015       0.159015       0.120627
   829        830       0.159015       0.159015       0.120482
   830        831       0.159015       0.159015       0.120337
   831        832       0.159015       0.159015       0.120192
   832        833       0.159015       0.159015       0.120048
   833        834       0.159015       0.159015       0.119904
   834        835       0.159015       0.159015        0.11976
   835        836       0.159015       0.159015       0.119617
   836        837       0.159015       0.159015       0.119474
   837        838       0.159015       0.159015       0.119332
   838        839       0.159015       0.159015        0.11919
   839        840       0.159015       0.159015       0.119048
   840        841       0.159015       0.159015       0.118906

                           Best        Current           Mean
Iteration   f-count         f(x)         f(x)         temperature
   841        842       0.159015       0.159015       0.118765
   842        843       0.159015       0.159015       0.118624
   843        844       0.159015       0.159015       0.118483
   844        845       0.159015       0.159015       0.118343
   845        846       0.159015       0.159015       0.118203
   846        847       0.159015       0.159015       0.118064
   847        848       0.159015       0.159015       0.117925
   848        849       0.159015       0.159015       0.117786
   849        850       0.159015       0.159015       0.117647
   850        851       0.159015       0.159015       0.117509
   851        852       0.159015       0.159015       0.117371
   852        853       0.159015       0.159015       0.117233
   853        854       0.159015       0.159015       0.117096
   854        855       0.159015       0.159015       0.116959
   855        856       0.159015       0.159015       0.116822
   856        857       0.159015       0.159015       0.116686
   857        858       0.159015       0.159015        0.11655
   858        859       0.159015       0.159015       0.116414
   859        860       0.159015       0.159015       0.116279
   860        861       0.159015       0.159015       0.116144
   861        862       0.159015       0.159015       0.116009
   862        863       0.159015       0.159015       0.115875
   863        864       0.159015       0.159015       0.115741
   864        865       0.159015       0.159015       0.115607
   865        866       0.159015       0.159015       0.115473
   866        867       0.159015       0.159015        0.11534
   867        868       0.159015       0.159015       0.115207
   868        869       0.159015       0.159015       0.115075
   869        870       0.159015       0.159015       0.114943
   870        871       0.159015       0.159015       0.114811

                           Best        Current           Mean
Iteration   f-count         f(x)         f(x)         temperature
   871        872       0.159015       0.159015       0.114679
   872        873       0.159015       0.159015       0.114548
   873        874       0.159015       0.159015       0.114416
   874        875       0.159015       0.159015       0.114286
   875        876       0.159015       0.159015       0.114155
   876        877       0.159015       0.159015       0.114025
   877        878       0.159015       0.159015       0.113895
   878        879       0.159015       0.159015       0.113766
   879        880       0.159015       0.159015       0.113636
   880        881       0.159015       0.159015       0.113507
   881        882       0.159015       0.159015       0.113379
   882        883       0.159015       0.159015        0.11325
   883        884       0.159015       0.159015       0.113122
   884        885       0.159015       0.159015       0.112994
   885        886       0.159015       0.159015       0.112867
   886        887       0.159015       0.159015        0.11274
   887        888       0.159015       0.159015       0.112613
   888        889       0.159015       0.159015       0.112486
   889        890       0.159015       0.159015        0.11236
   890        891       0.159015       0.159015       0.112233
   891        892       0.159015       0.159015       0.112108
   892        893       0.159015       0.159015       0.111982
   893        894       0.159015       0.159015       0.111857
   894        895       0.159015       0.159015       0.111732
   895        896       0.159015       0.159015       0.111607
   896        897       0.159015       0.159015       0.111483
   897        898       0.159015       0.159015       0.111359
   898        899       0.159015       0.159015       0.111235
   899        900       0.159015       0.159015       0.111111
   900        901       0.159015       0.159015       0.110988

                           Best        Current           Mean
Iteration   f-count         f(x)         f(x)         temperature
   901        902       0.159015       0.159015       0.110865
   902        903       0.159015       0.159015       0.110742
   903        904       0.159015       0.159015       0.110619
   904        905       0.159015       0.159015       0.110497
   905        906       0.159015       0.159015       0.110375
   906        907       0.159015       0.159015       0.110254
   907        908       0.159015       0.159015       0.110132
   908        909       0.159015       0.159015       0.110011
   909        910       0.159015       0.159015        0.10989
   910        911       0.159015       0.159015       0.109769
   911        912       0.159015       0.159015       0.109649
   912        913       0.159015       0.159015       0.109529
   913        914       0.159015       0.159015       0.109409
   914        915       0.159015       0.159015        0.10929
   915        916       0.159015       0.159015        0.10917
   916        917       0.159015       0.159015       0.109051
   917        918       0.159015       0.159015       0.108932
   918        919       0.159015       0.159015       0.108814
   919        920       0.159015       0.159015       0.108696
   920        921       0.159015       0.159015       0.108578
   921        922       0.159015       0.159015        0.10846
   922        923       0.159015       0.159015       0.108342
   923        924       0.159015       0.159015       0.108225
   924        925       0.159015       0.159015       0.108108
   925        926       0.159015       0.159015       0.107991
   926        927       0.159015       0.159015       0.107875
   927        928       0.159015       0.159015       0.107759
   928        929       0.159015       0.159015       0.107643
   929        930       0.159015       0.159015       0.107527
   930        931       0.159015       0.159015       0.107411

                           Best        Current           Mean
Iteration   f-count         f(x)         f(x)         temperature
   931        932       0.159015       0.159015       0.107296
   932        933       0.159015       0.159015       0.107181
   933        934       0.159015       0.159015       0.107066
   934        935       0.159015       0.159015       0.106952
   935        936       0.159015       0.159015       0.106838
   936        937       0.159015       0.159015       0.106724
   937        938       0.159015       0.159015        0.10661
   938        939       0.159015       0.159015       0.106496
   939        940       0.159015       0.159015       0.106383
   940        941       0.159015       0.159015        0.10627
   941        942       0.159015       0.159015       0.106157
   942        943       0.159015       0.159015       0.106045
   943        944       0.159015       0.159015       0.105932
   944        945       0.159015       0.159015        0.10582
   945        946       0.159015       0.159015       0.105708
   946        947       0.159015       0.159015       0.105597
   947        948       0.159015       0.159015       0.105485
   948        949       0.159015       0.159015       0.105374
   949        950       0.159015       0.159015       0.105263
   950        951       0.159015       0.159015       0.105152
   951        952       0.159015       0.159015       0.105042
   952        953       0.159015       0.159015       0.104932
   953        954       0.159015       0.159015       0.104822
   954        955       0.159015       0.159015       0.104712
   955        956       0.159015       0.159015       0.104603
   956        957       0.159015       0.159015       0.104493
   957        958       0.159015       0.159015       0.104384
   958        959       0.159015       0.159015       0.104275
   959        960       0.159015       0.159015       0.104167
   960        961       0.159015       0.159015       0.104058

                           Best        Current           Mean
Iteration   f-count         f(x)         f(x)         temperature
   961        962       0.159015       0.159015        0.10395
   962        963       0.159015       0.159015       0.103842
   963        964       0.159015       0.159015       0.103734
   964        965       0.159015       0.159015       0.103627
   965        966       0.159015       0.159015        0.10352
   966        967       0.159015       0.159015       0.103413
   967        968       0.159015       0.159015       0.103306
   968        969       0.159015       0.159015       0.103199
   969        970       0.159015       0.159015       0.103093
   970        971       0.159015       0.159015       0.102987
   971        972       0.159015       0.159015       0.102881
   972        973       0.159015       0.159015       0.102775
   973        974       0.159015       0.159015       0.102669
   974        975       0.159015       0.159015       0.102564
   975        976       0.159015       0.159015       0.102459
   976        977       0.159015       0.159015       0.102354
   977        978       0.159015       0.159015       0.102249
   978        979       0.159015       0.159015       0.102145
   979        980       0.159015       0.159015       0.102041
   980        981       0.159015       0.159015       0.101937
   981        982       0.159015       0.159015       0.101833
   982        983       0.159015       0.159015       0.101729
   983        984       0.159015       0.159015       0.101626
   984        985       0.159015       0.159015       0.101523
   985        986       0.159015       0.159015        0.10142
   986        987       0.159015       0.159015       0.101317
   987        988       0.159015       0.159015       0.101215
   988        989       0.159015       0.159015       0.101112
   989        990       0.159015       0.159015        0.10101
   990        991       0.159015       0.159015       0.100908

                           Best        Current           Mean
Iteration   f-count         f(x)         f(x)         temperature
   991        992       0.159015       0.159015       0.100806
   992        993       0.159015       0.159015       0.100705
   993        994       0.159015       0.159015       0.100604
   994        995       0.159015       0.159015       0.100503
   995        996       0.159015       0.159015       0.100402
   996        997       0.159015       0.159015       0.100301
   997        998       0.159015       0.159015         0.1002
   998        999       0.159015       0.159015         0.1001
   999       1000       0.159015       0.159015            0.1
  1000       1001       0.159015       0.159015      0.0999001
  1001       1002       0.159015       0.159015      0.0998004
Optimization terminated: change in best function value less than options.TolFun.

vetor =

    0.2000    4.0000    0.5000    1.4000


	 HdL: 0.200  t1dt0: 4.000  L1dL0: 0.500  Alpha: 1.400
