\nSimulated Annealing...Discreted\n

	 Fitness Limit : -Inf
Diagnostic information.
	objective function = @sa_cav_y_4dof
	X0 = [  5 17 0.005 1.11 ]
Modified options:
	options.AnnealingFcn = @d_annealing_c4
	options.TemperatureFcn = @temperatureexp
	options.StallIterLimit = 1000
	options.InitialTemperature = [  100 100 100 100 ]
	options.Display = 'diagnose'
	options.ReannealInterval = 25
	options.DisplayInterval = 1 
	options.AcceptanceFcn = @acceptancesa
End of diagnostic information.


                           Best        Current           Mean
Iteration   f-count         f(x)         f(x)         temperature
     0          1            Inf            Inf            100
     1          2       0.198613       0.198613          90.25
     2          3       0.198613       0.198613        85.7375
     3          4       0.198613       0.320806        81.4506
     4          5       0.198613       0.264117        77.3781
     5          6       0.152963       0.152963        73.5092
     6          7       0.152963       0.324164        69.8337
     7          8       0.152963       0.324164         66.342
[Warning: Unable to complete the meshing step. Please try the alternate mesher version that can be selected in pdetool using the Mesh Parameters dialog or in the initmesh function using
the 'MesherVersion', 'R2013a' option.] 
     8          9       0.152963       0.324164        63.0249
     9         10       0.104428       0.104428        59.8737
    10         11       0.104428       0.104428          56.88
    11         12       0.104428       0.104428         54.036
    12         13       0.104428       0.104428        51.3342
    13         14       0.100477       0.100477        48.7675
    14         15       0.100477       0.100477        46.3291
    15         16       0.100477       0.142706        44.0127
    16         17      0.0863286      0.0863286         41.812
    17         18      0.0863286      0.0863286        39.7214
    18         19      0.0863286      0.0863286        37.7354
    19         20      0.0863286        0.10887        35.8486
    20         21      0.0863286        0.10887        34.0562
    21         22      0.0863286       0.351502        32.3534
    22         23      0.0863286        1.79237        30.7357
    23         24      0.0863286       0.159584        29.1989
    24         25      0.0863286       0.154117         27.739
    25         26      0.0863286       0.154117         26.352
    26         27      0.0863286       0.142777        25.0344
    27         28      0.0863286       0.250801        23.7827
    28         29      0.0863286       0.250801        22.5936
    29         30      0.0863286       0.132032        21.4639
    30         31      0.0863286      0.0952537        20.3907

                           Best        Current           Mean
Iteration   f-count         f(x)         f(x)         temperature
    31         32      0.0863286       0.133617        19.3711
    32         33      0.0863286       0.133617        18.4026
    33         34      0.0863286       0.133617        17.4825
    34         35      0.0863286        1.68253        16.6083
    35         36      0.0863286       0.117027        15.7779
    36         37      0.0863286       0.133197         14.989
    37         38      0.0863286       0.155722        14.2396
*   38         39      0.0863286       0.130426             95
    39         40      0.0863286       0.130426          90.25
    40         41      0.0863286       0.260169        85.7375
    41         42      0.0863286       0.260169        81.4506
    42         43      0.0863286       0.260169        77.3781
    43         44      0.0863286       0.192217        73.5092
    44         45      0.0863286       0.192217        69.8337
    45         46      0.0806024      0.0806024         66.342
    46         47      0.0806024       0.517816        63.0249
    47         48      0.0806024        0.16405        59.8737
    48         49      0.0806024        0.16405          56.88
    49         50      0.0806024       0.345316         54.036
    50         51      0.0806024       0.142124        51.3342
    51         52      0.0806024        0.37415        48.7675
    52         53      0.0806024        0.37415        46.3291
    53         54      0.0806024       0.593583        44.0127
    54         55      0.0806024       0.123581         41.812
    55         56      0.0806024       0.123581        39.7214
    56         57      0.0806024       0.123581        37.7354
    57         58      0.0806024       0.123581        35.8486
    58         59      0.0806024       0.202644        34.0562
    59         60      0.0806024       0.202644        32.3534
    60         61      0.0806024       0.202644        30.7357

                           Best        Current           Mean
Iteration   f-count         f(x)         f(x)         temperature
    61         62      0.0806024       0.202644        29.1989
    62         63      0.0806024       0.202644         27.739
    63         64      0.0806024       0.202644         26.352
    64         65      0.0806024       0.202644        25.0344
    65         66      0.0806024       0.202644        23.7827
    66         67      0.0806024       0.202644        22.5936
    67         68      0.0806024       0.202644        21.4639
    68         69      0.0806024       0.202644        20.3907
    69         70      0.0806024       0.202644        19.3711
    70         71      0.0806024       0.202644        18.4026
    71         72      0.0806024       0.202644        17.4825
    72         73      0.0806024       0.202644        16.6083
    73         74      0.0806024       0.202644        15.7779
    74         75      0.0806024       0.202644         14.989
    75         76      0.0806024       0.202644        14.2396
    76         77      0.0806024       0.202644        13.5276
    77         78      0.0806024       0.202644        12.8512
    78         79      0.0806024       0.202644        12.2087
    79         80      0.0806024       0.202644        11.5982
    80         81      0.0806024       0.202644        11.0183
    81         82      0.0806024       0.202644        10.4674
    82         83      0.0806024       0.202644        9.94403
    83         84      0.0806024       0.202644        9.44682
    84         85      0.0806024       0.202644        8.97448
    85         86      0.0806024       0.202644        8.52576
    86         87      0.0806024       0.202644        8.09947
    87         88      0.0806024       0.202644         7.6945
    88         89      0.0806024       0.202644        7.30977
    89         90      0.0806024       0.202644        6.94428
    90         91      0.0806024       0.202644        6.59707

                           Best        Current           Mean
Iteration   f-count         f(x)         f(x)         temperature
    91         92      0.0806024       0.202644        6.26722
    92         93      0.0806024       0.202644        5.95386
    93         94      0.0806024       0.202644        5.65616
    94         95      0.0806024       0.202644        5.37335
    95         96      0.0806024       0.202644        5.10469
    96         97      0.0806024       0.202644        4.84945
    97         98      0.0806024       0.202644        4.60698
    98         99      0.0806024       0.202644        4.37663
    99        100      0.0806024       0.202644         4.1578
   100        101      0.0806024       0.202644        3.94991
   101        102      0.0806024       0.202644        3.75241
   102        103      0.0806024       0.202644        3.56479
   103        104      0.0806024       0.202644        3.38655
   104        105      0.0806024       0.202644        3.21723
   105        106      0.0806024       0.202644        3.05636
   106        107      0.0806024       0.202644        2.90355
   107        108      0.0806024       0.202644        2.75837
   108        109      0.0806024       0.202644        2.62045
   109        110      0.0806024       0.202644        2.48943
   110        111      0.0806024       0.202644        2.36496
   111        112      0.0806024       0.202644        2.24671
   112        113      0.0806024       0.202644        2.13437
   113        114      0.0806024       0.202644        2.02765
   114        115      0.0806024       0.202644        1.92627
   115        116      0.0806024       0.202644        1.82996
   116        117      0.0806024       0.202644        1.73846
   117        118      0.0806024       0.202644        1.65154
   118        119      0.0806024       0.202644        1.56896
   119        120      0.0806024       0.202644        1.49051
   120        121      0.0806024       0.202644        1.41599

                           Best        Current           Mean
Iteration   f-count         f(x)         f(x)         temperature
   121        122      0.0806024       0.202644        1.34519
   122        123      0.0806024       0.202644        1.27793
   123        124      0.0806024       0.202644        1.21403
   124        125      0.0806024       0.202644        1.15333
   125        126      0.0806024       0.202644        1.09566
   126        127      0.0806024       0.202644        1.04088
   127        128      0.0806024       0.202644       0.988836
   128        129      0.0806024       0.202644       0.939395
   129        130      0.0806024       0.202644       0.892425
   130        131      0.0806024       0.202644       0.847804
   131        132      0.0806024       0.202644       0.805413
   132        133      0.0806024       0.202644       0.765143
   133        134      0.0806024       0.202644       0.726886
   134        135      0.0806024       0.202644       0.690541
   135        136      0.0806024       0.202644       0.656014
   136        137      0.0806024       0.202644       0.623214
   137        138      0.0806024       0.202644       0.592053
   138        139      0.0806024       0.202644        0.56245
   139        140      0.0806024       0.202644       0.534328
   140        141      0.0806024       0.202644       0.507611
   141        142      0.0806024       0.202644       0.482231
   142        143      0.0806024       0.202644       0.458119
   143        144      0.0806024       0.202644       0.435213
   144        145      0.0806024       0.202644       0.413453
   145        146      0.0806024       0.202644        0.39278
   146        147      0.0806024       0.202644       0.373141
   147        148      0.0806024       0.202644       0.354484
   148        149      0.0806024       0.202644        0.33676
   149        150      0.0806024       0.202644       0.319922
   150        151      0.0806024       0.202644       0.303926

                           Best        Current           Mean
Iteration   f-count         f(x)         f(x)         temperature
   151        152      0.0806024       0.202644       0.288729
   152        153      0.0806024       0.202644       0.274293
   153        154      0.0806024       0.202644       0.260578
   154        155      0.0806024       0.202644       0.247549
   155        156      0.0806024       0.202644       0.235172
   156        157      0.0806024       0.202644       0.223413
   157        158      0.0806024       0.202644       0.212243
   158        159      0.0806024       0.202644       0.201631
   159        160      0.0806024       0.202644       0.191549
   160        161      0.0806024       0.202644       0.181972
   161        162      0.0806024       0.202644       0.172873
   162        163      0.0806024       0.202644       0.164229
   163        164      0.0806024       0.202644       0.156018
   164        165      0.0806024       0.202644       0.148217
   165        166      0.0806024       0.202644       0.140806
   166        167      0.0806024       0.202644       0.133766
   167        168      0.0806024       0.202644       0.127078
   168        169      0.0806024       0.202644       0.120724
   169        170      0.0806024       0.202644       0.114687
   170        171      0.0806024       0.202644       0.108953
   171        172      0.0806024       0.202644       0.103505
   172        173      0.0806024       0.202644      0.0983302
   173        174      0.0806024       0.202644      0.0934136
   174        175      0.0806024       0.202644       0.088743
   175        176      0.0806024       0.202644      0.0843058
   176        177      0.0806024       0.202644      0.0800905
   177        178      0.0806024       0.202644       0.076086
   178        179      0.0806024       0.202644      0.0722817
   179        180      0.0806024       0.202644      0.0686676
   180        181      0.0806024       0.202644      0.0652342

                           Best        Current           Mean
Iteration   f-count         f(x)         f(x)         temperature
   181        182      0.0806024       0.202644      0.0619725
   182        183      0.0806024       0.202644      0.0588739
   183        184      0.0806024       0.202644      0.0559302
   184        185      0.0806024       0.202644      0.0531337
   185        186      0.0806024       0.202644       0.050477
   186        187      0.0806024       0.202644      0.0479532
   187        188      0.0806024       0.202644      0.0455555
   188        189      0.0806024       0.202644      0.0432777
   189        190      0.0806024       0.202644      0.0411138
   190        191      0.0806024       0.202644      0.0390581
   191        192      0.0806024       0.202644      0.0371052
   192        193      0.0806024       0.202644        0.03525
   193        194      0.0806024       0.202644      0.0334875
   194        195      0.0806024       0.202644      0.0318131
   195        196      0.0806024       0.202644      0.0302224
   196        197      0.0806024       0.202644      0.0287113
   197        198      0.0806024       0.202644      0.0272758
   198        199      0.0806024       0.202644       0.025912
   199        200      0.0806024       0.202644      0.0246164
   200        201      0.0806024       0.202644      0.0233856
   201        202      0.0806024       0.202644      0.0222163
   202        203      0.0806024       0.202644      0.0211055
   203        204      0.0806024       0.202644      0.0200502
   204        205      0.0806024       0.202644      0.0190477
   205        206      0.0806024       0.202644      0.0180953
   206        207      0.0806024       0.202644      0.0171905
   207        208      0.0806024       0.202644       0.016331
   208        209      0.0806024       0.202644      0.0155145
   209        210      0.0806024       0.202644      0.0147387
   210        211      0.0806024       0.202644      0.0140018

                           Best        Current           Mean
Iteration   f-count         f(x)         f(x)         temperature
   211        212      0.0806024       0.202644      0.0133017
   212        213      0.0806024       0.202644      0.0126366
   213        214      0.0806024       0.202644      0.0120048
   214        215      0.0806024       0.202644      0.0114045
   215        216      0.0806024       0.202644      0.0108343
   216        217      0.0806024       0.202644      0.0102926
   217        218      0.0806024       0.202644     0.00977798
   218        219      0.0806024       0.202644     0.00928908
   219        220      0.0806024       0.202644     0.00882462
   220        221      0.0806024       0.202644     0.00838339
   221        222      0.0806024       0.202644     0.00796422
   222        223      0.0806024       0.202644     0.00756601
   223        224      0.0806024       0.202644     0.00718771
   224        225      0.0806024       0.202644     0.00682833
   225        226      0.0806024       0.202644     0.00648691
   226        227      0.0806024       0.202644     0.00616256
   227        228      0.0806024       0.202644     0.00585444
   228        229      0.0806024       0.202644     0.00556171
   229        230      0.0806024       0.202644     0.00528363
   230        231      0.0806024       0.202644     0.00501945
   231        232      0.0806024       0.202644     0.00476847
   232        233      0.0806024       0.202644     0.00453005
   233        234      0.0806024       0.202644     0.00430355
   234        235      0.0806024       0.202644     0.00408837
   235        236      0.0806024       0.202644     0.00388395
   236        237      0.0806024       0.202644     0.00368975
   237        238      0.0806024       0.202644     0.00350527
   238        239      0.0806024       0.202644        0.00333
   239        240      0.0806024       0.202644      0.0031635
   240        241      0.0806024       0.202644     0.00300533

                           Best        Current           Mean
Iteration   f-count         f(x)         f(x)         temperature
   241        242      0.0806024       0.202644     0.00285506
   242        243      0.0806024       0.202644     0.00271231
   243        244      0.0806024       0.202644     0.00257669
   244        245      0.0806024       0.202644     0.00244786
   245        246      0.0806024       0.202644     0.00232547
   246        247      0.0806024       0.202644     0.00220919
   247        248      0.0806024       0.202644     0.00209873
   248        249      0.0806024       0.202644      0.0019938
   249        250      0.0806024       0.202644     0.00189411
   250        251      0.0806024       0.202644      0.0017994
   251        252      0.0806024       0.202644     0.00170943
   252        253      0.0806024       0.202644     0.00162396
   253        254      0.0806024       0.202644     0.00154276
   254        255      0.0806024       0.202644     0.00146562
   255        256      0.0806024       0.202644     0.00139234
   256        257      0.0806024       0.202644     0.00132272
   257        258      0.0806024       0.202644     0.00125659
   258        259      0.0806024       0.202644     0.00119376
   259        260      0.0806024       0.202644     0.00113407
   260        261      0.0806024       0.202644     0.00107737
   261        262      0.0806024       0.202644      0.0010235
   262        263      0.0806024       0.202644    0.000972324
   263        264      0.0806024       0.202644    0.000923708
   264        265      0.0806024       0.202644    0.000877523
   265        266      0.0806024       0.202644    0.000833647
   266        267      0.0806024       0.202644    0.000791964
   267        268      0.0806024       0.202644    0.000752366
   268        269      0.0806024       0.202644    0.000714748
   269        270      0.0806024       0.202644     0.00067901
   270        271      0.0806024       0.202644     0.00064506

                           Best        Current           Mean
Iteration   f-count         f(x)         f(x)         temperature
   271        272      0.0806024       0.202644    0.000612807
   272        273      0.0806024       0.202644    0.000582167
   273        274      0.0806024       0.202644    0.000553058
   274        275      0.0806024       0.202644    0.000525405
   275        276      0.0806024       0.202644    0.000499135
   276        277      0.0806024       0.202644    0.000474178
   277        278      0.0806024       0.202644    0.000450469
   278        279      0.0806024       0.202644    0.000427946
   279        280      0.0806024       0.202644    0.000406549
   280        281      0.0806024       0.202644    0.000386221
   281        282      0.0806024       0.202644     0.00036691
   282        283      0.0806024       0.202644    0.000348565
   283        284      0.0806024       0.202644    0.000331136
   284        285      0.0806024       0.202644     0.00031458
   285        286      0.0806024       0.202644    0.000298851
   286        287      0.0806024       0.202644    0.000283908
   287        288      0.0806024       0.202644    0.000269713
   288        289      0.0806024       0.202644    0.000256227
   289        290      0.0806024       0.202644    0.000243416
   290        291      0.0806024       0.202644    0.000231245
   291        292      0.0806024       0.202644    0.000219683
   292        293      0.0806024       0.202644    0.000208699
   293        294      0.0806024       0.202644    0.000198264
   294        295      0.0806024       0.202644     0.00018835
   295        296      0.0806024       0.202644    0.000178933
   296        297      0.0806024       0.202644    0.000169986
   297        298      0.0806024       0.202644    0.000161487
   298        299      0.0806024       0.202644    0.000153413
   299        300      0.0806024       0.202644    0.000145742
   300        301      0.0806024       0.202644    0.000138455

                           Best        Current           Mean
Iteration   f-count         f(x)         f(x)         temperature
   301        302      0.0806024       0.202644    0.000131532
   302        303      0.0806024       0.202644    0.000124956
   303        304      0.0806024       0.202644    0.000118708
   304        305      0.0806024       0.202644    0.000112772
   305        306      0.0806024       0.202644    0.000107134
   306        307      0.0806024       0.202644    0.000101777
   307        308      0.0806024       0.202644    9.66882e-05
   308        309      0.0806024       0.202644    9.18538e-05
   309        310      0.0806024       0.202644    8.72611e-05
   310        311      0.0806024       0.202644     8.2898e-05
   311        312      0.0806024       0.202644    7.87531e-05
   312        313      0.0806024       0.202644    7.48155e-05
   313        314      0.0806024       0.202644    7.10747e-05
   314        315      0.0806024       0.202644     6.7521e-05
   315        316      0.0806024       0.202644    6.41449e-05
   316        317      0.0806024       0.202644    6.09377e-05
   317        318      0.0806024       0.202644    5.78908e-05
   318        319      0.0806024       0.202644    5.49963e-05
   319        320      0.0806024       0.202644    5.22464e-05
   320        321      0.0806024       0.202644    4.96341e-05
   321        322      0.0806024       0.202644    4.71524e-05
   322        323      0.0806024       0.202644    4.47948e-05
   323        324      0.0806024       0.202644    4.25551e-05
   324        325      0.0806024       0.202644    4.04273e-05
   325        326      0.0806024       0.202644    3.84059e-05
   326        327      0.0806024       0.202644    3.64856e-05
   327        328      0.0806024       0.202644    3.46614e-05
   328        329      0.0806024       0.202644    3.29283e-05
   329        330      0.0806024       0.202644    3.12819e-05
   330        331      0.0806024       0.202644    2.97178e-05

                           Best        Current           Mean
Iteration   f-count         f(x)         f(x)         temperature
   331        332      0.0806024       0.202644    2.82319e-05
   332        333      0.0806024       0.202644    2.68203e-05
   333        334      0.0806024       0.202644    2.54793e-05
   334        335      0.0806024       0.202644    2.42053e-05
   335        336      0.0806024       0.202644    2.29951e-05
   336        337      0.0806024       0.202644    2.18453e-05
   337        338      0.0806024       0.202644     2.0753e-05
   338        339      0.0806024       0.202644    1.97154e-05
   339        340      0.0806024       0.202644    1.87296e-05
   340        341      0.0806024       0.202644    1.77931e-05
   341        342      0.0806024       0.202644    1.69035e-05
   342        343      0.0806024       0.202644    1.60583e-05
   343        344      0.0806024       0.202644    1.52554e-05
   344        345      0.0806024       0.202644    1.44926e-05
   345        346      0.0806024       0.202644     1.3768e-05
   346        347      0.0806024       0.202644    1.30796e-05
   347        348      0.0806024       0.202644    1.24256e-05
   348        349      0.0806024       0.202644    1.18043e-05
   349        350      0.0806024       0.202644    1.12141e-05
   350        351      0.0806024       0.202644    1.06534e-05
   351        352      0.0806024       0.202644    1.01207e-05
   352        353      0.0806024       0.202644     9.6147e-06
   353        354      0.0806024       0.202644    9.13396e-06
   354        355      0.0806024       0.202644    8.67727e-06
   355        356      0.0806024       0.202644     8.2434e-06
   356        357      0.0806024       0.202644    7.83123e-06
   357        358      0.0806024       0.202644    7.43967e-06
   358        359      0.0806024       0.202644    7.06769e-06
   359        360      0.0806024       0.202644     6.7143e-06
   360        361      0.0806024       0.202644    6.37859e-06

                           Best        Current           Mean
Iteration   f-count         f(x)         f(x)         temperature
   361        362      0.0806024       0.202644    6.05966e-06
   362        363      0.0806024       0.202644    5.75668e-06
   363        364      0.0806024       0.202644    5.46884e-06
   364        365      0.0806024       0.202644     5.1954e-06
   365        366      0.0806024       0.202644    4.93563e-06
   366        367      0.0806024       0.202644    4.68885e-06
   367        368      0.0806024       0.202644    4.45441e-06
   368        369      0.0806024       0.202644    4.23169e-06
   369        370      0.0806024       0.202644     4.0201e-06
   370        371      0.0806024       0.202644     3.8191e-06
   371        372      0.0806024       0.202644    3.62814e-06
   372        373      0.0806024       0.202644    3.44673e-06
   373        374      0.0806024       0.202644     3.2744e-06
   374        375      0.0806024       0.202644    3.11068e-06
   375        376      0.0806024       0.202644    2.95514e-06
   376        377      0.0806024       0.202644    2.80739e-06
   377        378      0.0806024       0.202644    2.66702e-06
   378        379      0.0806024       0.202644    2.53367e-06
   379        380      0.0806024       0.202644    2.40698e-06
   380        381      0.0806024       0.202644    2.28663e-06
   381        382      0.0806024       0.202644     2.1723e-06
   382        383      0.0806024       0.202644    2.06369e-06
   383        384      0.0806024       0.202644     1.9605e-06
   384        385      0.0806024       0.202644    1.86248e-06
   385        386      0.0806024       0.202644    1.76935e-06
   386        387      0.0806024       0.202644    1.68089e-06
   387        388      0.0806024       0.202644    1.59684e-06
   388        389      0.0806024       0.202644      1.517e-06
   389        390      0.0806024       0.202644    1.44115e-06
   390        391      0.0806024       0.202644    1.36909e-06

                           Best        Current           Mean
Iteration   f-count         f(x)         f(x)         temperature
   391        392      0.0806024       0.202644    1.30064e-06
   392        393      0.0806024       0.202644    1.23561e-06
   393        394      0.0806024       0.202644    1.17383e-06
   394        395      0.0806024       0.202644    1.11513e-06
   395        396      0.0806024       0.202644    1.05938e-06
   396        397      0.0806024       0.202644    1.00641e-06
   397        398      0.0806024       0.202644    9.56088e-07
   398        399      0.0806024       0.202644    9.08284e-07
   399        400      0.0806024       0.202644    8.62869e-07
   400        401      0.0806024       0.202644    8.19726e-07
   401        402      0.0806024       0.202644     7.7874e-07
   402        403      0.0806024       0.202644    7.39803e-07
   403        404      0.0806024       0.202644    7.02813e-07
   404        405      0.0806024       0.202644    6.67672e-07
   405        406      0.0806024       0.202644    6.34288e-07
   406        407      0.0806024       0.202644    6.02574e-07
   407        408      0.0806024       0.202644    5.72445e-07
   408        409      0.0806024       0.202644    5.43823e-07
   409        410      0.0806024       0.202644    5.16632e-07
   410        411      0.0806024       0.202644      4.908e-07
   411        412      0.0806024       0.202644     4.6626e-07
   412        413      0.0806024       0.202644    4.42947e-07
   413        414      0.0806024       0.202644      4.208e-07
   414        415      0.0806024       0.202644     3.9976e-07
   415        416      0.0806024       0.202644    3.79772e-07
   416        417      0.0806024       0.202644    3.60783e-07
   417        418      0.0806024       0.202644    3.42744e-07
   418        419      0.0806024       0.202644    3.25607e-07
   419        420      0.0806024       0.202644    3.09327e-07
   420        421      0.0806024       0.202644     2.9386e-07

                           Best        Current           Mean
Iteration   f-count         f(x)         f(x)         temperature
   421        422      0.0806024       0.202644    2.79167e-07
   422        423      0.0806024       0.202644    2.65209e-07
   423        424      0.0806024       0.202644    2.51948e-07
   424        425      0.0806024       0.202644    2.39351e-07
   425        426      0.0806024       0.202644    2.27383e-07
   426        427      0.0806024       0.202644    2.16014e-07
   427        428      0.0806024       0.202644    2.05214e-07
   428        429      0.0806024       0.202644    1.94953e-07
   429        430      0.0806024       0.202644    1.85205e-07
   430        431      0.0806024       0.202644    1.75945e-07
   431        432      0.0806024       0.202644    1.67148e-07
   432        433      0.0806024       0.202644     1.5879e-07
   433        434      0.0806024       0.202644    1.50851e-07
   434        435      0.0806024       0.202644    1.43308e-07
   435        436      0.0806024       0.202644    1.36143e-07
   436        437      0.0806024       0.202644    1.29336e-07
   437        438      0.0806024       0.202644    1.22869e-07
   438        439      0.0806024       0.202644    1.16725e-07
   439        440      0.0806024       0.202644    1.10889e-07
   440        441      0.0806024       0.202644    1.05345e-07
   441        442      0.0806024       0.202644    1.00078e-07
   442        443      0.0806024       0.202644    9.50736e-08
   443        444      0.0806024       0.202644      9.032e-08
   444        445      0.0806024       0.202644     8.5804e-08
   445        446      0.0806024       0.202644    8.15138e-08
   446        447      0.0806024       0.202644    7.74381e-08
   447        448      0.0806024       0.202644    7.35662e-08
   448        449      0.0806024       0.202644    6.98879e-08
   449        450      0.0806024       0.202644    6.63935e-08
   450        451      0.0806024       0.202644    6.30738e-08

                           Best        Current           Mean
Iteration   f-count         f(x)         f(x)         temperature
   451        452      0.0806024       0.202644    5.99201e-08
   452        453      0.0806024       0.202644    5.69241e-08
   453        454      0.0806024       0.202644    5.40779e-08
   454        455      0.0806024       0.202644     5.1374e-08
   455        456      0.0806024       0.202644    4.88053e-08
   456        457      0.0806024       0.202644     4.6365e-08
   457        458      0.0806024       0.202644    4.40468e-08
   458        459      0.0806024       0.202644    4.18444e-08
   459        460      0.0806024       0.202644    3.97522e-08
   460        461      0.0806024       0.202644    3.77646e-08
   461        462      0.0806024       0.202644    3.58764e-08
   462        463      0.0806024       0.202644    3.40826e-08
   463        464      0.0806024       0.202644    3.23784e-08
   464        465      0.0806024       0.202644    3.07595e-08
   465        466      0.0806024       0.202644    2.92215e-08
   466        467      0.0806024       0.202644    2.77605e-08
   467        468      0.0806024       0.202644    2.63724e-08
   468        469      0.0806024       0.202644    2.50538e-08
   469        470      0.0806024       0.202644    2.38011e-08
   470        471      0.0806024       0.202644    2.26111e-08
   471        472      0.0806024       0.202644    2.14805e-08
   472        473      0.0806024       0.202644    2.04065e-08
   473        474      0.0806024       0.202644    1.93862e-08
   474        475      0.0806024       0.202644    1.84169e-08
   475        476      0.0806024       0.202644     1.7496e-08
   476        477      0.0806024       0.202644    1.66212e-08
   477        478      0.0806024       0.202644    1.57902e-08
   478        479      0.0806024       0.202644    1.50006e-08
   479        480      0.0806024       0.202644    1.42506e-08
   480        481      0.0806024       0.202644    1.35381e-08

                           Best        Current           Mean
Iteration   f-count         f(x)         f(x)         temperature
   481        482      0.0806024       0.202644    1.28612e-08
   482        483      0.0806024       0.202644    1.22181e-08
   483        484      0.0806024       0.202644    1.16072e-08
   484        485      0.0806024       0.202644    1.10269e-08
   485        486      0.0806024       0.202644    1.04755e-08
   486        487      0.0806024       0.202644    9.95173e-09
   487        488      0.0806024       0.202644    9.45415e-09
   488        489      0.0806024       0.202644    8.98144e-09
   489        490      0.0806024       0.202644    8.53237e-09
   490        491      0.0806024       0.202644    8.10575e-09
   491        492      0.0806024       0.202644    7.70046e-09
   492        493      0.0806024       0.202644    7.31544e-09
   493        494      0.0806024       0.202644    6.94967e-09
   494        495      0.0806024       0.202644    6.60218e-09
   495        496      0.0806024       0.202644    6.27207e-09
   496        497      0.0806024       0.202644    5.95847e-09
   497        498      0.0806024       0.202644    5.66055e-09
   498        499      0.0806024       0.202644    5.37752e-09
   499        500      0.0806024       0.202644    5.10864e-09
   500        501      0.0806024       0.202644    4.85321e-09
   501        502      0.0806024       0.202644    4.61055e-09
   502        503      0.0806024       0.202644    4.38002e-09
   503        504      0.0806024       0.202644    4.16102e-09
   504        505      0.0806024       0.202644    3.95297e-09
   505        506      0.0806024       0.202644    3.75532e-09
   506        507      0.0806024       0.202644    3.56756e-09
   507        508      0.0806024       0.202644    3.38918e-09
   508        509      0.0806024       0.202644    3.21972e-09
   509        510      0.0806024       0.202644    3.05873e-09
   510        511      0.0806024       0.202644     2.9058e-09

                           Best        Current           Mean
Iteration   f-count         f(x)         f(x)         temperature
   511        512      0.0806024       0.202644    2.76051e-09
   512        513      0.0806024       0.202644    2.62248e-09
   513        514      0.0806024       0.202644    2.49136e-09
   514        515      0.0806024       0.202644    2.36679e-09
   515        516      0.0806024       0.202644    2.24845e-09
   516        517      0.0806024       0.202644    2.13603e-09
   517        518      0.0806024       0.202644    2.02923e-09
   518        519      0.0806024       0.202644    1.92777e-09
   519        520      0.0806024       0.202644    1.83138e-09
   520        521      0.0806024       0.202644    1.73981e-09
   521        522      0.0806024       0.202644    1.65282e-09
   522        523      0.0806024       0.202644    1.57018e-09
   523        524      0.0806024       0.202644    1.49167e-09
   524        525      0.0806024       0.202644    1.41708e-09
   525        526      0.0806024       0.202644    1.34623e-09
   526        527      0.0806024       0.202644    1.27892e-09
   527        528      0.0806024       0.202644    1.21497e-09
   528        529      0.0806024       0.202644    1.15422e-09
   529        530      0.0806024       0.202644    1.09651e-09
   530        531      0.0806024       0.202644    1.04169e-09
   531        532      0.0806024       0.202644    9.89603e-10
   532        533      0.0806024       0.202644    9.40123e-10
   533        534      0.0806024       0.202644    8.93117e-10
   534        535      0.0806024       0.202644    8.48461e-10
   535        536      0.0806024       0.202644    8.06038e-10
   536        537      0.0806024       0.202644    7.65736e-10
   537        538      0.0806024       0.202644    7.27449e-10
   538        539      0.0806024       0.202644    6.91077e-10
   539        540      0.0806024       0.202644    6.56523e-10
   540        541      0.0806024       0.202644    6.23697e-10

                           Best        Current           Mean
Iteration   f-count         f(x)         f(x)         temperature
   541        542      0.0806024       0.202644    5.92512e-10
   542        543      0.0806024       0.202644    5.62886e-10
   543        544      0.0806024       0.202644    5.34742e-10
   544        545      0.0806024       0.202644    5.08005e-10
   545        546      0.0806024       0.202644    4.82605e-10
   546        547      0.0806024       0.202644    4.58474e-10
   547        548      0.0806024       0.202644    4.35551e-10
   548        549      0.0806024       0.202644    4.13773e-10
   549        550      0.0806024       0.202644    3.93084e-10
   550        551      0.0806024       0.202644     3.7343e-10
   551        552      0.0806024       0.202644    3.54759e-10
   552        553      0.0806024       0.202644    3.37021e-10
   553        554      0.0806024       0.202644     3.2017e-10
   554        555      0.0806024       0.202644    3.04161e-10
   555        556      0.0806024       0.202644    2.88953e-10
   556        557      0.0806024       0.202644    2.74506e-10
   557        558      0.0806024       0.202644     2.6078e-10
   558        559      0.0806024       0.202644    2.47741e-10
   559        560      0.0806024       0.202644    2.35354e-10
   560        561      0.0806024       0.202644    2.23586e-10
   561        562      0.0806024       0.202644    2.12407e-10
   562        563      0.0806024       0.202644    2.01787e-10
   563        564      0.0806024       0.202644    1.91697e-10
   564        565      0.0806024       0.202644    1.82113e-10
   565        566      0.0806024       0.202644    1.73007e-10
   566        567      0.0806024       0.202644    1.64357e-10
   567        568      0.0806024       0.202644    1.56139e-10
   568        569      0.0806024       0.202644    1.48332e-10
   569        570      0.0806024       0.202644    1.40915e-10
   570        571      0.0806024       0.202644    1.33869e-10

                           Best        Current           Mean
Iteration   f-count         f(x)         f(x)         temperature
   571        572      0.0806024       0.202644    1.27176e-10
   572        573      0.0806024       0.202644    1.20817e-10
   573        574      0.0806024       0.202644    1.14776e-10
   574        575      0.0806024       0.202644    1.09038e-10
   575        576      0.0806024       0.202644    1.03586e-10
   576        577      0.0806024       0.202644    9.84064e-11
   577        578      0.0806024       0.202644    9.34861e-11
   578        579      0.0806024       0.202644    8.88118e-11
   579        580      0.0806024       0.202644    8.43712e-11
   580        581      0.0806024       0.202644    8.01526e-11
   581        582      0.0806024       0.202644     7.6145e-11
   582        583      0.0806024       0.202644    7.23377e-11
   583        584      0.0806024       0.202644    6.87208e-11
   584        585      0.0806024       0.202644    6.52848e-11
   585        586      0.0806024       0.202644    6.20206e-11
   586        587      0.0806024       0.202644    5.89195e-11
   587        588      0.0806024       0.202644    5.59736e-11
   588        589      0.0806024       0.202644    5.31749e-11
   589        590      0.0806024       0.202644    5.05161e-11
   590        591      0.0806024       0.202644    4.79903e-11
   591        592      0.0806024       0.202644    4.55908e-11
   592        593      0.0806024       0.202644    4.33113e-11
   593        594      0.0806024       0.202644    4.11457e-11
   594        595      0.0806024       0.202644    3.90884e-11
   595        596      0.0806024       0.202644     3.7134e-11
   596        597      0.0806024       0.202644    3.52773e-11
   597        598      0.0806024       0.202644    3.35134e-11
   598        599      0.0806024       0.202644    3.18378e-11
   599        600      0.0806024       0.202644    3.02459e-11
   600        601      0.0806024       0.202644    2.87336e-11

                           Best        Current           Mean
Iteration   f-count         f(x)         f(x)         temperature
   601        602      0.0806024       0.202644    2.72969e-11
   602        603      0.0806024       0.202644    2.59321e-11
   603        604      0.0806024       0.202644    2.46355e-11
   604        605      0.0806024       0.202644    2.34037e-11
   605        606      0.0806024       0.202644    2.22335e-11
   606        607      0.0806024       0.202644    2.11218e-11
   607        608      0.0806024       0.202644    2.00657e-11
   608        609      0.0806024       0.202644    1.90624e-11
   609        610      0.0806024       0.202644    1.81093e-11
   610        611      0.0806024       0.202644    1.72039e-11
   611        612      0.0806024       0.202644    1.63437e-11
   612        613      0.0806024       0.202644    1.55265e-11
   613        614      0.0806024       0.202644    1.47502e-11
   614        615      0.0806024       0.202644    1.40126e-11
   615        616      0.0806024       0.202644     1.3312e-11
   616        617      0.0806024       0.202644    1.26464e-11
   617        618      0.0806024       0.202644    1.20141e-11
   618        619      0.0806024       0.202644    1.14134e-11
   619        620      0.0806024       0.202644    1.08427e-11
   620        621      0.0806024       0.202644    1.03006e-11
   621        622      0.0806024       0.202644    9.78556e-12
   622        623      0.0806024       0.202644    9.29628e-12
   623        624      0.0806024       0.202644    8.83146e-12
   624        625      0.0806024       0.202644    8.38989e-12
   625        626      0.0806024       0.202644     7.9704e-12
   626        627      0.0806024       0.202644    7.57188e-12
   627        628      0.0806024       0.202644    7.19328e-12
   628        629      0.0806024       0.202644    6.83362e-12
   629        630      0.0806024       0.202644    6.49194e-12
   630        631      0.0806024       0.202644    6.16734e-12

                           Best        Current           Mean
Iteration   f-count         f(x)         f(x)         temperature
   631        632      0.0806024       0.202644    5.85897e-12
   632        633      0.0806024       0.202644    5.56602e-12
   633        634      0.0806024       0.202644    5.28772e-12
   634        635      0.0806024       0.202644    5.02334e-12
   635        636      0.0806024       0.202644    4.77217e-12
   636        637      0.0806024       0.202644    4.53356e-12
   637        638      0.0806024       0.202644    4.30688e-12
   638        639      0.0806024       0.202644    4.09154e-12
   639        640      0.0806024       0.202644    3.88696e-12
   640        641      0.0806024       0.202644    3.69261e-12
   641        642      0.0806024       0.202644    3.50798e-12
   642        643      0.0806024       0.202644    3.33258e-12
   643        644      0.0806024       0.202644    3.16596e-12
   644        645      0.0806024       0.202644    3.00766e-12
   645        646      0.0806024       0.202644    2.85727e-12
   646        647      0.0806024       0.202644    2.71441e-12
   647        648      0.0806024       0.202644    2.57869e-12
   648        649      0.0806024       0.202644    2.44976e-12
   649        650      0.0806024       0.202644    2.32727e-12
   650        651      0.0806024       0.202644     2.2109e-12
   651        652      0.0806024       0.202644    2.10036e-12
   652        653      0.0806024       0.202644    1.99534e-12
   653        654      0.0806024       0.202644    1.89557e-12
   654        655      0.0806024       0.202644     1.8008e-12
   655        656      0.0806024       0.202644    1.71076e-12
   656        657      0.0806024       0.202644    1.62522e-12
   657        658      0.0806024       0.202644    1.54396e-12
   658        659      0.0806024       0.202644    1.46676e-12
   659        660      0.0806024       0.202644    1.39342e-12
   660        661      0.0806024       0.202644    1.32375e-12

                           Best        Current           Mean
Iteration   f-count         f(x)         f(x)         temperature
   661        662      0.0806024       0.202644    1.25756e-12
   662        663      0.0806024       0.202644    1.19468e-12
   663        664      0.0806024       0.202644    1.13495e-12
   664        665      0.0806024       0.202644     1.0782e-12
   665        666      0.0806024       0.202644    1.02429e-12
   666        667      0.0806024       0.202644    9.73078e-13
   667        668      0.0806024       0.202644    9.24424e-13
   668        669      0.0806024       0.202644    8.78203e-13
   669        670      0.0806024       0.202644    8.34293e-13
   670        671      0.0806024       0.202644    7.92578e-13
   671        672      0.0806024       0.202644    7.52949e-13
   672        673      0.0806024       0.202644    7.15302e-13
   673        674      0.0806024       0.202644    6.79537e-13
   674        675      0.0806024       0.202644     6.4556e-13
   675        676      0.0806024       0.202644    6.13282e-13
   676        677      0.0806024       0.202644    5.82618e-13
   677        678      0.0806024       0.202644    5.53487e-13
   678        679      0.0806024       0.202644    5.25813e-13
   679        680      0.0806024       0.202644    4.99522e-13
   680        681      0.0806024       0.202644    4.74546e-13
   681        682      0.0806024       0.202644    4.50819e-13
   682        683      0.0806024       0.202644    4.28278e-13
   683        684      0.0806024       0.202644    4.06864e-13
   684        685      0.0806024       0.202644    3.86521e-13
   685        686      0.0806024       0.202644    3.67195e-13
   686        687      0.0806024       0.202644    3.48835e-13
   687        688      0.0806024       0.202644    3.31393e-13
   688        689      0.0806024       0.202644    3.14823e-13
   689        690      0.0806024       0.202644    2.99082e-13
   690        691      0.0806024       0.202644    2.84128e-13

                           Best        Current           Mean
Iteration   f-count         f(x)         f(x)         temperature
   691        692      0.0806024       0.202644    2.69922e-13
   692        693      0.0806024       0.202644    2.56426e-13
   693        694      0.0806024       0.202644    2.43604e-13
   694        695      0.0806024       0.202644    2.31424e-13
   695        696      0.0806024       0.202644    2.19853e-13
   696        697      0.0806024       0.202644     2.0886e-13
   697        698      0.0806024       0.202644    1.98417e-13
   698        699      0.0806024       0.202644    1.88496e-13
   699        700      0.0806024       0.202644    1.79072e-13
   700        701      0.0806024       0.202644    1.70118e-13
   701        702      0.0806024       0.202644    1.61612e-13
   702        703      0.0806024       0.202644    1.53532e-13
   703        704      0.0806024       0.202644    1.45855e-13
   704        705      0.0806024       0.202644    1.38562e-13
   705        706      0.0806024       0.202644    1.31634e-13
   706        707      0.0806024       0.202644    1.25052e-13
   707        708      0.0806024       0.202644      1.188e-13
   708        709      0.0806024       0.202644     1.1286e-13
   709        710      0.0806024       0.202644    1.07217e-13
   710        711      0.0806024       0.202644    1.01856e-13
   711        712      0.0806024       0.202644    9.67631e-14
   712        713      0.0806024       0.202644     9.1925e-14
   713        714      0.0806024       0.202644    8.73287e-14
   714        715      0.0806024       0.202644    8.29623e-14
   715        716      0.0806024       0.202644    7.88142e-14
   716        717      0.0806024       0.202644    7.48735e-14
   717        718      0.0806024       0.202644    7.11298e-14
   718        719      0.0806024       0.202644    6.75733e-14
   719        720      0.0806024       0.202644    6.41946e-14
   720        721      0.0806024       0.202644    6.09849e-14

                           Best        Current           Mean
Iteration   f-count         f(x)         f(x)         temperature
   721        722      0.0806024       0.202644    5.79357e-14
   722        723      0.0806024       0.202644    5.50389e-14
   723        724      0.0806024       0.202644    5.22869e-14
   724        725      0.0806024       0.202644    4.96726e-14
   725        726      0.0806024       0.202644     4.7189e-14
   726        727      0.0806024       0.202644    4.48295e-14
   727        728      0.0806024       0.202644     4.2588e-14
   728        729      0.0806024       0.202644    4.04586e-14
   729        730      0.0806024       0.202644    3.84357e-14
   730        731      0.0806024       0.202644    3.65139e-14
   731        732      0.0806024       0.202644    3.46882e-14
   732        733      0.0806024       0.202644    3.29538e-14
   733        734      0.0806024       0.202644    3.13061e-14
   734        735      0.0806024       0.202644    2.97408e-14
   735        736      0.0806024       0.202644    2.82538e-14
   736        737      0.0806024       0.202644    2.68411e-14
   737        738      0.0806024       0.202644     2.5499e-14
   738        739      0.0806024       0.202644    2.42241e-14
   739        740      0.0806024       0.202644    2.30129e-14
   740        741      0.0806024       0.202644    2.18622e-14
   741        742      0.0806024       0.202644    2.07691e-14
   742        743      0.0806024       0.202644    1.97307e-14
   743        744      0.0806024       0.202644    1.87441e-14
   744        745      0.0806024       0.202644    1.78069e-14
   745        746      0.0806024       0.202644    1.69166e-14
   746        747      0.0806024       0.202644    1.60708e-14
   747        748      0.0806024       0.202644    1.52672e-14
   748        749      0.0806024       0.202644    1.45039e-14
   749        750      0.0806024       0.202644    1.37787e-14
   750        751      0.0806024       0.202644    1.30897e-14

                           Best        Current           Mean
Iteration   f-count         f(x)         f(x)         temperature
   751        752      0.0806024       0.202644    1.24352e-14
   752        753      0.0806024       0.202644    1.18135e-14
   753        754      0.0806024       0.202644    1.12228e-14
   754        755      0.0806024       0.202644    1.06617e-14
   755        756      0.0806024       0.202644    1.01286e-14
   756        757      0.0806024       0.202644    9.62215e-15
   757        758      0.0806024       0.202644    9.14104e-15
   758        759      0.0806024       0.202644    8.68399e-15
   759        760      0.0806024       0.202644    8.24979e-15
   760        761      0.0806024       0.202644     7.8373e-15
   761        762      0.0806024       0.202644    7.44544e-15
   762        763      0.0806024       0.202644    7.07317e-15
   763        764      0.0806024       0.202644    6.71951e-15
   764        765      0.0806024       0.202644    6.38353e-15
   765        766      0.0806024       0.202644    6.06436e-15
   766        767      0.0806024       0.202644    5.76114e-15
   767        768      0.0806024       0.202644    5.47308e-15
   768        769      0.0806024       0.202644    5.19943e-15
   769        770      0.0806024       0.202644    4.93946e-15
   770        771      0.0806024       0.202644    4.69248e-15
   771        772      0.0806024       0.202644    4.45786e-15
   772        773      0.0806024       0.202644    4.23497e-15
   773        774      0.0806024       0.202644    4.02322e-15
   774        775      0.0806024       0.202644    3.82206e-15
   775        776      0.0806024       0.202644    3.63095e-15
   776        777      0.0806024       0.202644    3.44941e-15
   777        778      0.0806024       0.202644    3.27694e-15
   778        779      0.0806024       0.202644    3.11309e-15
   779        780      0.0806024       0.202644    2.95743e-15
   780        781      0.0806024       0.202644    2.80956e-15

                           Best        Current           Mean
Iteration   f-count         f(x)         f(x)         temperature
   781        782      0.0806024       0.202644    2.66908e-15
   782        783      0.0806024       0.202644    2.53563e-15
   783        784      0.0806024       0.202644    2.40885e-15
   784        785      0.0806024       0.202644    2.28841e-15
   785        786      0.0806024       0.202644    2.17399e-15
   786        787      0.0806024       0.202644    2.06529e-15
   787        788      0.0806024       0.202644    1.96202e-15
   788        789      0.0806024       0.202644    1.86392e-15
   789        790      0.0806024       0.202644    1.77073e-15
   790        791      0.0806024       0.202644    1.68219e-15
   791        792      0.0806024       0.202644    1.59808e-15
   792        793      0.0806024       0.202644    1.51818e-15
   793        794      0.0806024       0.202644    1.44227e-15
   794        795      0.0806024       0.202644    1.37015e-15
   795        796      0.0806024       0.202644    1.30165e-15
   796        797      0.0806024       0.202644    1.23656e-15
   797        798      0.0806024       0.202644    1.17474e-15
   798        799      0.0806024       0.202644      1.116e-15
   799        800      0.0806024       0.202644     1.0602e-15
   800        801      0.0806024       0.202644    1.00719e-15
   801        802      0.0806024       0.202644    9.56829e-16
   802        803      0.0806024       0.202644    9.08988e-16
   803        804      0.0806024       0.202644    8.63538e-16
   804        805      0.0806024       0.202644    8.20361e-16
   805        806      0.0806024       0.202644    7.79343e-16
   806        807      0.0806024       0.202644    7.40376e-16
   807        808      0.0806024       0.202644    7.03357e-16
   808        809      0.0806024       0.202644     6.6819e-16
   809        810      0.0806024       0.202644     6.3478e-16
   810        811      0.0806024       0.202644    6.03041e-16

                           Best        Current           Mean
Iteration   f-count         f(x)         f(x)         temperature
   811        812      0.0806024       0.202644    5.72889e-16
   812        813      0.0806024       0.202644    5.44245e-16
   813        814      0.0806024       0.202644    5.17032e-16
   814        815      0.0806024       0.202644    4.91181e-16
   815        816      0.0806024       0.202644    4.66622e-16
   816        817      0.0806024       0.202644    4.43291e-16
   817        818      0.0806024       0.202644    4.21126e-16
   818        819      0.0806024       0.202644     4.0007e-16
   819        820      0.0806024       0.202644    3.80066e-16
   820        821      0.0806024       0.202644    3.61063e-16
   821        822      0.0806024       0.202644     3.4301e-16
   822        823      0.0806024       0.202644    3.25859e-16
   823        824      0.0806024       0.202644    3.09566e-16
   824        825      0.0806024       0.202644    2.94088e-16
   825        826      0.0806024       0.202644    2.79384e-16
   826        827      0.0806024       0.202644    2.65414e-16
   827        828      0.0806024       0.202644    2.52144e-16
   828        829      0.0806024       0.202644    2.39537e-16
   829        830      0.0806024       0.202644     2.2756e-16
   830        831      0.0806024       0.202644    2.22045e-16
   831        832      0.0806024       0.202644    2.22045e-16
   832        833      0.0806024       0.202644    2.22045e-16
   833        834      0.0806024       0.202644    2.22045e-16
   834        835      0.0806024       0.202644    2.22045e-16
   835        836      0.0806024       0.202644    2.22045e-16
   836        837      0.0806024       0.202644    2.22045e-16
   837        838      0.0806024       0.202644    2.22045e-16
   838        839      0.0806024       0.202644    2.22045e-16
   839        840      0.0806024       0.202644    2.22045e-16
   840        841      0.0806024       0.202644    2.22045e-16

                           Best        Current           Mean
Iteration   f-count         f(x)         f(x)         temperature
   841        842      0.0806024       0.202644    2.22045e-16
   842        843      0.0806024       0.202644    2.22045e-16
   843        844      0.0806024       0.202644    2.22045e-16
   844        845      0.0806024       0.202644    2.22045e-16
   845        846      0.0806024       0.202644    2.22045e-16
   846        847      0.0806024       0.202644    2.22045e-16
   847        848      0.0806024       0.202644    2.22045e-16
   848        849      0.0806024       0.202644    2.22045e-16
   849        850      0.0806024       0.202644    2.22045e-16
   850        851      0.0806024       0.202644    2.22045e-16
   851        852      0.0806024       0.202644    2.22045e-16
   852        853      0.0806024       0.202644    2.22045e-16
   853        854      0.0806024       0.202644    2.22045e-16
   854        855      0.0806024       0.202644    2.22045e-16
   855        856      0.0806024       0.202644    2.22045e-16
   856        857      0.0806024       0.202644    2.22045e-16
   857        858      0.0806024       0.202644    2.22045e-16
   858        859      0.0806024       0.202644    2.22045e-16
   859        860      0.0806024       0.202644    2.22045e-16
   860        861      0.0806024       0.202644    2.22045e-16
   861        862      0.0806024       0.202644    2.22045e-16
   862        863      0.0806024       0.202644    2.22045e-16
   863        864      0.0806024       0.202644    2.22045e-16
   864        865      0.0806024       0.202644    2.22045e-16
   865        866      0.0806024       0.202644    2.22045e-16
   866        867      0.0806024       0.202644    2.22045e-16
   867        868      0.0806024       0.202644    2.22045e-16
   868        869      0.0806024       0.202644    2.22045e-16
   869        870      0.0806024       0.202644    2.22045e-16
   870        871      0.0806024       0.202644    2.22045e-16

                           Best        Current           Mean
Iteration   f-count         f(x)         f(x)         temperature
   871        872      0.0806024       0.202644    2.22045e-16
   872        873      0.0806024       0.202644    2.22045e-16
   873        874      0.0806024       0.202644    2.22045e-16
   874        875      0.0806024       0.202644    2.22045e-16
   875        876      0.0806024       0.202644    2.22045e-16
   876        877      0.0806024       0.202644    2.22045e-16
   877        878      0.0806024       0.202644    2.22045e-16
   878        879      0.0806024       0.202644    2.22045e-16
   879        880      0.0806024       0.202644    2.22045e-16
   880        881      0.0806024       0.202644    2.22045e-16
   881        882      0.0806024       0.202644    2.22045e-16
   882        883      0.0806024       0.202644    2.22045e-16
   883        884      0.0806024       0.202644    2.22045e-16
   884        885      0.0806024       0.202644    2.22045e-16
   885        886      0.0806024       0.202644    2.22045e-16
   886        887      0.0806024       0.202644    2.22045e-16
   887        888      0.0806024       0.202644    2.22045e-16
   888        889      0.0806024       0.202644    2.22045e-16
   889        890      0.0806024       0.202644    2.22045e-16
   890        891      0.0806024       0.202644    2.22045e-16
   891        892      0.0806024       0.202644    2.22045e-16
   892        893      0.0806024       0.202644    2.22045e-16
   893        894      0.0806024       0.202644    2.22045e-16
   894        895      0.0806024       0.202644    2.22045e-16
   895        896      0.0806024       0.202644    2.22045e-16
   896        897      0.0806024       0.202644    2.22045e-16
   897        898      0.0806024       0.202644    2.22045e-16
   898        899      0.0806024       0.202644    2.22045e-16
   899        900      0.0806024       0.202644    2.22045e-16
   900        901      0.0806024       0.202644    2.22045e-16

                           Best        Current           Mean
Iteration   f-count         f(x)         f(x)         temperature
   901        902      0.0806024       0.202644    2.22045e-16
   902        903      0.0806024       0.202644    2.22045e-16
   903        904      0.0806024       0.202644    2.22045e-16
   904        905      0.0806024       0.202644    2.22045e-16
   905        906      0.0806024       0.202644    2.22045e-16
   906        907      0.0806024       0.202644    2.22045e-16
   907        908      0.0806024       0.202644    2.22045e-16
   908        909      0.0806024       0.202644    2.22045e-16
   909        910      0.0806024       0.202644    2.22045e-16
   910        911      0.0806024       0.202644    2.22045e-16
   911        912      0.0806024       0.202644    2.22045e-16
   912        913      0.0806024       0.202644    2.22045e-16
   913        914      0.0806024       0.202644    2.22045e-16
   914        915      0.0806024       0.202644    2.22045e-16
   915        916      0.0806024       0.202644    2.22045e-16
   916        917      0.0806024       0.202644    2.22045e-16
   917        918      0.0806024       0.202644    2.22045e-16
   918        919      0.0806024       0.202644    2.22045e-16
   919        920      0.0806024       0.202644    2.22045e-16
   920        921      0.0806024       0.202644    2.22045e-16
   921        922      0.0806024       0.202644    2.22045e-16
   922        923      0.0806024       0.202644    2.22045e-16
   923        924      0.0806024       0.202644    2.22045e-16
   924        925      0.0806024       0.202644    2.22045e-16
   925        926      0.0806024       0.202644    2.22045e-16
   926        927      0.0806024       0.202644    2.22045e-16
   927        928      0.0806024       0.202644    2.22045e-16
   928        929      0.0806024       0.202644    2.22045e-16
   929        930      0.0806024       0.202644    2.22045e-16
   930        931      0.0806024       0.202644    2.22045e-16

                           Best        Current           Mean
Iteration   f-count         f(x)         f(x)         temperature
   931        932      0.0806024       0.202644    2.22045e-16
   932        933      0.0806024       0.202644    2.22045e-16
   933        934      0.0806024       0.202644    2.22045e-16
   934        935      0.0806024       0.202644    2.22045e-16
   935        936      0.0806024       0.202644    2.22045e-16
   936        937      0.0806024       0.202644    2.22045e-16
   937        938      0.0806024       0.202644    2.22045e-16
   938        939      0.0806024       0.202644    2.22045e-16
   939        940      0.0806024       0.202644    2.22045e-16
   940        941      0.0806024       0.202644    2.22045e-16
   941        942      0.0806024       0.202644    2.22045e-16
   942        943      0.0806024       0.202644    2.22045e-16
   943        944      0.0806024       0.202644    2.22045e-16
   944        945      0.0806024       0.202644    2.22045e-16
   945        946      0.0806024       0.202644    2.22045e-16
   946        947      0.0806024       0.202644    2.22045e-16
   947        948      0.0806024       0.202644    2.22045e-16
   948        949      0.0806024       0.202644    2.22045e-16
   949        950      0.0806024       0.202644    2.22045e-16
   950        951      0.0806024       0.202644    2.22045e-16
   951        952      0.0806024       0.202644    2.22045e-16
   952        953      0.0806024       0.202644    2.22045e-16
   953        954      0.0806024       0.202644    2.22045e-16
   954        955      0.0806024       0.202644    2.22045e-16
   955        956      0.0806024       0.202644    2.22045e-16
   956        957      0.0806024       0.202644    2.22045e-16
   957        958      0.0806024       0.202644    2.22045e-16
   958        959      0.0806024       0.202644    2.22045e-16
   959        960      0.0806024       0.202644    2.22045e-16
   960        961      0.0806024       0.202644    2.22045e-16

                           Best        Current           Mean
Iteration   f-count         f(x)         f(x)         temperature
   961        962      0.0806024       0.202644    2.22045e-16
   962        963      0.0806024       0.202644    2.22045e-16
   963        964      0.0806024       0.202644    2.22045e-16
   964        965      0.0806024       0.202644    2.22045e-16
   965        966      0.0806024       0.202644    2.22045e-16
   966        967      0.0806024       0.202644    2.22045e-16
   967        968      0.0806024       0.202644    2.22045e-16
   968        969      0.0806024       0.202644    2.22045e-16
   969        970      0.0806024       0.202644    2.22045e-16
   970        971      0.0806024       0.202644    2.22045e-16
   971        972      0.0806024       0.202644    2.22045e-16
   972        973      0.0806024       0.202644    2.22045e-16
   973        974      0.0806024       0.202644    2.22045e-16
   974        975      0.0806024       0.202644    2.22045e-16
   975        976      0.0806024       0.202644    2.22045e-16
   976        977      0.0806024       0.202644    2.22045e-16
   977        978      0.0806024       0.202644    2.22045e-16
   978        979      0.0806024       0.202644    2.22045e-16
   979        980      0.0806024       0.202644    2.22045e-16
   980        981      0.0806024       0.202644    2.22045e-16
   981        982      0.0806024       0.202644    2.22045e-16
   982        983      0.0806024       0.202644    2.22045e-16
   983        984      0.0806024       0.202644    2.22045e-16
   984        985      0.0806024       0.202644    2.22045e-16
   985        986      0.0806024       0.202644    2.22045e-16
   986        987      0.0806024       0.202644    2.22045e-16
   987        988      0.0806024       0.202644    2.22045e-16
   988        989      0.0806024       0.202644    2.22045e-16
   989        990      0.0806024       0.202644    2.22045e-16
   990        991      0.0806024       0.202644    2.22045e-16

                           Best        Current           Mean
Iteration   f-count         f(x)         f(x)         temperature
   991        992      0.0806024       0.202644    2.22045e-16
   992        993      0.0806024       0.202644    2.22045e-16
   993        994      0.0806024       0.202644    2.22045e-16
   994        995      0.0806024       0.202644    2.22045e-16
   995        996      0.0806024       0.202644    2.22045e-16
   996        997      0.0806024       0.202644    2.22045e-16
   997        998      0.0806024       0.202644    2.22045e-16
   998        999      0.0806024       0.202644    2.22045e-16
   999       1000      0.0806024       0.202644    2.22045e-16
  1000       1001      0.0806024       0.202644    2.22045e-16
  1001       1002      0.0806024       0.202644    2.22045e-16
  1002       1003      0.0806024       0.202644    2.22045e-16
  1003       1004      0.0806024       0.202644    2.22045e-16
  1004       1005      0.0806024       0.202644    2.22045e-16
  1005       1006      0.0806024       0.202644    2.22045e-16
  1006       1007      0.0806024       0.202644    2.22045e-16
  1007       1008      0.0806024       0.202644    2.22045e-16
  1008       1009      0.0806024       0.202644    2.22045e-16
  1009       1010      0.0806024       0.202644    2.22045e-16
  1010       1011      0.0806024       0.202644    2.22045e-16
  1011       1012      0.0806024       0.202644    2.22045e-16
  1012       1013      0.0806024       0.202644    2.22045e-16
  1013       1014      0.0806024       0.202644    2.22045e-16
  1014       1015      0.0806024       0.202644    2.22045e-16
  1015       1016      0.0806024       0.202644    2.22045e-16
  1016       1017      0.0806024       0.202644    2.22045e-16
  1017       1018      0.0806024       0.202644    2.22045e-16
  1018       1019      0.0806024       0.202644    2.22045e-16
  1019       1020      0.0806024       0.202644    2.22045e-16
  1020       1021      0.0806024       0.202644    2.22045e-16

                           Best        Current           Mean
Iteration   f-count         f(x)         f(x)         temperature
  1021       1022      0.0806024       0.202644    2.22045e-16
  1022       1023      0.0806024       0.202644    2.22045e-16
  1023       1024      0.0806024       0.202644    2.22045e-16
  1024       1025      0.0806024       0.202644    2.22045e-16
  1025       1026      0.0806024       0.202644    2.22045e-16
  1026       1027      0.0806024       0.202644    2.22045e-16
  1027       1028      0.0806024       0.202644    2.22045e-16
  1028       1029      0.0806024       0.202644    2.22045e-16
  1029       1030      0.0806024       0.202644    2.22045e-16
  1030       1031      0.0806024       0.202644    2.22045e-16
  1031       1032      0.0806024       0.202644    2.22045e-16
  1032       1033      0.0806024       0.202644    2.22045e-16
  1033       1034      0.0806024       0.202644    2.22045e-16
  1034       1035      0.0806024       0.202644    2.22045e-16
  1035       1036      0.0806024       0.202644    2.22045e-16
  1036       1037      0.0806024       0.202644    2.22045e-16
  1037       1038      0.0806024       0.202644    2.22045e-16
  1038       1039      0.0806024       0.202644    2.22045e-16
  1039       1040      0.0806024       0.202644    2.22045e-16
  1040       1041      0.0806024       0.202644    2.22045e-16
  1041       1042      0.0806024       0.202644    2.22045e-16
  1042       1043      0.0806024       0.202644    2.22045e-16
  1043       1044      0.0806024       0.202644    2.22045e-16
  1044       1045      0.0806024       0.202644    2.22045e-16
  1045       1046      0.0806024       0.202644    2.22045e-16
Optimization terminated: change in best function value less than options.TolFun.

vetor =

    1.0000  210.0000    0.5000    1.4100


	 HdL: 1.000  t1dt0: 210.000  L1dL0: 0.500  Alpha: 1.410
