\nSimulated Annealing...Discreted\n

	 Fitness Limit : -Inf
Diagnostic information.
	objective function = @sa_cav_y_4dof
	X0 = [  1 4 0.005 1.1 ]
Modified options:
	options.AnnealingFcn = @d_annealing_c4
	options.TemperatureFcn = @temperatureboltz
	options.StallIterLimit = 1000
	options.InitialTemperature = [  100 100 100 100 ]
	options.Display = 'diagnose'
	options.ReannealInterval = 5 
	options.DisplayInterval = 1 
	options.AcceptanceFcn = @acceptancesa
End of diagnostic information.


                           Best        Current           Mean
Iteration   f-count         f(x)         f(x)         temperature
     0          1       0.197082       0.197082            100
     1          2       0.197082       0.197082         144.27
     2          3       0.197082       0.197082        91.0239
     3          4       0.197082       0.197082        72.1348
     4          5       0.197082       0.197082        62.1335
     5          6       0.197082       0.197082        55.8111
     6          7       0.197082       0.197082        51.3898
     7          8       0.197082       0.197082        48.0898
     8          9       0.197082       0.197082         45.512
     9         10       0.197082       0.336274        43.4294
    10         11       0.197082       0.336274        41.7032
    11         12      0.0903226      0.0903226         40.243
    12         13      0.0903226      0.0903226        38.9871
    13         14      0.0903226      0.0903226        37.8923
    14         15      0.0903226      0.0903226        36.9269
    15         16      0.0903226      0.0903226        36.0674
    16         17      0.0903226      0.0903226        35.2956
    17         18      0.0903226      0.0903226        34.5976
    18         19      0.0903226      0.0903226        33.9623
    19         20      0.0903226      0.0903226        33.3808
    20         21      0.0903226      0.0903226        32.8459
    21         22      0.0903226      0.0903226        32.3515
    22         23      0.0903226      0.0903226        31.8929
    23         24      0.0903226      0.0903226        31.4658
    24         25      0.0903226      0.0903226        31.0667
    25         26      0.0903226      0.0903226        30.6928
    26         27      0.0903226      0.0903226        30.3413
    27         28      0.0903226      0.0903226        30.0102
    28         29      0.0903226      0.0903226        29.6974
    29         30      0.0903226      0.0903226        29.4014
    30         31      0.0903226      0.0903226        29.1207

                           Best        Current           Mean
Iteration   f-count         f(x)         f(x)         temperature
    31         32      0.0903226      0.0903226        28.8539
    32         33      0.0903226      0.0903226           28.6
    33         34      0.0903226      0.0903226        28.3578
    34         35      0.0903226      0.0903226        28.1266
    35         36      0.0903226      0.0903226        27.9055
    36         37      0.0903226      0.0903226        27.6938
    37         38      0.0903226      0.0903226        27.4908
    38         39      0.0903226      0.0903226        27.2958
    39         40      0.0903226      0.0903226        27.1085
    40         41      0.0903226      0.0903226        26.9283
    41         42      0.0903226      0.0903226        26.7546
    42         43      0.0903226      0.0903226        26.5873
    43         44      0.0903226      0.0903226        26.4257
    44         45      0.0903226      0.0903226        26.2697
    45         46      0.0903226      0.0903226        26.1189
    46         47      0.0903226      0.0903226         25.973
    47         48      0.0903226      0.0903226        25.8318
    48         49      0.0903226      0.0903226        25.6949
    49         50      0.0903226      0.0903226        25.5622
    50         51      0.0903226      0.0903226        25.4335
    51         52      0.0903226      0.0903226        25.3085
    52         53      0.0903226      0.0903226        25.1871
    53         54      0.0903226      0.0903226         25.069
    54         55      0.0903226      0.0903226        24.9543
    55         56      0.0903226      0.0903226        24.8425
    56         57      0.0903226      0.0903226        24.7338
    57         58      0.0903226      0.0903226        24.6279
    58         59      0.0903226      0.0903226        24.5246
    59         60      0.0903226      0.0903226        24.4239
    60         61      0.0903226      0.0903226        24.3257

                           Best        Current           Mean
Iteration   f-count         f(x)         f(x)         temperature
    61         62      0.0903226      0.0903226        24.2299
    62         63      0.0903226      0.0903226        24.1363
    63         64      0.0903226      0.0903226        24.0449
    64         65      0.0903226      0.0903226        23.9556
    65         66      0.0903226      0.0903226        23.8683
    66         67      0.0903226      0.0903226         23.783
    67         68      0.0903226      0.0903226        23.6994
    68         69      0.0903226      0.0903226        23.6177
    69         70      0.0903226      0.0903226        23.5377
    70         71      0.0903226      0.0903226        23.4594
    71         72      0.0903226      0.0903226        23.3827
    72         73      0.0903226      0.0903226        23.3075
    73         74      0.0903226      0.0903226        23.2338
    74         75      0.0903226      0.0903226        23.1616
    75         76      0.0903226      0.0903226        23.0908
    76         77      0.0903226      0.0903226        23.0213
    77         78      0.0903226      0.0903226        22.9531
    78         79      0.0903226      0.0903226        22.8862
    79         80      0.0903226      0.0903226        22.8205
    80         81      0.0903226      0.0903226         22.756
    81         82      0.0903226      0.0903226        22.6926
    82         83      0.0903226      0.0903226        22.6304
    83         84      0.0903226      0.0903226        22.5692
    84         85      0.0903226      0.0903226        22.5091
    85         86      0.0903226      0.0903226          22.45
    86         87      0.0903226      0.0903226        22.3919
    87         88      0.0903226      0.0903226        22.3347
    88         89      0.0903226      0.0903226        22.2785
    89         90      0.0903226      0.0903226        22.2232
    90         91      0.0903226      0.0903226        22.1687

                           Best        Current           Mean
Iteration   f-count         f(x)         f(x)         temperature
    91         92      0.0903226      0.0903226        22.1151
    92         93      0.0903226      0.0903226        22.0624
    93         94      0.0903226      0.0903226        22.0105
    94         95      0.0903226      0.0903226        21.9593
    95         96      0.0903226      0.0903226        21.9089
    96         97      0.0903226      0.0903226        21.8593
    97         98      0.0903226      0.0903226        21.8104
    98         99      0.0903226      0.0903226        21.7622
    99        100      0.0903226      0.0903226        21.7147
   100        101      0.0903226      0.0903226        21.6679
   101        102      0.0903226      0.0903226        21.6217
   102        103      0.0903226      0.0903226        21.5762
   103        104      0.0903226      0.0903226        21.5313
   104        105      0.0903226      0.0903226        21.4871
   105        106      0.0903226      0.0903226        21.4434
   106        107      0.0903226      0.0903226        21.4003
   107        108      0.0903226      0.0903226        21.3578
   108        109      0.0903226      0.0903226        21.3158
   109        110      0.0903226      0.0903226        21.2744
   110        111      0.0903226      0.0903226        21.2335
   111        112      0.0903226      0.0903226        21.1932
   112        113      0.0903226      0.0903226        21.1533
   113        114      0.0903226      0.0903226         21.114
   114        115      0.0903226      0.0903226        21.0751
   115        116      0.0903226      0.0903226        21.0367
   116        117      0.0903226      0.0903226        20.9988
   117        118      0.0903226      0.0903226        20.9614
   118        119      0.0903226      0.0903226        20.9243
   119        120      0.0903226      0.0903226        20.8878
   120        121      0.0903226      0.0903226        20.8516

                           Best        Current           Mean
Iteration   f-count         f(x)         f(x)         temperature
   121        122      0.0903226      0.0903226        20.8159
   122        123      0.0903226      0.0903226        20.7806
   123        124      0.0903226      0.0903226        20.7457
   124        125      0.0903226      0.0903226        20.7112
   125        126      0.0903226      0.0903226         20.677
   126        127      0.0903226      0.0903226        20.6433
   127        128      0.0903226      0.0903226        20.6099
   128        129      0.0903226      0.0903226        20.5769
   129        130      0.0903226      0.0903226        20.5443
   130        131      0.0903226      0.0903226         20.512
   131        132      0.0903226      0.0903226          20.48
   132        133      0.0903226      0.0903226        20.4484
   133        134      0.0903226      0.0903226        20.4172
   134        135      0.0903226      0.0903226        20.3862
   135        136      0.0903226      0.0903226        20.3556
   136        137      0.0903226      0.0903226        20.3253
   137        138      0.0903226      0.0903226        20.2953
   138        139      0.0903226      0.0903226        20.2656
   139        140      0.0903226      0.0903226        20.2362
   140        141      0.0903226      0.0903226        20.2071
   141        142      0.0903226      0.0903226        20.1783
   142        143      0.0903226      0.0903226        20.1497
   143        144      0.0903226      0.0903226        20.1215
   144        145      0.0903226      0.0903226        20.0935
   145        146      0.0903226      0.0903226        20.0658
   146        147      0.0903226      0.0903226        20.0383
   147        148      0.0903226      0.0903226        20.0112
   148        149      0.0903226      0.0903226        19.9842
   149        150      0.0903226      0.0903226        19.9575
   150        151      0.0903226      0.0903226        19.9311

                           Best        Current           Mean
Iteration   f-count         f(x)         f(x)         temperature
   151        152      0.0903226      0.0903226        19.9049
   152        153      0.0903226      0.0903226         19.879
   153        154      0.0903226      0.0903226        19.8533
   154        155      0.0903226      0.0903226        19.8278
   155        156      0.0903226      0.0903226        19.8025
   156        157      0.0903226      0.0903226        19.7775
   157        158      0.0903226      0.0903226        19.7527
   158        159      0.0903226      0.0903226        19.7281
   159        160      0.0903226      0.0903226        19.7038
   160        161      0.0903226      0.0903226        19.6796
   161        162      0.0903226      0.0903226        19.6556
   162        163      0.0903226      0.0903226        19.6319
   163        164      0.0903226      0.0903226        19.6084
   164        165      0.0903226      0.0903226         19.585
   165        166      0.0903226      0.0903226        19.5619
   166        167      0.0903226      0.0903226        19.5389
   167        168      0.0903226      0.0903226        19.5161
   168        169      0.0903226      0.0903226        19.4936
   169        170      0.0903226      0.0903226        19.4712
   170        171      0.0903226      0.0903226         19.449
   171        172      0.0903226      0.0903226        19.4269
   172        173      0.0903226      0.0903226        19.4051
   173        174      0.0903226      0.0903226        19.3834
   174        175      0.0903226      0.0903226        19.3619
   175        176      0.0903226      0.0903226        19.3405
   176        177      0.0903226      0.0903226        19.3194
   177        178      0.0903226      0.0903226        19.2984
   178        179      0.0903226      0.0903226        19.2775
   179        180      0.0903226      0.0903226        19.2569
   180        181      0.0903226      0.0903226        19.2363

                           Best        Current           Mean
Iteration   f-count         f(x)         f(x)         temperature
   181        182      0.0903226      0.0903226         19.216
   182        183      0.0903226      0.0903226        19.1958
   183        184      0.0903226      0.0903226        19.1757
   184        185      0.0903226      0.0903226        19.1558
   185        186      0.0903226      0.0903226         19.136
   186        187      0.0903226      0.0903226        19.1164
   187        188      0.0903226      0.0903226        19.0969
   188        189      0.0903226      0.0903226        19.0776
   189        190      0.0903226      0.0903226        19.0584
   190        191      0.0903226      0.0903226        19.0394
   191        192      0.0903226      0.0903226        19.0205
   192        193      0.0903226      0.0903226        19.0017
   193        194      0.0903226      0.0903226         18.983
   194        195      0.0903226      0.0903226        18.9645
   195        196      0.0903226      0.0903226        18.9462
   196        197      0.0903226      0.0903226        18.9279
   197        198      0.0903226      0.0903226        18.9098
   198        199      0.0903226      0.0903226        18.8918
   199        200      0.0903226      0.0903226        18.8739
   200        201      0.0903226      0.0903226        18.8562
   201        202      0.0903226      0.0903226        18.8385
   202        203      0.0903226      0.0903226         18.821
   203        204      0.0903226      0.0903226        18.8036
   204        205      0.0903226      0.0903226        18.7864
   205        206      0.0903226      0.0903226        18.7692
   206        207      0.0903226      0.0903226        18.7522
   207        208      0.0903226      0.0903226        18.7352
   208        209      0.0903226      0.0903226        18.7184
   209        210      0.0903226      0.0903226        18.7017
   210        211      0.0903226      0.0903226        18.6851

                           Best        Current           Mean
Iteration   f-count         f(x)         f(x)         temperature
   211        212      0.0903226      0.0903226        18.6686
   212        213      0.0903226      0.0903226        18.6522
   213        214      0.0903226      0.0903226        18.6359
   214        215      0.0903226      0.0903226        18.6198
   215        216      0.0903226      0.0903226        18.6037
   216        217      0.0903226      0.0903226        18.5877
   217        218      0.0903226      0.0903226        18.5718
   218        219      0.0903226      0.0903226        18.5561
   219        220      0.0903226      0.0903226        18.5404
   220        221      0.0903226      0.0903226        18.5248
   221        222      0.0903226      0.0903226        18.5093
   222        223      0.0903226      0.0903226         18.494
   223        224      0.0903226      0.0903226        18.4787
   224        225      0.0903226      0.0903226        18.4635
   225        226      0.0903226      0.0903226        18.4484
   226        227      0.0903226      0.0903226        18.4333
   227        228      0.0903226      0.0903226        18.4184
   228        229      0.0903226      0.0903226        18.4036
   229        230      0.0903226      0.0903226        18.3888
   230        231      0.0903226      0.0903226        18.3742
   231        232      0.0903226      0.0903226        18.3596
   232        233      0.0903226      0.0903226        18.3451
   233        234      0.0903226      0.0903226        18.3307
   234        235      0.0903226      0.0903226        18.3164
   235        236      0.0903226      0.0903226        18.3022
   236        237      0.0903226      0.0903226         18.288
   237        238      0.0903226      0.0903226        18.2739
   238        239      0.0903226      0.0903226          18.26
   239        240      0.0903226      0.0903226         18.246
   240        241      0.0903226      0.0903226        18.2322

                           Best        Current           Mean
Iteration   f-count         f(x)         f(x)         temperature
   241        242      0.0903226      0.0903226        18.2185
   242        243      0.0903226      0.0903226        18.2048
   243        244      0.0903226      0.0903226        18.1912
   244        245      0.0903226      0.0903226        18.1777
   245        246      0.0903226      0.0903226        18.1642
   246        247      0.0903226      0.0903226        18.1508
   247        248      0.0903226      0.0903226        18.1375
   248        249      0.0903226      0.0903226        18.1243
   249        250      0.0903226      0.0903226        18.1111
   250        251      0.0903226      0.0903226        18.0981
   251        252      0.0903226      0.0903226         18.085
   252        253      0.0903226      0.0903226        18.0721
   253        254      0.0903226      0.0903226        18.0592
   254        255      0.0903226      0.0903226        18.0464
   255        256      0.0903226      0.0903226        18.0337
   256        257      0.0903226      0.0903226         18.021
   257        258      0.0903226      0.0903226        18.0084
   258        259      0.0903226      0.0903226        17.9959
   259        260      0.0903226      0.0903226        17.9834
   260        261      0.0903226      0.0903226         17.971
   261        262      0.0903226      0.0903226        17.9587
   262        263      0.0903226      0.0903226        17.9464
   263        264      0.0903226      0.0903226        17.9342
   264        265      0.0903226      0.0903226         17.922
   265        266      0.0903226      0.0903226        17.9099
   266        267      0.0903226      0.0903226        17.8979
   267        268      0.0903226      0.0903226        17.8859
   268        269      0.0903226      0.0903226         17.874
   269        270      0.0903226      0.0903226        17.8622
   270        271      0.0903226      0.0903226        17.8504

                           Best        Current           Mean
Iteration   f-count         f(x)         f(x)         temperature
   271        272      0.0903226      0.0903226        17.8387
   272        273      0.0903226      0.0903226         17.827
   273        274      0.0903226      0.0903226        17.8154
   274        275      0.0903226      0.0903226        17.8038
   275        276      0.0903226      0.0903226        17.7923
   276        277      0.0903226      0.0903226        17.7809
   277        278      0.0903226      0.0903226        17.7695
   278        279      0.0903226      0.0903226        17.7582
   279        280      0.0903226      0.0903226        17.7469
   280        281      0.0903226      0.0903226        17.7357
   281        282      0.0903226      0.0903226        17.7245
   282        283      0.0903226      0.0903226        17.7134
   283        284      0.0903226      0.0903226        17.7023
   284        285      0.0903226      0.0903226        17.6913
   285        286      0.0903226      0.0903226        17.6804
   286        287      0.0903226      0.0903226        17.6695
   287        288      0.0903226      0.0903226        17.6586
   288        289      0.0903226      0.0903226        17.6478
   289        290      0.0903226      0.0903226        17.6371
   290        291      0.0903226      0.0903226        17.6264
   291        292      0.0903226      0.0903226        17.6157
   292        293      0.0903226      0.0903226        17.6051
   293        294      0.0903226      0.0903226        17.5945
   294        295      0.0903226      0.0903226         17.584
   295        296      0.0903226      0.0903226        17.5736
   296        297      0.0903226      0.0903226        17.5632
   297        298      0.0903226      0.0903226        17.5528
   298        299      0.0903226      0.0903226        17.5425
   299        300      0.0903226      0.0903226        17.5322
   300        301      0.0903226      0.0903226         17.522

                           Best        Current           Mean
Iteration   f-count         f(x)         f(x)         temperature
   301        302      0.0903226      0.0903226        17.5118
   302        303      0.0903226      0.0903226        17.5017
   303        304      0.0903226      0.0903226        17.4916
   304        305      0.0903226      0.0903226        17.4816
   305        306      0.0903226      0.0903226        17.4716
   306        307      0.0903226      0.0903226        17.4616
   307        308      0.0903226      0.0903226        17.4517
   308        309      0.0903226      0.0903226        17.4418
   309        310      0.0903226      0.0903226         17.432
   310        311      0.0903226      0.0903226        17.4222
   311        312      0.0903226      0.0903226        17.4125
   312        313      0.0903226      0.0903226        17.4028
   313        314      0.0903226      0.0903226        17.3931
   314        315      0.0903226      0.0903226        17.3835
   315        316      0.0903226      0.0903226         17.374
   316        317      0.0903226      0.0903226        17.3644
   317        318      0.0903226      0.0903226        17.3549
   318        319      0.0903226      0.0903226        17.3455
   319        320      0.0903226      0.0903226        17.3361
   320        321      0.0903226      0.0903226        17.3267
   321        322      0.0903226      0.0903226        17.3174
   322        323      0.0903226      0.0903226        17.3081
   323        324      0.0903226      0.0903226        17.2988
   324        325      0.0903226      0.0903226        17.2896
   325        326      0.0903226      0.0903226        17.2804
   326        327      0.0903226      0.0903226        17.2713
   327        328      0.0903226      0.0903226        17.2622
   328        329      0.0903226      0.0903226        17.2531
   329        330      0.0903226      0.0903226        17.2441
   330        331      0.0903226      0.0903226        17.2351

                           Best        Current           Mean
Iteration   f-count         f(x)         f(x)         temperature
   331        332      0.0903226      0.0903226        17.2261
   332        333      0.0903226      0.0903226        17.2172
   333        334      0.0903226      0.0903226        17.2083
   334        335      0.0903226      0.0903226        17.1995
   335        336      0.0903226      0.0903226        17.1907
   336        337      0.0903226      0.0903226        17.1819
   337        338      0.0903226      0.0903226        17.1731
   338        339      0.0903226      0.0903226        17.1644
   339        340      0.0903226      0.0903226        17.1558
   340        341      0.0903226      0.0903226        17.1471
   341        342      0.0903226      0.0903226        17.1385
   342        343      0.0903226      0.0903226        17.1299
   343        344      0.0903226      0.0903226        17.1214
   344        345      0.0903226      0.0903226        17.1129
   345        346      0.0903226      0.0903226        17.1044
   346        347      0.0903226      0.0903226         17.096
   347        348      0.0903226      0.0903226        17.0876
   348        349      0.0903226      0.0903226        17.0792
   349        350      0.0903226      0.0903226        17.0709
   350        351      0.0903226      0.0903226        17.0626
   351        352      0.0903226      0.0903226        17.0543
   352        353      0.0903226      0.0903226         17.046
   353        354      0.0903226      0.0903226        17.0378
   354        355      0.0903226      0.0903226        17.0296
   355        356      0.0903226      0.0903226        17.0215
   356        357      0.0903226      0.0903226        17.0134
   357        358      0.0903226      0.0903226        17.0053
   358        359      0.0903226      0.0903226        16.9972
   359        360      0.0903226      0.0903226        16.9892
   360        361      0.0903226      0.0903226        16.9812

                           Best        Current           Mean
Iteration   f-count         f(x)         f(x)         temperature
   361        362      0.0903226      0.0903226        16.9732
   362        363      0.0903226      0.0903226        16.9652
   363        364      0.0903226      0.0903226        16.9573
   364        365      0.0903226      0.0903226        16.9494
   365        366      0.0903226      0.0903226        16.9416
   366        367      0.0903226      0.0903226        16.9338
   367        368      0.0903226      0.0903226         16.926
   368        369      0.0903226      0.0903226        16.9182
   369        370      0.0903226      0.0903226        16.9105
   370        371      0.0903226      0.0903226        16.9027
   371        372      0.0903226      0.0903226         16.895
   372        373      0.0903226      0.0903226        16.8874
   373        374      0.0903226      0.0903226        16.8798
   374        375      0.0903226      0.0903226        16.8722
   375        376      0.0903226      0.0903226        16.8646
   376        377      0.0903226      0.0903226         16.857
   377        378      0.0903226      0.0903226        16.8495
   378        379      0.0903226      0.0903226         16.842
   379        380      0.0903226      0.0903226        16.8345
   380        381      0.0903226      0.0903226        16.8271
   381        382      0.0903226      0.0903226        16.8197
   382        383      0.0903226      0.0903226        16.8123
   383        384      0.0903226      0.0903226        16.8049
   384        385      0.0903226      0.0903226        16.7976
   385        386      0.0903226      0.0903226        16.7903
   386        387      0.0903226      0.0903226         16.783
   387        388      0.0903226      0.0903226        16.7757
   388        389      0.0903226      0.0903226        16.7685
   389        390      0.0903226      0.0903226        16.7612
   390        391      0.0903226      0.0903226         16.754

                           Best        Current           Mean
Iteration   f-count         f(x)         f(x)         temperature
   391        392      0.0903226      0.0903226        16.7469
   392        393      0.0903226      0.0903226        16.7397
   393        394      0.0903226      0.0903226        16.7326
   394        395      0.0903226      0.0903226        16.7255
   395        396      0.0903226      0.0903226        16.7185
   396        397      0.0903226      0.0903226        16.7114
   397        398      0.0903226      0.0903226        16.7044
   398        399      0.0903226      0.0903226        16.6974
   399        400      0.0903226      0.0903226        16.6904
   400        401      0.0903226      0.0903226        16.6835
   401        402      0.0903226      0.0903226        16.6765
   402        403      0.0903226      0.0903226        16.6696
   403        404      0.0903226      0.0903226        16.6627
   404        405      0.0903226      0.0903226        16.6559
   405        406      0.0903226      0.0903226         16.649
   406        407      0.0903226      0.0903226        16.6422
   407        408      0.0903226      0.0903226        16.6354
   408        409      0.0903226      0.0903226        16.6287
   409        410      0.0903226      0.0903226        16.6219
   410        411      0.0903226      0.0903226        16.6152
   411        412      0.0903226      0.0903226        16.6085
   412        413      0.0903226      0.0903226        16.6018
   413        414      0.0903226      0.0903226        16.5951
   414        415      0.0903226      0.0903226        16.5885
   415        416      0.0903226      0.0903226        16.5819
   416        417      0.0903226      0.0903226        16.5753
   417        418      0.0903226      0.0903226        16.5687
   418        419      0.0903226      0.0903226        16.5621
   419        420      0.0903226      0.0903226        16.5556
   420        421      0.0903226      0.0903226        16.5491

                           Best        Current           Mean
Iteration   f-count         f(x)         f(x)         temperature
   421        422      0.0903226      0.0903226        16.5426
   422        423      0.0903226      0.0903226        16.5361
   423        424      0.0903226      0.0903226        16.5297
   424        425      0.0903226      0.0903226        16.5232
   425        426      0.0903226      0.0903226        16.5168
   426        427      0.0903226      0.0903226        16.5104
   427        428      0.0903226      0.0903226         16.504
   428        429      0.0903226      0.0903226        16.4977
   429        430      0.0903226      0.0903226        16.4913
   430        431      0.0903226      0.0903226         16.485
   431        432      0.0903226      0.0903226        16.4787
   432        433      0.0903226      0.0903226        16.4725
   433        434      0.0903226      0.0903226        16.4662
   434        435      0.0903226      0.0903226          16.46
   435        436      0.0903226      0.0903226        16.4537
   436        437      0.0903226      0.0903226        16.4475
   437        438      0.0903226      0.0903226        16.4414
   438        439      0.0903226      0.0903226        16.4352
   439        440      0.0903226      0.0903226        16.4291
   440        441      0.0903226      0.0903226        16.4229
   441        442      0.0903226      0.0903226        16.4168
   442        443      0.0903226      0.0903226        16.4107
   443        444      0.0903226      0.0903226        16.4047
   444        445      0.0903226      0.0903226        16.3986
   445        446      0.0903226      0.0903226        16.3926
   446        447      0.0903226      0.0903226        16.3866
   447        448      0.0903226      0.0903226        16.3806
   448        449      0.0903226      0.0903226        16.3746
   449        450      0.0903226      0.0903226        16.3686
   450        451      0.0903226      0.0903226        16.3627

                           Best        Current           Mean
Iteration   f-count         f(x)         f(x)         temperature
   451        452      0.0903226      0.0903226        16.3568
   452        453      0.0903226      0.0903226        16.3508
   453        454      0.0903226      0.0903226         16.345
   454        455      0.0903226      0.0903226        16.3391
   455        456      0.0903226      0.0903226        16.3332
   456        457      0.0903226      0.0903226        16.3274
   457        458      0.0903226      0.0903226        16.3215
   458        459      0.0903226      0.0903226        16.3157
   459        460      0.0903226      0.0903226          16.31
   460        461      0.0903226      0.0903226        16.3042
   461        462      0.0903226      0.0903226        16.2984
   462        463      0.0903226      0.0903226        16.2927
   463        464      0.0903226      0.0903226         16.287
   464        465      0.0903226      0.0903226        16.2812
   465        466      0.0903226      0.0903226        16.2755
   466        467      0.0903226      0.0903226        16.2699
   467        468      0.0903226      0.0903226        16.2642
   468        469      0.0903226      0.0903226        16.2586
   469        470      0.0903226      0.0903226        16.2529
   470        471      0.0903226      0.0903226        16.2473
   471        472      0.0903226      0.0903226        16.2417
   472        473      0.0903226      0.0903226        16.2362
   473        474      0.0903226      0.0903226        16.2306
   474        475      0.0903226      0.0903226         16.225
   475        476      0.0903226      0.0903226        16.2195
   476        477      0.0903226      0.0903226         16.214
   477        478      0.0903226      0.0903226        16.2085
   478        479      0.0903226      0.0903226         16.203
   479        480      0.0903226      0.0903226        16.1975
   480        481      0.0903226      0.0903226        16.1921

                           Best        Current           Mean
Iteration   f-count         f(x)         f(x)         temperature
   481        482      0.0903226      0.0903226        16.1866
   482        483      0.0903226      0.0903226        16.1812
   483        484      0.0903226      0.0903226        16.1758
   484        485      0.0903226      0.0903226        16.1704
   485        486      0.0903226      0.0903226         16.165
   486        487      0.0903226      0.0903226        16.1596
   487        488      0.0903226      0.0903226        16.1543
   488        489      0.0903226      0.0903226        16.1489
   489        490      0.0903226      0.0903226        16.1436
   490        491      0.0903226      0.0903226        16.1383
   491        492      0.0903226      0.0903226         16.133
   492        493      0.0903226      0.0903226        16.1277
   493        494      0.0903226      0.0903226        16.1224
   494        495      0.0903226      0.0903226        16.1172
   495        496      0.0903226      0.0903226        16.1119
   496        497      0.0903226      0.0903226        16.1067
   497        498      0.0903226      0.0903226        16.1015
   498        499      0.0903226      0.0903226        16.0963
   499        500      0.0903226      0.0903226        16.0911
   500        501      0.0903226      0.0903226        16.0859
   501        502      0.0903226      0.0903226        16.0808
   502        503      0.0903226      0.0903226        16.0756
   503        504      0.0903226      0.0903226        16.0705
   504        505      0.0903226      0.0903226        16.0654
   505        506      0.0903226      0.0903226        16.0603
   506        507      0.0903226      0.0903226        16.0552
   507        508      0.0903226      0.0903226        16.0501
   508        509      0.0903226      0.0903226        16.0451
   509        510      0.0903226      0.0903226          16.04
   510        511      0.0903226      0.0903226         16.035

                           Best        Current           Mean
Iteration   f-count         f(x)         f(x)         temperature
   511        512      0.0903226      0.0903226        16.0299
   512        513      0.0903226      0.0903226        16.0249
   513        514      0.0903226      0.0903226        16.0199
   514        515      0.0903226      0.0903226        16.0149
   515        516      0.0903226      0.0903226          16.01
   516        517      0.0903226      0.0903226         16.005
   517        518      0.0903226      0.0903226        16.0001
   518        519      0.0903226      0.0903226        15.9951
   519        520      0.0903226      0.0903226        15.9902
   520        521      0.0903226      0.0903226        15.9853
   521        522      0.0903226      0.0903226        15.9804
   522        523      0.0903226      0.0903226        15.9755
   523        524      0.0903226      0.0903226        15.9706
   524        525      0.0903226      0.0903226        15.9658
   525        526      0.0903226      0.0903226        15.9609
   526        527      0.0903226      0.0903226        15.9561
   527        528      0.0903226      0.0903226        15.9513
   528        529      0.0903226      0.0903226        15.9464
   529        530      0.0903226      0.0903226        15.9416
   530        531      0.0903226      0.0903226        15.9369
   531        532      0.0903226      0.0903226        15.9321
   532        533      0.0903226      0.0903226        15.9273
   533        534      0.0903226      0.0903226        15.9226
   534        535      0.0903226      0.0903226        15.9178
   535        536      0.0903226      0.0903226        15.9131
   536        537      0.0903226      0.0903226        15.9084
   537        538      0.0903226      0.0903226        15.9037
   538        539      0.0903226      0.0903226         15.899
   539        540      0.0903226      0.0903226        15.8943
   540        541      0.0903226      0.0903226        15.8896

                           Best        Current           Mean
Iteration   f-count         f(x)         f(x)         temperature
   541        542      0.0903226      0.0903226         15.885
   542        543      0.0903226      0.0903226        15.8803
   543        544      0.0903226      0.0903226        15.8757
   544        545      0.0903226      0.0903226         15.871
   545        546      0.0903226      0.0903226        15.8664
   546        547      0.0903226      0.0903226        15.8618
   547        548      0.0903226      0.0903226        15.8572
   548        549      0.0903226      0.0903226        15.8526
   549        550      0.0903226      0.0903226        15.8481
   550        551      0.0903226      0.0903226        15.8435
   551        552      0.0903226      0.0903226         15.839
   552        553      0.0903226      0.0903226        15.8344
   553        554      0.0903226      0.0903226        15.8299
   554        555      0.0903226      0.0903226        15.8254
   555        556      0.0903226      0.0903226        15.8209
   556        557      0.0903226      0.0903226        15.8164
   557        558      0.0903226      0.0903226        15.8119
   558        559      0.0903226      0.0903226        15.8074
   559        560      0.0903226      0.0903226        15.8029
   560        561      0.0903226      0.0903226        15.7985
   561        562      0.0903226      0.0903226         15.794
   562        563      0.0903226      0.0903226        15.7896
   563        564      0.0903226      0.0903226        15.7852
   564        565      0.0903226      0.0903226        15.7808
   565        566      0.0903226      0.0903226        15.7764
   566        567      0.0903226      0.0903226         15.772
   567        568      0.0903226      0.0903226        15.7676
   568        569      0.0903226      0.0903226        15.7632
   569        570      0.0903226      0.0903226        15.7589
   570        571      0.0903226      0.0903226        15.7545

                           Best        Current           Mean
Iteration   f-count         f(x)         f(x)         temperature
   571        572      0.0903226      0.0903226        15.7502
   572        573      0.0903226      0.0903226        15.7458
   573        574      0.0903226      0.0903226        15.7415
   574        575      0.0903226      0.0903226        15.7372
   575        576      0.0903226      0.0903226        15.7329
   576        577      0.0903226      0.0903226        15.7286
   577        578      0.0903226      0.0903226        15.7243
   578        579      0.0903226      0.0903226        15.7201
   579        580      0.0903226      0.0903226        15.7158
   580        581      0.0903226      0.0903226        15.7115
   581        582      0.0903226      0.0903226        15.7073
   582        583      0.0903226      0.0903226        15.7031
   583        584      0.0903226      0.0903226        15.6988
   584        585      0.0903226      0.0903226        15.6946
   585        586      0.0903226      0.0903226        15.6904
   586        587      0.0903226      0.0903226        15.6862
   587        588      0.0903226      0.0903226         15.682
   588        589      0.0903226      0.0903226        15.6778
   589        590      0.0903226      0.0903226        15.6737
   590        591      0.0903226      0.0903226        15.6695
   591        592      0.0903226      0.0903226        15.6654
   592        593      0.0903226      0.0903226        15.6612
   593        594      0.0903226      0.0903226        15.6571
   594        595      0.0903226      0.0903226         15.653
   595        596      0.0903226      0.0903226        15.6489
   596        597      0.0903226      0.0903226        15.6448
   597        598      0.0903226      0.0903226        15.6407
   598        599      0.0903226      0.0903226        15.6366
   599        600      0.0903226      0.0903226        15.6325
   600        601      0.0903226      0.0903226        15.6284

                           Best        Current           Mean
Iteration   f-count         f(x)         f(x)         temperature
   601        602      0.0903226      0.0903226        15.6244
   602        603      0.0903226      0.0903226        15.6203
   603        604      0.0903226      0.0903226        15.6163
   604        605      0.0903226      0.0903226        15.6122
   605        606      0.0903226      0.0903226        15.6082
   606        607      0.0903226      0.0903226        15.6042
   607        608      0.0903226      0.0903226        15.6002
   608        609      0.0903226      0.0903226        15.5962
   609        610      0.0903226      0.0903226        15.5922
   610        611      0.0903226      0.0903226        15.5882
   611        612      0.0903226      0.0903226        15.5843
   612        613      0.0903226      0.0903226        15.5803
   613        614      0.0903226      0.0903226        15.5763
   614        615      0.0903226      0.0903226        15.5724
   615        616      0.0903226      0.0903226        15.5685
   616        617      0.0903226      0.0903226        15.5645
   617        618      0.0903226      0.0903226        15.5606
   618        619      0.0903226      0.0903226        15.5567
   619        620      0.0903226      0.0903226        15.5528
   620        621      0.0903226      0.0903226        15.5489
   621        622      0.0903226      0.0903226         15.545
   622        623      0.0903226      0.0903226        15.5411
   623        624      0.0903226      0.0903226        15.5372
   624        625      0.0903226      0.0903226        15.5334
   625        626      0.0903226      0.0903226        15.5295
   626        627      0.0903226      0.0903226        15.5257
   627        628      0.0903226      0.0903226        15.5218
   628        629      0.0903226      0.0903226         15.518
   629        630      0.0903226      0.0903226        15.5142
   630        631      0.0903226      0.0903226        15.5104

                           Best        Current           Mean
Iteration   f-count         f(x)         f(x)         temperature
   631        632      0.0903226      0.0903226        15.5065
   632        633      0.0903226      0.0903226        15.5027
   633        634      0.0903226      0.0903226         15.499
   634        635      0.0903226      0.0903226        15.4952
   635        636      0.0903226      0.0903226        15.4914
   636        637      0.0903226      0.0903226        15.4876
   637        638      0.0903226      0.0903226        15.4839
   638        639      0.0903226      0.0903226        15.4801
   639        640      0.0903226      0.0903226        15.4764
   640        641      0.0903226      0.0903226        15.4726
   641        642      0.0903226      0.0903226        15.4689
   642        643      0.0903226      0.0903226        15.4652
   643        644      0.0903226      0.0903226        15.4614
   644        645      0.0903226      0.0903226        15.4577
   645        646      0.0903226      0.0903226         15.454
   646        647      0.0903226      0.0903226        15.4503
   647        648      0.0903226      0.0903226        15.4467
   648        649      0.0903226      0.0903226         15.443
   649        650      0.0903226      0.0903226        15.4393
   650        651      0.0903226      0.0903226        15.4356
   651        652      0.0903226      0.0903226         15.432
   652        653      0.0903226      0.0903226        15.4283
   653        654      0.0903226      0.0903226        15.4247
   654        655      0.0903226      0.0903226        15.4211
   655        656      0.0903226      0.0903226        15.4174
   656        657      0.0903226      0.0903226        15.4138
   657        658      0.0903226      0.0903226        15.4102
   658        659      0.0903226      0.0903226        15.4066
   659        660      0.0903226      0.0903226         15.403
   660        661      0.0903226      0.0903226        15.3994

                           Best        Current           Mean
Iteration   f-count         f(x)         f(x)         temperature
   661        662      0.0903226      0.0903226        15.3958
   662        663      0.0903226      0.0903226        15.3923
   663        664      0.0903226      0.0903226        15.3887
   664        665      0.0903226      0.0903226        15.3851
   665        666      0.0903226      0.0903226        15.3816
   666        667      0.0903226      0.0903226         15.378
   667        668      0.0903226      0.0903226        15.3745
   668        669      0.0903226      0.0903226        15.3709
   669        670      0.0903226      0.0903226        15.3674
   670        671      0.0903226      0.0903226        15.3639
   671        672      0.0903226      0.0903226        15.3604
   672        673      0.0903226      0.0903226        15.3569
   673        674      0.0903226      0.0903226        15.3534
   674        675      0.0903226      0.0903226        15.3499
   675        676      0.0903226      0.0903226        15.3464
   676        677      0.0903226      0.0903226        15.3429
   677        678      0.0903226      0.0903226        15.3394
   678        679      0.0903226      0.0903226         15.336
   679        680      0.0903226      0.0903226        15.3325
   680        681      0.0903226      0.0903226         15.329
   681        682      0.0903226      0.0903226        15.3256
   682        683      0.0903226      0.0903226        15.3222
   683        684      0.0903226      0.0903226        15.3187
   684        685      0.0903226      0.0903226        15.3153
   685        686      0.0903226      0.0903226        15.3119
   686        687      0.0903226      0.0903226        15.3085
   687        688      0.0903226      0.0903226        15.3051
   688        689      0.0903226      0.0903226        15.3017
   689        690      0.0903226      0.0903226        15.2983
   690        691      0.0903226      0.0903226        15.2949

                           Best        Current           Mean
Iteration   f-count         f(x)         f(x)         temperature
   691        692      0.0903226      0.0903226        15.2915
   692        693      0.0903226      0.0903226        15.2881
   693        694      0.0903226      0.0903226        15.2847
   694        695      0.0903226      0.0903226        15.2814
   695        696      0.0903226      0.0903226         15.278
   696        697      0.0903226      0.0903226        15.2747
   697        698      0.0903226      0.0903226        15.2713
   698        699      0.0903226      0.0903226         15.268
   699        700      0.0903226      0.0903226        15.2647
   700        701      0.0903226      0.0903226        15.2613
   701        702      0.0903226      0.0903226         15.258
   702        703      0.0903226      0.0903226        15.2547
   703        704      0.0903226      0.0903226        15.2514
   704        705      0.0903226      0.0903226        15.2481
   705        706      0.0903226      0.0903226        15.2448
   706        707      0.0903226      0.0903226        15.2415
   707        708      0.0903226      0.0903226        15.2382
   708        709      0.0903226      0.0903226        15.2349
   709        710      0.0903226      0.0903226        15.2317
   710        711      0.0903226      0.0903226        15.2284
   711        712      0.0903226      0.0903226        15.2252
   712        713      0.0903226      0.0903226        15.2219
   713        714      0.0903226      0.0903226        15.2187
   714        715      0.0903226      0.0903226        15.2154
   715        716      0.0903226      0.0903226        15.2122
   716        717      0.0903226      0.0903226         15.209
   717        718      0.0903226      0.0903226        15.2057
   718        719      0.0903226      0.0903226        15.2025
   719        720      0.0903226      0.0903226        15.1993
   720        721      0.0903226      0.0903226        15.1961

                           Best        Current           Mean
Iteration   f-count         f(x)         f(x)         temperature
   721        722      0.0903226      0.0903226        15.1929
   722        723      0.0903226      0.0903226        15.1897
   723        724      0.0903226      0.0903226        15.1865
   724        725      0.0903226      0.0903226        15.1833
   725        726      0.0903226      0.0903226        15.1802
   726        727      0.0903226      0.0903226         15.177
   727        728      0.0903226      0.0903226        15.1738
   728        729      0.0903226      0.0903226        15.1707
   729        730      0.0903226      0.0903226        15.1675
   730        731      0.0903226      0.0903226        15.1644
   731        732      0.0903226      0.0903226        15.1612
   732        733      0.0903226      0.0903226        15.1581
   733        734      0.0903226      0.0903226        15.1549
   734        735      0.0903226      0.0903226        15.1518
   735        736      0.0903226      0.0903226        15.1487
   736        737      0.0903226      0.0903226        15.1456
   737        738      0.0903226      0.0903226        15.1425
   738        739      0.0903226      0.0903226        15.1394
   739        740      0.0903226      0.0903226        15.1363
   740        741      0.0903226      0.0903226        15.1332
   741        742      0.0903226      0.0903226        15.1301
   742        743      0.0903226      0.0903226         15.127
   743        744      0.0903226      0.0903226        15.1239
   744        745      0.0903226      0.0903226        15.1209
   745        746      0.0903226      0.0903226        15.1178
   746        747      0.0903226      0.0903226        15.1147
   747        748      0.0903226      0.0903226        15.1117
   748        749      0.0903226      0.0903226        15.1086
   749        750      0.0903226      0.0903226        15.1056
   750        751      0.0903226      0.0903226        15.1025

                           Best        Current           Mean
Iteration   f-count         f(x)         f(x)         temperature
   751        752      0.0903226      0.0903226        15.0995
   752        753      0.0903226      0.0903226        15.0965
   753        754      0.0903226      0.0903226        15.0934
   754        755      0.0903226      0.0903226        15.0904
   755        756      0.0903226      0.0903226        15.0874
   756        757      0.0903226      0.0903226        15.0844
   757        758      0.0903226      0.0903226        15.0814
   758        759      0.0903226      0.0903226        15.0784
   759        760      0.0903226      0.0903226        15.0754
   760        761      0.0903226      0.0903226        15.0724
   761        762      0.0903226      0.0903226        15.0694
   762        763      0.0903226      0.0903226        15.0665
   763        764      0.0903226      0.0903226        15.0635
   764        765      0.0903226      0.0903226        15.0605
   765        766      0.0903226      0.0903226        15.0576
   766        767      0.0903226      0.0903226        15.0546
   767        768      0.0903226      0.0903226        15.0517
   768        769      0.0903226      0.0903226        15.0487
   769        770      0.0903226      0.0903226        15.0458
   770        771      0.0903226      0.0903226        15.0428
   771        772      0.0903226      0.0903226        15.0399
   772        773      0.0903226      0.0903226         15.037
   773        774      0.0903226      0.0903226         15.034
   774        775      0.0903226      0.0903226        15.0311
   775        776      0.0903226      0.0903226        15.0282
   776        777      0.0903226      0.0903226        15.0253
   777        778      0.0903226      0.0903226        15.0224
   778        779      0.0903226      0.0903226        15.0195
   779        780      0.0903226      0.0903226        15.0166
   780        781      0.0903226      0.0903226        15.0137

                           Best        Current           Mean
Iteration   f-count         f(x)         f(x)         temperature
   781        782      0.0903226      0.0903226        15.0108
   782        783      0.0903226      0.0903226         15.008
   783        784      0.0903226      0.0903226        15.0051
   784        785      0.0903226      0.0903226        15.0022
   785        786      0.0903226      0.0903226        14.9993
   786        787      0.0903226      0.0903226        14.9965
   787        788      0.0903226      0.0903226        14.9936
   788        789      0.0903226      0.0903226        14.9908
   789        790      0.0903226      0.0903226        14.9879
   790        791      0.0903226      0.0903226        14.9851
   791        792      0.0903226      0.0903226        14.9823
   792        793      0.0903226      0.0903226        14.9794
   793        794      0.0903226      0.0903226        14.9766
   794        795      0.0903226      0.0903226        14.9738
   795        796      0.0903226      0.0903226         14.971
   796        797      0.0903226      0.0903226        14.9681
   797        798      0.0903226      0.0903226        14.9653
   798        799      0.0903226      0.0903226        14.9625
   799        800      0.0903226      0.0903226        14.9597
   800        801      0.0903226      0.0903226        14.9569
   801        802      0.0903226      0.0903226        14.9541
   802        803      0.0903226      0.0903226        14.9514
   803        804      0.0903226      0.0903226        14.9486
   804        805      0.0903226      0.0903226        14.9458
   805        806      0.0903226      0.0903226         14.943
   806        807      0.0903226      0.0903226        14.9403
   807        808      0.0903226      0.0903226        14.9375
   808        809      0.0903226      0.0903226        14.9347
   809        810      0.0903226      0.0903226         14.932
   810        811      0.0903226      0.0903226        14.9292

                           Best        Current           Mean
Iteration   f-count         f(x)         f(x)         temperature
   811        812      0.0903226      0.0903226        14.9265
   812        813      0.0903226      0.0903226        14.9237
   813        814      0.0903226      0.0903226         14.921
   814        815      0.0903226      0.0903226        14.9183
   815        816      0.0903226      0.0903226        14.9155
   816        817      0.0903226      0.0903226        14.9128
   817        818      0.0903226      0.0903226        14.9101
   818        819      0.0903226      0.0903226        14.9074
   819        820      0.0903226      0.0903226        14.9047
   820        821      0.0903226      0.0903226         14.902
   821        822      0.0903226      0.0903226        14.8993
   822        823      0.0903226      0.0903226        14.8966
   823        824      0.0903226      0.0903226        14.8939
   824        825      0.0903226      0.0903226        14.8912
   825        826      0.0903226      0.0903226        14.8885
   826        827      0.0903226      0.0903226        14.8858
   827        828      0.0903226      0.0903226        14.8831
   828        829      0.0903226      0.0903226        14.8805
   829        830      0.0903226      0.0903226        14.8778
   830        831      0.0903226      0.0903226        14.8751
   831        832      0.0903226      0.0903226        14.8725
   832        833      0.0903226      0.0903226        14.8698
   833        834      0.0903226      0.0903226        14.8672
   834        835      0.0903226      0.0903226        14.8645
   835        836      0.0903226      0.0903226        14.8619
   836        837      0.0903226      0.0903226        14.8592
   837        838      0.0903226      0.0903226        14.8566
   838        839      0.0903226      0.0903226         14.854
   839        840      0.0903226      0.0903226        14.8513
   840        841      0.0903226      0.0903226        14.8487

                           Best        Current           Mean
Iteration   f-count         f(x)         f(x)         temperature
   841        842      0.0903226      0.0903226        14.8461
   842        843      0.0903226      0.0903226        14.8435
   843        844      0.0903226      0.0903226        14.8409
   844        845      0.0903226      0.0903226        14.8383
   845        846      0.0903226      0.0903226        14.8357
   846        847      0.0903226      0.0903226        14.8331
   847        848      0.0903226      0.0903226        14.8305
   848        849      0.0903226      0.0903226        14.8279
   849        850      0.0903226      0.0903226        14.8253
   850        851      0.0903226      0.0903226        14.8227
   851        852      0.0903226      0.0903226        14.8201
   852        853      0.0903226      0.0903226        14.8175
   853        854      0.0903226      0.0903226         14.815
   854        855      0.0903226      0.0903226        14.8124
   855        856      0.0903226      0.0903226        14.8098
   856        857      0.0903226      0.0903226        14.8073
   857        858      0.0903226      0.0903226        14.8047
   858        859      0.0903226      0.0903226        14.8022
   859        860      0.0903226      0.0903226        14.7996
   860        861      0.0903226      0.0903226        14.7971
   861        862      0.0903226      0.0903226        14.7945
   862        863      0.0903226      0.0903226         14.792
   863        864      0.0903226      0.0903226        14.7895
   864        865      0.0903226      0.0903226        14.7869
   865        866      0.0903226      0.0903226        14.7844
   866        867      0.0903226      0.0903226        14.7819
   867        868      0.0903226      0.0903226        14.7794
   868        869      0.0903226      0.0903226        14.7768
   869        870      0.0903226      0.0903226        14.7743
   870        871      0.0903226      0.0903226        14.7718

                           Best        Current           Mean
Iteration   f-count         f(x)         f(x)         temperature
   871        872      0.0903226      0.0903226        14.7693
   872        873      0.0903226      0.0903226        14.7668
   873        874      0.0903226      0.0903226        14.7643
   874        875      0.0903226      0.0903226        14.7618
   875        876      0.0903226      0.0903226        14.7594
   876        877      0.0903226      0.0903226        14.7569
   877        878      0.0903226      0.0903226        14.7544
   878        879      0.0903226      0.0903226        14.7519
   879        880      0.0903226      0.0903226        14.7494
   880        881      0.0903226      0.0903226         14.747
   881        882      0.0903226      0.0903226        14.7445
   882        883      0.0903226      0.0903226         14.742
   883        884      0.0903226      0.0903226        14.7396
   884        885      0.0903226      0.0903226        14.7371
   885        886      0.0903226      0.0903226        14.7347
   886        887      0.0903226      0.0903226        14.7322
   887        888      0.0903226      0.0903226        14.7298
   888        889      0.0903226      0.0903226        14.7273
   889        890      0.0903226      0.0903226        14.7249
   890        891      0.0903226      0.0903226        14.7225
   891        892      0.0903226      0.0903226          14.72
   892        893      0.0903226      0.0903226        14.7176
   893        894      0.0903226      0.0903226        14.7152
   894        895      0.0903226      0.0903226        14.7128
   895        896      0.0903226      0.0903226        14.7103
   896        897      0.0903226      0.0903226        14.7079
   897        898      0.0903226      0.0903226        14.7055
   898        899      0.0903226      0.0903226        14.7031
   899        900      0.0903226      0.0903226        14.7007
   900        901      0.0903226      0.0903226        14.6983

                           Best        Current           Mean
Iteration   f-count         f(x)         f(x)         temperature
   901        902      0.0903226      0.0903226        14.6959
   902        903      0.0903226      0.0903226        14.6935
   903        904      0.0903226      0.0903226        14.6911
   904        905      0.0903226      0.0903226        14.6887
   905        906      0.0903226      0.0903226        14.6864
   906        907      0.0903226      0.0903226         14.684
   907        908      0.0903226      0.0903226        14.6816
   908        909      0.0903226      0.0903226        14.6792
   909        910      0.0903226      0.0903226        14.6769
   910        911      0.0903226      0.0903226        14.6745
   911        912      0.0903226      0.0903226        14.6721
   912        913      0.0903226      0.0903226        14.6698
   913        914      0.0903226      0.0903226        14.6674
   914        915      0.0903226      0.0903226        14.6651
   915        916      0.0903226      0.0903226        14.6627
   916        917      0.0903226      0.0903226        14.6604
   917        918      0.0903226      0.0903226         14.658
   918        919      0.0903226      0.0903226        14.6557
   919        920      0.0903226      0.0903226        14.6534
   920        921      0.0903226      0.0903226         14.651
   921        922      0.0903226      0.0903226        14.6487
   922        923      0.0903226      0.0903226        14.6464
   923        924      0.0903226      0.0903226         14.644
   924        925      0.0903226      0.0903226        14.6417
   925        926      0.0903226      0.0903226        14.6394
   926        927      0.0903226      0.0903226        14.6371
   927        928      0.0903226      0.0903226        14.6348
   928        929      0.0903226      0.0903226        14.6325
   929        930      0.0903226      0.0903226        14.6302
   930        931      0.0903226      0.0903226        14.6279

                           Best        Current           Mean
Iteration   f-count         f(x)         f(x)         temperature
   931        932      0.0903226      0.0903226        14.6256
   932        933      0.0903226      0.0903226        14.6233
   933        934      0.0903226      0.0903226         14.621
   934        935      0.0903226      0.0903226        14.6187
   935        936      0.0903226      0.0903226        14.6164
   936        937      0.0903226      0.0903226        14.6142
   937        938      0.0903226      0.0903226        14.6119
   938        939      0.0903226      0.0903226        14.6096
   939        940      0.0903226      0.0903226        14.6073
   940        941      0.0903226      0.0903226        14.6051
   941        942      0.0903226      0.0903226        14.6028
   942        943      0.0903226      0.0903226        14.6005
   943        944      0.0903226      0.0903226        14.5983
   944        945      0.0903226      0.0903226         14.596
   945        946      0.0903226      0.0903226        14.5938
   946        947      0.0903226      0.0903226        14.5915
   947        948      0.0903226      0.0903226        14.5893
   948        949      0.0903226      0.0903226         14.587
   949        950      0.0903226      0.0903226        14.5848
   950        951      0.0903226      0.0903226        14.5825
   951        952      0.0903226      0.0903226        14.5803
   952        953      0.0903226      0.0903226        14.5781
   953        954      0.0903226      0.0903226        14.5758
   954        955      0.0903226      0.0903226        14.5736
   955        956      0.0903226      0.0903226        14.5714
   956        957      0.0903226      0.0903226        14.5692
   957        958      0.0903226      0.0903226         14.567
   958        959      0.0903226      0.0903226        14.5648
   959        960      0.0903226      0.0903226        14.5625
   960        961      0.0903226      0.0903226        14.5603

                           Best        Current           Mean
Iteration   f-count         f(x)         f(x)         temperature
   961        962      0.0903226      0.0903226        14.5581
   962        963      0.0903226      0.0903226        14.5559
   963        964      0.0903226      0.0903226        14.5537
   964        965      0.0903226      0.0903226        14.5515
   965        966      0.0903226      0.0903226        14.5493
   966        967      0.0903226      0.0903226        14.5472
   967        968      0.0903226      0.0903226         14.545
   968        969      0.0903226      0.0903226        14.5428
   969        970      0.0903226      0.0903226        14.5406
   970        971      0.0903226      0.0903226        14.5384
   971        972      0.0903226      0.0903226        14.5362
   972        973      0.0903226      0.0903226        14.5341
   973        974      0.0903226      0.0903226        14.5319
   974        975      0.0903226      0.0903226        14.5297
   975        976      0.0903226      0.0903226        14.5276
   976        977      0.0903226      0.0903226        14.5254
   977        978      0.0903226      0.0903226        14.5233
   978        979      0.0903226      0.0903226        14.5211
   979        980      0.0903226      0.0903226        14.5189
   980        981      0.0903226      0.0903226        14.5168
   981        982      0.0903226      0.0903226        14.5146
   982        983      0.0903226      0.0903226        14.5125
   983        984      0.0903226      0.0903226        14.5104
   984        985      0.0903226      0.0903226        14.5082
   985        986      0.0903226      0.0903226        14.5061
   986        987      0.0903226      0.0903226         14.504
   987        988      0.0903226      0.0903226        14.5018
   988        989      0.0903226      0.0903226        14.4997
   989        990      0.0903226      0.0903226        14.4976
   990        991      0.0903226      0.0903226        14.4955

                           Best        Current           Mean
Iteration   f-count         f(x)         f(x)         temperature
   991        992      0.0903226      0.0903226        14.4933
   992        993      0.0903226      0.0903226        14.4912
   993        994      0.0903226      0.0903226        14.4891
   994        995      0.0903226      0.0903226         14.487
   995        996      0.0903226      0.0903226        14.4849
   996        997      0.0903226      0.0903226        14.4828
   997        998      0.0903226      0.0903226        14.4807
   998        999      0.0903226      0.0903226        14.4786
   999       1000      0.0903226      0.0903226        14.4765
  1000       1001      0.0903226      0.0903226        14.4744
  1001       1002      0.0903226      0.0903226        14.4723
  1002       1003      0.0903226      0.0903226        14.4702
  1003       1004      0.0903226      0.0903226        14.4681
  1004       1005      0.0903226      0.0903226         14.466
  1005       1006      0.0903226      0.0903226         14.464
  1006       1007      0.0903226      0.0903226        14.4619
  1007       1008      0.0903226      0.0903226        14.4598
  1008       1009      0.0903226      0.0903226        14.4577
  1009       1010      0.0903226      0.0903226        14.4557
  1010       1011      0.0903226      0.0903226        14.4536
  1011       1012      0.0903226      0.0903226        14.4515
Optimization terminated: change in best function value less than options.TolFun.

vetor =

    0.2000   40.0000    0.0070    1.2100


	 HdL: 0.200  t1dt0: 40.000  L1dL0: 0.007  Alpha: 1.210
