\nSimulated Annealing...Discreted\n

	 Fitness Limit : -Inf
Diagnostic information.
	objective function = @sa_cav_y_4dof
	X0 = [  10 40 0.003 1.1 ]
Modified options:
	options.AnnealingFcn = @d_annealing_c4
	options.TemperatureFcn = @temperatureboltz
	options.StallIterLimit = 1000
	options.InitialTemperature = [  100 100 100 100 ]
	options.Display = 'diagnose'
	options.ReannealInterval = 10
	options.DisplayInterval = 1 
	options.AcceptanceFcn = @acceptancesa
End of diagnostic information.


                           Best        Current           Mean
Iteration   f-count         f(x)         f(x)         temperature
     0          1            Inf            Inf            100
     1          2       0.200134       0.200134         144.27
     2          3       0.200134       0.200134        91.0239
     3          4       0.184819       0.184819        72.1348
     4          5       0.184819       0.184819        62.1335
     5          6       0.184819       0.184819        55.8111
     6          7       0.164577       0.164577        51.3898
     7          8       0.164577       0.164577        48.0898
     8          9       0.164577       0.164577         45.512
     9         10       0.164577       0.164577        43.4294
    10         11       0.164577       0.164577        41.7032
    11         12       0.164577       0.164577         40.243
    12         13       0.164577       0.164577        38.9871
    13         14       0.164577        1.20693        37.8923
    14         15       0.164577        1.20693        36.9269
    15         16       0.164577        1.20693        36.0674
    16         17       0.164577        1.20693        35.2956
    17         18       0.164577        1.20693        34.5976
    18         19       0.164577        0.18258        33.9623
    19         20       0.164577        0.18258        33.3808
    20         21       0.164577        0.18258        32.8459
    21         22       0.135788       0.135788        32.3515
    22         23       0.135788       0.135788        31.8929
    23         24      0.0892546      0.0892546        31.4658
    24         25      0.0892546      0.0892546        31.0667
    25         26      0.0892546       0.405201        30.6928
    26         27      0.0892546       0.405201        30.3413
    27         28      0.0892546       0.405201        30.0102
    28         29      0.0892546       0.405201        29.6974
*   29         30      0.0892546       0.180303            Inf
    30         31      0.0892546       0.180303         144.27

                           Best        Current           Mean
Iteration   f-count         f(x)         f(x)         temperature
    31         32      0.0892546       0.180303        91.0239
    32         33      0.0892546       0.180303        72.1348
    33         34      0.0892546       0.180303        62.1335
    34         35      0.0892546       0.180303        55.8111
    35         36      0.0892546       0.180303        51.3898
    36         37      0.0892546       0.180303        48.0898
    37         38      0.0892546       0.180303         45.512
    38         39      0.0892546       0.180303        43.4294
    39         40      0.0892546       0.180303        41.7032
    40         41      0.0892546       0.180303         40.243
    41         42      0.0892546       0.128173        38.9871
    42         43      0.0892546       0.128173        37.8923
    43         44      0.0892546       0.128173        36.9269
    44         45      0.0892546       0.128173        36.0674
    45         46      0.0892546       0.128173        35.2956
    46         47      0.0892546       0.128173        34.5976
    47         48      0.0892546       0.128173        33.9623
    48         49      0.0892546       0.128173        33.3808
    49         50      0.0892546       0.128173        32.8459
    50         51      0.0892546       0.128173        32.3515
    51         52      0.0892546       0.128173        31.8929
    52         53      0.0892546       0.128173        31.4658
    53         54      0.0892546       0.128173        31.0667
    54         55      0.0892546       0.128173        30.6928
    55         56      0.0892546       0.128173        30.3413
    56         57      0.0892546       0.128173        30.0102
    57         58      0.0892546       0.128173        29.6974
    58         59      0.0892546       0.128173        29.4014
    59         60      0.0892546       0.281309        29.1207
    60         61      0.0892546       0.281309        28.8539

                           Best        Current           Mean
Iteration   f-count         f(x)         f(x)         temperature
    61         62      0.0892546       0.281309           28.6
    62         63      0.0892546      0.0963337        28.3578
    63         64      0.0892546      0.0963337        28.1266
    64         65      0.0892546      0.0963337        27.9055
    65         66      0.0892546      0.0963337        27.6938
    66         67      0.0892546       0.148211        27.4908
    67         68      0.0892546       0.148211        27.2958
    68         69      0.0892546       0.148211        27.1085
    69         70      0.0892546       0.303917        26.9283
    70         71      0.0892546       0.303917        26.7546
    71         72      0.0892546       0.303917        26.5873
    72         73      0.0892546       0.303917        26.4257
    73         74      0.0892546       0.303917        26.2697
    74         75      0.0892546       0.303917        26.1189
    75         76      0.0892546       0.303917         25.973
    76         77      0.0892546       0.303917        25.8318
    77         78      0.0892546       0.303917        25.6949
    78         79      0.0892546       0.303917        25.5622
    79         80      0.0892546       0.303917        25.4335
    80         81      0.0892546       0.303917        25.3085
    81         82      0.0892546       0.303917        25.1871
    82         83      0.0892546       0.303917         25.069
    83         84      0.0892546       0.303917        24.9543
    84         85      0.0892546       0.303917        24.8425
    85         86      0.0892546       0.303917        24.7338
    86         87      0.0892546       0.303917        24.6279
    87         88      0.0892546       0.303917        24.5246
    88         89      0.0892546       0.303917        24.4239
    89         90      0.0892546       0.303917        24.3257
    90         91      0.0892546       0.303917        24.2299

                           Best        Current           Mean
Iteration   f-count         f(x)         f(x)         temperature
    91         92      0.0892546       0.303917        24.1363
    92         93      0.0892546       0.303917        24.0449
    93         94      0.0892546       0.303917        23.9556
    94         95      0.0892546       0.303917        23.8683
    95         96      0.0892546       0.303917         23.783
    96         97      0.0892546       0.303917        23.6994
    97         98      0.0892546       0.303917        23.6177
    98         99      0.0892546       0.303917        23.5377
    99        100      0.0892546       0.303917        23.4594
   100        101      0.0892546       0.303917        23.3827
   101        102      0.0892546       0.303917        23.3075
   102        103      0.0892546       0.303917        23.2338
   103        104      0.0892546       0.303917        23.1616
   104        105      0.0892546       0.303917        23.0908
   105        106      0.0892546       0.303917        23.0213
   106        107      0.0892546       0.303917        22.9531
   107        108      0.0892546       0.303917        22.8862
   108        109      0.0892546       0.303917        22.8205
   109        110      0.0892546       0.303917         22.756
   110        111      0.0892546       0.303917        22.6926
   111        112      0.0892546       0.303917        22.6304
   112        113      0.0892546       0.303917        22.5692
   113        114      0.0892546       0.303917        22.5091
   114        115      0.0892546       0.303917          22.45
   115        116      0.0892546       0.303917        22.3919
   116        117      0.0892546       0.303917        22.3347
   117        118      0.0892546       0.303917        22.2785
   118        119      0.0892546       0.303917        22.2232
   119        120      0.0892546       0.303917        22.1687
   120        121      0.0892546       0.303917        22.1151

                           Best        Current           Mean
Iteration   f-count         f(x)         f(x)         temperature
   121        122      0.0892546       0.303917        22.0624
   122        123      0.0892546       0.303917        22.0105
   123        124      0.0892546       0.303917        21.9593
   124        125      0.0892546       0.303917        21.9089
   125        126      0.0892546       0.303917        21.8593
   126        127      0.0892546       0.303917        21.8104
   127        128      0.0892546       0.303917        21.7622
   128        129      0.0892546       0.303917        21.7147
   129        130      0.0892546       0.303917        21.6679
   130        131      0.0892546       0.303917        21.6217
   131        132      0.0892546       0.303917        21.5762
   132        133      0.0892546       0.303917        21.5313
   133        134      0.0892546       0.303917        21.4871
   134        135      0.0892546       0.303917        21.4434
   135        136      0.0892546       0.303917        21.4003
   136        137      0.0892546       0.303917        21.3578
   137        138      0.0892546       0.303917        21.3158
   138        139      0.0892546       0.303917        21.2744
   139        140      0.0892546       0.303917        21.2335
   140        141      0.0892546       0.303917        21.1932
   141        142      0.0892546       0.303917        21.1533
   142        143      0.0892546       0.303917         21.114
   143        144      0.0892546       0.303917        21.0751
   144        145      0.0892546       0.303917        21.0367
   145        146      0.0892546       0.303917        20.9988
   146        147      0.0892546       0.303917        20.9614
   147        148      0.0892546       0.303917        20.9243
   148        149      0.0892546       0.303917        20.8878
   149        150      0.0892546       0.303917        20.8516
   150        151      0.0892546       0.303917        20.8159

                           Best        Current           Mean
Iteration   f-count         f(x)         f(x)         temperature
   151        152      0.0892546       0.303917        20.7806
   152        153      0.0892546       0.303917        20.7457
   153        154      0.0892546       0.303917        20.7112
   154        155      0.0892546       0.303917         20.677
   155        156      0.0892546       0.303917        20.6433
   156        157      0.0892546       0.303917        20.6099
   157        158      0.0892546       0.303917        20.5769
   158        159      0.0892546       0.303917        20.5443
   159        160      0.0892546       0.303917         20.512
   160        161      0.0892546       0.303917          20.48
   161        162      0.0892546       0.303917        20.4484
   162        163      0.0892546       0.303917        20.4172
   163        164      0.0892546       0.303917        20.3862
   164        165      0.0892546       0.303917        20.3556
   165        166      0.0892546       0.303917        20.3253
   166        167      0.0892546       0.303917        20.2953
   167        168      0.0892546       0.303917        20.2656
   168        169      0.0892546       0.303917        20.2362
   169        170      0.0892546       0.303917        20.2071
   170        171      0.0892546       0.303917        20.1783
   171        172      0.0892546       0.303917        20.1497
   172        173      0.0892546       0.303917        20.1215
   173        174      0.0892546       0.303917        20.0935
   174        175      0.0892546       0.303917        20.0658
   175        176      0.0892546       0.303917        20.0383
   176        177      0.0892546       0.303917        20.0112
   177        178      0.0892546       0.303917        19.9842
   178        179      0.0892546       0.303917        19.9575
   179        180      0.0892546       0.303917        19.9311
   180        181      0.0892546       0.303917        19.9049

                           Best        Current           Mean
Iteration   f-count         f(x)         f(x)         temperature
   181        182      0.0892546       0.303917         19.879
   182        183      0.0892546       0.303917        19.8533
   183        184      0.0892546       0.303917        19.8278
   184        185      0.0892546       0.303917        19.8025
   185        186      0.0892546       0.303917        19.7775
   186        187      0.0892546       0.303917        19.7527
   187        188      0.0892546       0.303917        19.7281
   188        189      0.0892546       0.303917        19.7038
   189        190      0.0892546       0.303917        19.6796
   190        191      0.0892546       0.303917        19.6556
   191        192      0.0892546       0.303917        19.6319
   192        193      0.0892546       0.303917        19.6084
   193        194      0.0892546       0.303917         19.585
   194        195      0.0892546       0.303917        19.5619
   195        196      0.0892546       0.303917        19.5389
   196        197      0.0892546       0.303917        19.5161
   197        198      0.0892546       0.303917        19.4936
   198        199      0.0892546       0.303917        19.4712
   199        200      0.0892546       0.303917         19.449
   200        201      0.0892546       0.303917        19.4269
   201        202      0.0892546       0.303917        19.4051
   202        203      0.0892546       0.303917        19.3834
   203        204      0.0892546       0.303917        19.3619
   204        205      0.0892546       0.303917        19.3405
   205        206      0.0892546       0.303917        19.3194
   206        207      0.0892546       0.303917        19.2984
   207        208      0.0892546       0.303917        19.2775
   208        209      0.0892546       0.303917        19.2569
   209        210      0.0892546       0.303917        19.2363
   210        211      0.0892546       0.303917         19.216

                           Best        Current           Mean
Iteration   f-count         f(x)         f(x)         temperature
   211        212      0.0892546       0.303917        19.1958
   212        213      0.0892546       0.303917        19.1757
   213        214      0.0892546       0.303917        19.1558
   214        215      0.0892546       0.303917         19.136
   215        216      0.0892546       0.303917        19.1164
   216        217      0.0892546       0.303917        19.0969
   217        218      0.0892546       0.303917        19.0776
   218        219      0.0892546       0.303917        19.0584
   219        220      0.0892546       0.303917        19.0394
   220        221      0.0892546       0.303917        19.0205
   221        222      0.0892546       0.303917        19.0017
   222        223      0.0892546       0.303917         18.983
   223        224      0.0892546       0.303917        18.9645
   224        225      0.0892546       0.303917        18.9462
   225        226      0.0892546       0.303917        18.9279
   226        227      0.0892546       0.303917        18.9098
   227        228      0.0892546       0.303917        18.8918
   228        229      0.0892546       0.303917        18.8739
   229        230      0.0892546       0.303917        18.8562
   230        231      0.0892546       0.303917        18.8385
   231        232      0.0892546       0.303917         18.821
   232        233      0.0892546       0.303917        18.8036
   233        234      0.0892546       0.303917        18.7864
   234        235      0.0892546       0.303917        18.7692
   235        236      0.0892546       0.303917        18.7522
   236        237      0.0892546       0.303917        18.7352
   237        238      0.0892546       0.303917        18.7184
   238        239      0.0892546       0.303917        18.7017
   239        240      0.0892546       0.303917        18.6851
   240        241      0.0892546       0.303917        18.6686

                           Best        Current           Mean
Iteration   f-count         f(x)         f(x)         temperature
   241        242      0.0892546       0.303917        18.6522
   242        243      0.0892546       0.303917        18.6359
   243        244      0.0892546       0.303917        18.6198
   244        245      0.0892546       0.303917        18.6037
   245        246      0.0892546       0.303917        18.5877
   246        247      0.0892546       0.303917        18.5718
   247        248      0.0892546       0.303917        18.5561
   248        249      0.0892546       0.303917        18.5404
   249        250      0.0892546       0.303917        18.5248
   250        251      0.0892546       0.303917        18.5093
   251        252      0.0892546       0.303917         18.494
   252        253      0.0892546       0.303917        18.4787
   253        254      0.0892546       0.303917        18.4635
   254        255      0.0892546       0.303917        18.4484
   255        256      0.0892546       0.303917        18.4333
   256        257      0.0892546       0.303917        18.4184
   257        258      0.0892546       0.303917        18.4036
   258        259      0.0892546       0.303917        18.3888
   259        260      0.0892546       0.303917        18.3742
   260        261      0.0892546       0.303917        18.3596
   261        262      0.0892546       0.303917        18.3451
   262        263      0.0892546       0.303917        18.3307
   263        264      0.0892546       0.303917        18.3164
   264        265      0.0892546       0.303917        18.3022
   265        266      0.0892546       0.303917         18.288
   266        267      0.0892546       0.303917        18.2739
   267        268      0.0892546       0.303917          18.26
   268        269      0.0892546       0.303917         18.246
   269        270      0.0892546       0.303917        18.2322
   270        271      0.0892546       0.303917        18.2185

                           Best        Current           Mean
Iteration   f-count         f(x)         f(x)         temperature
   271        272      0.0892546       0.303917        18.2048
   272        273      0.0892546       0.303917        18.1912
   273        274      0.0892546       0.303917        18.1777
   274        275      0.0892546       0.303917        18.1642
   275        276      0.0892546       0.303917        18.1508
   276        277      0.0892546       0.303917        18.1375
   277        278      0.0892546       0.303917        18.1243
   278        279      0.0892546       0.303917        18.1111
   279        280      0.0892546       0.303917        18.0981
   280        281      0.0892546       0.303917         18.085
   281        282      0.0892546       0.303917        18.0721
   282        283      0.0892546       0.303917        18.0592
   283        284      0.0892546       0.303917        18.0464
   284        285      0.0892546       0.303917        18.0337
   285        286      0.0892546       0.303917         18.021
   286        287      0.0892546       0.303917        18.0084
   287        288      0.0892546       0.303917        17.9959
   288        289      0.0892546       0.303917        17.9834
   289        290      0.0892546       0.303917         17.971
   290        291      0.0892546       0.303917        17.9587
   291        292      0.0892546       0.303917        17.9464
   292        293      0.0892546       0.303917        17.9342
   293        294      0.0892546       0.303917         17.922
   294        295      0.0892546       0.303917        17.9099
   295        296      0.0892546       0.303917        17.8979
   296        297      0.0892546       0.303917        17.8859
   297        298      0.0892546       0.303917         17.874
   298        299      0.0892546       0.303917        17.8622
   299        300      0.0892546       0.303917        17.8504
   300        301      0.0892546       0.303917        17.8387

                           Best        Current           Mean
Iteration   f-count         f(x)         f(x)         temperature
   301        302      0.0892546       0.303917         17.827
   302        303      0.0892546       0.303917        17.8154
   303        304      0.0892546       0.303917        17.8038
   304        305      0.0892546       0.303917        17.7923
   305        306      0.0892546       0.303917        17.7809
   306        307      0.0892546       0.303917        17.7695
   307        308      0.0892546       0.303917        17.7582
   308        309      0.0892546       0.303917        17.7469
   309        310      0.0892546       0.303917        17.7357
   310        311      0.0892546       0.303917        17.7245
   311        312      0.0892546       0.303917        17.7134
   312        313      0.0892546       0.303917        17.7023
   313        314      0.0892546       0.303917        17.6913
   314        315      0.0892546       0.303917        17.6804
   315        316      0.0892546       0.303917        17.6695
   316        317      0.0892546       0.303917        17.6586
   317        318      0.0892546       0.303917        17.6478
   318        319      0.0892546       0.303917        17.6371
   319        320      0.0892546       0.303917        17.6264
   320        321      0.0892546       0.303917        17.6157
   321        322      0.0892546       0.303917        17.6051
   322        323      0.0892546       0.303917        17.5945
   323        324      0.0892546       0.303917         17.584
   324        325      0.0892546       0.303917        17.5736
   325        326      0.0892546       0.303917        17.5632
   326        327      0.0892546       0.303917        17.5528
   327        328      0.0892546       0.303917        17.5425
   328        329      0.0892546       0.303917        17.5322
   329        330      0.0892546       0.303917         17.522
   330        331      0.0892546       0.303917        17.5118

                           Best        Current           Mean
Iteration   f-count         f(x)         f(x)         temperature
   331        332      0.0892546       0.303917        17.5017
   332        333      0.0892546       0.303917        17.4916
   333        334      0.0892546       0.303917        17.4816
   334        335      0.0892546       0.303917        17.4716
   335        336      0.0892546       0.303917        17.4616
   336        337      0.0892546       0.303917        17.4517
   337        338      0.0892546       0.303917        17.4418
   338        339      0.0892546       0.303917         17.432
   339        340      0.0892546       0.303917        17.4222
   340        341      0.0892546       0.303917        17.4125
   341        342      0.0892546       0.303917        17.4028
   342        343      0.0892546       0.303917        17.3931
   343        344      0.0892546       0.303917        17.3835
   344        345      0.0892546       0.303917         17.374
   345        346      0.0892546       0.303917        17.3644
   346        347      0.0892546       0.303917        17.3549
   347        348      0.0892546       0.303917        17.3455
   348        349      0.0892546       0.303917        17.3361
   349        350      0.0892546       0.303917        17.3267
   350        351      0.0892546       0.303917        17.3174
   351        352      0.0892546       0.303917        17.3081
   352        353      0.0892546       0.303917        17.2988
   353        354      0.0892546       0.303917        17.2896
   354        355      0.0892546       0.303917        17.2804
   355        356      0.0892546       0.303917        17.2713
   356        357      0.0892546       0.303917        17.2622
   357        358      0.0892546       0.303917        17.2531
   358        359      0.0892546       0.303917        17.2441
   359        360      0.0892546       0.303917        17.2351
   360        361      0.0892546       0.303917        17.2261

                           Best        Current           Mean
Iteration   f-count         f(x)         f(x)         temperature
   361        362      0.0892546       0.303917        17.2172
   362        363      0.0892546       0.303917        17.2083
   363        364      0.0892546       0.303917        17.1995
   364        365      0.0892546       0.303917        17.1907
   365        366      0.0892546       0.303917        17.1819
   366        367      0.0892546       0.303917        17.1731
   367        368      0.0892546       0.303917        17.1644
   368        369      0.0892546       0.303917        17.1558
   369        370      0.0892546       0.303917        17.1471
   370        371      0.0892546       0.303917        17.1385
   371        372      0.0892546       0.303917        17.1299
   372        373      0.0892546       0.303917        17.1214
   373        374      0.0892546       0.303917        17.1129
   374        375      0.0892546       0.303917        17.1044
   375        376      0.0892546       0.303917         17.096
   376        377      0.0892546       0.303917        17.0876
   377        378      0.0892546       0.303917        17.0792
   378        379      0.0892546       0.303917        17.0709
   379        380      0.0892546       0.303917        17.0626
   380        381      0.0892546       0.303917        17.0543
   381        382      0.0892546       0.303917         17.046
   382        383      0.0892546       0.303917        17.0378
   383        384      0.0892546       0.303917        17.0296
   384        385      0.0892546       0.303917        17.0215
   385        386      0.0892546       0.303917        17.0134
   386        387      0.0892546       0.303917        17.0053
   387        388      0.0892546       0.303917        16.9972
   388        389      0.0892546       0.303917        16.9892
   389        390      0.0892546       0.303917        16.9812
   390        391      0.0892546       0.303917        16.9732

                           Best        Current           Mean
Iteration   f-count         f(x)         f(x)         temperature
   391        392      0.0892546       0.303917        16.9652
   392        393      0.0892546       0.303917        16.9573
   393        394      0.0892546       0.303917        16.9494
   394        395      0.0892546       0.303917        16.9416
   395        396      0.0892546       0.303917        16.9338
   396        397      0.0892546       0.303917         16.926
   397        398      0.0892546       0.303917        16.9182
   398        399      0.0892546       0.303917        16.9105
   399        400      0.0892546       0.303917        16.9027
   400        401      0.0892546       0.303917         16.895
   401        402      0.0892546       0.303917        16.8874
   402        403      0.0892546       0.303917        16.8798
   403        404      0.0892546       0.303917        16.8722
   404        405      0.0892546       0.303917        16.8646
   405        406      0.0892546       0.303917         16.857
   406        407      0.0892546       0.303917        16.8495
   407        408      0.0892546       0.303917         16.842
   408        409      0.0892546       0.303917        16.8345
   409        410      0.0892546       0.303917        16.8271
   410        411      0.0892546       0.303917        16.8197
   411        412      0.0892546       0.303917        16.8123
   412        413      0.0892546       0.303917        16.8049
   413        414      0.0892546       0.303917        16.7976
   414        415      0.0892546       0.303917        16.7903
   415        416      0.0892546       0.303917         16.783
   416        417      0.0892546       0.303917        16.7757
   417        418      0.0892546       0.303917        16.7685
   418        419      0.0892546       0.303917        16.7612
   419        420      0.0892546       0.303917         16.754
   420        421      0.0892546       0.303917        16.7469

                           Best        Current           Mean
Iteration   f-count         f(x)         f(x)         temperature
   421        422      0.0892546       0.303917        16.7397
   422        423      0.0892546       0.303917        16.7326
   423        424      0.0892546       0.303917        16.7255
   424        425      0.0892546       0.303917        16.7185
   425        426      0.0892546       0.303917        16.7114
   426        427      0.0892546       0.303917        16.7044
   427        428      0.0892546       0.303917        16.6974
   428        429      0.0892546       0.303917        16.6904
   429        430      0.0892546       0.303917        16.6835
   430        431      0.0892546       0.303917        16.6765
   431        432      0.0892546       0.303917        16.6696
   432        433      0.0892546       0.303917        16.6627
   433        434      0.0892546       0.303917        16.6559
   434        435      0.0892546       0.303917         16.649
   435        436      0.0892546       0.303917        16.6422
   436        437      0.0892546       0.303917        16.6354
   437        438      0.0892546       0.303917        16.6287
   438        439      0.0892546       0.303917        16.6219
   439        440      0.0892546       0.303917        16.6152
   440        441      0.0892546       0.303917        16.6085
   441        442      0.0892546       0.303917        16.6018
   442        443      0.0892546       0.303917        16.5951
   443        444      0.0892546       0.303917        16.5885
   444        445      0.0892546       0.303917        16.5819
   445        446      0.0892546       0.303917        16.5753
   446        447      0.0892546       0.303917        16.5687
   447        448      0.0892546       0.303917        16.5621
   448        449      0.0892546       0.303917        16.5556
   449        450      0.0892546       0.303917        16.5491
   450        451      0.0892546       0.303917        16.5426

                           Best        Current           Mean
Iteration   f-count         f(x)         f(x)         temperature
   451        452      0.0892546       0.303917        16.5361
   452        453      0.0892546       0.303917        16.5297
   453        454      0.0892546       0.303917        16.5232
   454        455      0.0892546       0.303917        16.5168
   455        456      0.0892546       0.303917        16.5104
   456        457      0.0892546       0.303917         16.504
   457        458      0.0892546       0.303917        16.4977
   458        459      0.0892546       0.303917        16.4913
   459        460      0.0892546       0.303917         16.485
   460        461      0.0892546       0.303917        16.4787
   461        462      0.0892546       0.303917        16.4725
   462        463      0.0892546       0.303917        16.4662
   463        464      0.0892546       0.303917          16.46
   464        465      0.0892546       0.303917        16.4537
   465        466      0.0892546       0.303917        16.4475
   466        467      0.0892546       0.303917        16.4414
   467        468      0.0892546       0.303917        16.4352
   468        469      0.0892546       0.303917        16.4291
   469        470      0.0892546       0.303917        16.4229
   470        471      0.0892546       0.303917        16.4168
   471        472      0.0892546       0.303917        16.4107
   472        473      0.0892546       0.303917        16.4047
   473        474      0.0892546       0.303917        16.3986
   474        475      0.0892546       0.303917        16.3926
   475        476      0.0892546       0.303917        16.3866
   476        477      0.0892546       0.303917        16.3806
   477        478      0.0892546       0.303917        16.3746
   478        479      0.0892546       0.303917        16.3686
   479        480      0.0892546       0.303917        16.3627
   480        481      0.0892546       0.303917        16.3568

                           Best        Current           Mean
Iteration   f-count         f(x)         f(x)         temperature
   481        482      0.0892546       0.303917        16.3508
   482        483      0.0892546       0.303917         16.345
   483        484      0.0892546       0.303917        16.3391
   484        485      0.0892546       0.303917        16.3332
   485        486      0.0892546       0.303917        16.3274
   486        487      0.0892546       0.303917        16.3215
   487        488      0.0892546       0.303917        16.3157
   488        489      0.0892546       0.303917          16.31
   489        490      0.0892546       0.303917        16.3042
   490        491      0.0892546       0.303917        16.2984
   491        492      0.0892546       0.303917        16.2927
   492        493      0.0892546       0.303917         16.287
   493        494      0.0892546       0.303917        16.2812
   494        495      0.0892546       0.303917        16.2755
   495        496      0.0892546       0.303917        16.2699
   496        497      0.0892546       0.303917        16.2642
   497        498      0.0892546       0.303917        16.2586
   498        499      0.0892546       0.303917        16.2529
   499        500      0.0892546       0.303917        16.2473
   500        501      0.0892546       0.303917        16.2417
   501        502      0.0892546       0.303917        16.2362
   502        503      0.0892546       0.303917        16.2306
   503        504      0.0892546       0.303917         16.225
   504        505      0.0892546       0.303917        16.2195
   505        506      0.0892546       0.303917         16.214
   506        507      0.0892546       0.303917        16.2085
   507        508      0.0892546       0.303917         16.203
   508        509      0.0892546       0.303917        16.1975
   509        510      0.0892546       0.303917        16.1921
   510        511      0.0892546       0.303917        16.1866

                           Best        Current           Mean
Iteration   f-count         f(x)         f(x)         temperature
   511        512      0.0892546       0.303917        16.1812
   512        513      0.0892546       0.303917        16.1758
   513        514      0.0892546       0.303917        16.1704
   514        515      0.0892546       0.303917         16.165
   515        516      0.0892546       0.303917        16.1596
   516        517      0.0892546       0.303917        16.1543
   517        518      0.0892546       0.303917        16.1489
   518        519      0.0892546       0.303917        16.1436
   519        520      0.0892546       0.303917        16.1383
   520        521      0.0892546       0.303917         16.133
   521        522      0.0892546       0.303917        16.1277
   522        523      0.0892546       0.303917        16.1224
   523        524      0.0892546       0.303917        16.1172
   524        525      0.0892546       0.303917        16.1119
   525        526      0.0892546       0.303917        16.1067
   526        527      0.0892546       0.303917        16.1015
   527        528      0.0892546       0.303917        16.0963
   528        529      0.0892546       0.303917        16.0911
   529        530      0.0892546       0.303917        16.0859
   530        531      0.0892546       0.303917        16.0808
   531        532      0.0892546       0.303917        16.0756
   532        533      0.0892546       0.303917        16.0705
   533        534      0.0892546       0.303917        16.0654
   534        535      0.0892546       0.303917        16.0603
   535        536      0.0892546       0.303917        16.0552
   536        537      0.0892546       0.303917        16.0501
   537        538      0.0892546       0.303917        16.0451
   538        539      0.0892546       0.303917          16.04
   539        540      0.0892546       0.303917         16.035
   540        541      0.0892546       0.303917        16.0299

                           Best        Current           Mean
Iteration   f-count         f(x)         f(x)         temperature
   541        542      0.0892546       0.303917        16.0249
   542        543      0.0892546       0.303917        16.0199
   543        544      0.0892546       0.303917        16.0149
   544        545      0.0892546       0.303917          16.01
   545        546      0.0892546       0.303917         16.005
   546        547      0.0892546       0.303917        16.0001
   547        548      0.0892546       0.303917        15.9951
   548        549      0.0892546       0.303917        15.9902
   549        550      0.0892546       0.303917        15.9853
   550        551      0.0892546       0.303917        15.9804
   551        552      0.0892546       0.303917        15.9755
   552        553      0.0892546       0.303917        15.9706
   553        554      0.0892546       0.303917        15.9658
   554        555      0.0892546       0.303917        15.9609
   555        556      0.0892546       0.303917        15.9561
   556        557      0.0892546       0.303917        15.9513
   557        558      0.0892546       0.303917        15.9464
   558        559      0.0892546       0.303917        15.9416
   559        560      0.0892546       0.303917        15.9369
   560        561      0.0892546       0.303917        15.9321
   561        562      0.0892546       0.303917        15.9273
   562        563      0.0892546       0.303917        15.9226
   563        564      0.0892546       0.303917        15.9178
   564        565      0.0892546       0.303917        15.9131
   565        566      0.0892546       0.303917        15.9084
   566        567      0.0892546       0.303917        15.9037
   567        568      0.0892546       0.303917         15.899
   568        569      0.0892546       0.303917        15.8943
   569        570      0.0892546       0.303917        15.8896
   570        571      0.0892546       0.303917         15.885

                           Best        Current           Mean
Iteration   f-count         f(x)         f(x)         temperature
   571        572      0.0892546       0.303917        15.8803
   572        573      0.0892546       0.303917        15.8757
   573        574      0.0892546       0.303917         15.871
   574        575      0.0892546       0.303917        15.8664
   575        576      0.0892546       0.303917        15.8618
   576        577      0.0892546       0.303917        15.8572
   577        578      0.0892546       0.303917        15.8526
   578        579      0.0892546       0.303917        15.8481
   579        580      0.0892546       0.303917        15.8435
   580        581      0.0892546       0.303917         15.839
   581        582      0.0892546       0.303917        15.8344
   582        583      0.0892546       0.303917        15.8299
   583        584      0.0892546       0.303917        15.8254
   584        585      0.0892546       0.303917        15.8209
   585        586      0.0892546       0.303917        15.8164
   586        587      0.0892546       0.303917        15.8119
   587        588      0.0892546       0.303917        15.8074
   588        589      0.0892546       0.303917        15.8029
   589        590      0.0892546       0.303917        15.7985
   590        591      0.0892546       0.303917         15.794
   591        592      0.0892546       0.303917        15.7896
   592        593      0.0892546       0.303917        15.7852
   593        594      0.0892546       0.303917        15.7808
   594        595      0.0892546       0.303917        15.7764
   595        596      0.0892546       0.303917         15.772
   596        597      0.0892546       0.303917        15.7676
   597        598      0.0892546       0.303917        15.7632
   598        599      0.0892546       0.303917        15.7589
   599        600      0.0892546       0.303917        15.7545
   600        601      0.0892546       0.303917        15.7502

                           Best        Current           Mean
Iteration   f-count         f(x)         f(x)         temperature
   601        602      0.0892546       0.303917        15.7458
   602        603      0.0892546       0.303917        15.7415
   603        604      0.0892546       0.303917        15.7372
   604        605      0.0892546       0.303917        15.7329
   605        606      0.0892546       0.303917        15.7286
   606        607      0.0892546       0.303917        15.7243
   607        608      0.0892546       0.303917        15.7201
   608        609      0.0892546       0.303917        15.7158
   609        610      0.0892546       0.303917        15.7115
   610        611      0.0892546       0.303917        15.7073
   611        612      0.0892546       0.303917        15.7031
   612        613      0.0892546       0.303917        15.6988
   613        614      0.0892546       0.303917        15.6946
   614        615      0.0892546       0.303917        15.6904
   615        616      0.0892546       0.303917        15.6862
   616        617      0.0892546       0.303917         15.682
   617        618      0.0892546       0.303917        15.6778
   618        619      0.0892546       0.303917        15.6737
   619        620      0.0892546       0.303917        15.6695
   620        621      0.0892546       0.303917        15.6654
   621        622      0.0892546       0.303917        15.6612
   622        623      0.0892546       0.303917        15.6571
   623        624      0.0892546       0.303917         15.653
   624        625      0.0892546       0.303917        15.6489
   625        626      0.0892546       0.303917        15.6448
   626        627      0.0892546       0.303917        15.6407
   627        628      0.0892546       0.303917        15.6366
   628        629      0.0892546       0.303917        15.6325
   629        630      0.0892546       0.303917        15.6284
   630        631      0.0892546       0.303917        15.6244

                           Best        Current           Mean
Iteration   f-count         f(x)         f(x)         temperature
   631        632      0.0892546       0.303917        15.6203
   632        633      0.0892546       0.303917        15.6163
   633        634      0.0892546       0.303917        15.6122
   634        635      0.0892546       0.303917        15.6082
   635        636      0.0892546       0.303917        15.6042
   636        637      0.0892546       0.303917        15.6002
   637        638      0.0892546       0.303917        15.5962
   638        639      0.0892546       0.303917        15.5922
   639        640      0.0892546       0.303917        15.5882
   640        641      0.0892546       0.303917        15.5843
   641        642      0.0892546       0.303917        15.5803
   642        643      0.0892546       0.303917        15.5763
   643        644      0.0892546       0.303917        15.5724
   644        645      0.0892546       0.303917        15.5685
   645        646      0.0892546       0.303917        15.5645
   646        647      0.0892546       0.303917        15.5606
   647        648      0.0892546       0.303917        15.5567
   648        649      0.0892546       0.303917        15.5528
   649        650      0.0892546       0.303917        15.5489
   650        651      0.0892546       0.303917         15.545
   651        652      0.0892546       0.303917        15.5411
   652        653      0.0892546       0.303917        15.5372
   653        654      0.0892546       0.303917        15.5334
   654        655      0.0892546       0.303917        15.5295
   655        656      0.0892546       0.303917        15.5257
   656        657      0.0892546       0.303917        15.5218
   657        658      0.0892546       0.303917         15.518
   658        659      0.0892546       0.303917        15.5142
   659        660      0.0892546       0.303917        15.5104
   660        661      0.0892546       0.303917        15.5065

                           Best        Current           Mean
Iteration   f-count         f(x)         f(x)         temperature
   661        662      0.0892546       0.303917        15.5027
   662        663      0.0892546       0.303917         15.499
   663        664      0.0892546       0.303917        15.4952
   664        665      0.0892546       0.303917        15.4914
   665        666      0.0892546       0.303917        15.4876
   666        667      0.0892546       0.303917        15.4839
   667        668      0.0892546       0.303917        15.4801
   668        669      0.0892546       0.303917        15.4764
   669        670      0.0892546       0.303917        15.4726
   670        671      0.0892546       0.303917        15.4689
   671        672      0.0892546       0.303917        15.4652
   672        673      0.0892546       0.303917        15.4614
   673        674      0.0892546       0.303917        15.4577
   674        675      0.0892546       0.303917         15.454
   675        676      0.0892546       0.303917        15.4503
   676        677      0.0892546       0.303917        15.4467
   677        678      0.0892546       0.303917         15.443
   678        679      0.0892546       0.303917        15.4393
   679        680      0.0892546       0.303917        15.4356
   680        681      0.0892546       0.303917         15.432
   681        682      0.0892546       0.303917        15.4283
   682        683      0.0892546       0.303917        15.4247
   683        684      0.0892546       0.303917        15.4211
   684        685      0.0892546       0.303917        15.4174
   685        686      0.0892546       0.303917        15.4138
   686        687      0.0892546       0.303917        15.4102
   687        688      0.0892546       0.303917        15.4066
   688        689      0.0892546       0.303917         15.403
   689        690      0.0892546       0.303917        15.3994
   690        691      0.0892546       0.303917        15.3958

                           Best        Current           Mean
Iteration   f-count         f(x)         f(x)         temperature
   691        692      0.0892546       0.303917        15.3923
   692        693      0.0892546       0.303917        15.3887
   693        694      0.0892546       0.303917        15.3851
   694        695      0.0892546       0.303917        15.3816
   695        696      0.0892546       0.303917         15.378
   696        697      0.0892546       0.303917        15.3745
   697        698      0.0892546       0.303917        15.3709
   698        699      0.0892546       0.303917        15.3674
   699        700      0.0892546       0.303917        15.3639
   700        701      0.0892546       0.303917        15.3604
   701        702      0.0892546       0.303917        15.3569
   702        703      0.0892546       0.303917        15.3534
   703        704      0.0892546       0.303917        15.3499
   704        705      0.0892546       0.303917        15.3464
   705        706      0.0892546       0.303917        15.3429
   706        707      0.0892546       0.303917        15.3394
   707        708      0.0892546       0.303917         15.336
   708        709      0.0892546       0.303917        15.3325
   709        710      0.0892546       0.303917         15.329
   710        711      0.0892546       0.303917        15.3256
   711        712      0.0892546       0.303917        15.3222
   712        713      0.0892546       0.303917        15.3187
   713        714      0.0892546       0.303917        15.3153
   714        715      0.0892546       0.303917        15.3119
   715        716      0.0892546       0.303917        15.3085
   716        717      0.0892546       0.303917        15.3051
   717        718      0.0892546       0.303917        15.3017
   718        719      0.0892546       0.303917        15.2983
   719        720      0.0892546       0.303917        15.2949
   720        721      0.0892546       0.303917        15.2915

                           Best        Current           Mean
Iteration   f-count         f(x)         f(x)         temperature
   721        722      0.0892546       0.303917        15.2881
   722        723      0.0892546       0.303917        15.2847
   723        724      0.0892546       0.303917        15.2814
   724        725      0.0892546       0.303917         15.278
   725        726      0.0892546       0.303917        15.2747
   726        727      0.0892546       0.303917        15.2713
   727        728      0.0892546       0.303917         15.268
   728        729      0.0892546       0.303917        15.2647
   729        730      0.0892546       0.303917        15.2613
   730        731      0.0892546       0.303917         15.258
   731        732      0.0892546       0.303917        15.2547
   732        733      0.0892546       0.303917        15.2514
   733        734      0.0892546       0.303917        15.2481
   734        735      0.0892546       0.303917        15.2448
   735        736      0.0892546       0.303917        15.2415
   736        737      0.0892546       0.303917        15.2382
   737        738      0.0892546       0.303917        15.2349
   738        739      0.0892546       0.303917        15.2317
   739        740      0.0892546       0.303917        15.2284
   740        741      0.0892546       0.303917        15.2252
   741        742      0.0892546       0.303917        15.2219
   742        743      0.0892546       0.303917        15.2187
   743        744      0.0892546       0.303917        15.2154
   744        745      0.0892546       0.303917        15.2122
   745        746      0.0892546       0.303917         15.209
   746        747      0.0892546       0.303917        15.2057
   747        748      0.0892546       0.303917        15.2025
   748        749      0.0892546       0.303917        15.1993
   749        750      0.0892546       0.303917        15.1961
   750        751      0.0892546       0.303917        15.1929

                           Best        Current           Mean
Iteration   f-count         f(x)         f(x)         temperature
   751        752      0.0892546       0.303917        15.1897
   752        753      0.0892546       0.303917        15.1865
   753        754      0.0892546       0.303917        15.1833
   754        755      0.0892546       0.303917        15.1802
   755        756      0.0892546       0.303917         15.177
   756        757      0.0892546       0.303917        15.1738
   757        758      0.0892546       0.303917        15.1707
   758        759      0.0892546       0.303917        15.1675
   759        760      0.0892546       0.303917        15.1644
   760        761      0.0892546       0.303917        15.1612
   761        762      0.0892546       0.303917        15.1581
   762        763      0.0892546       0.303917        15.1549
   763        764      0.0892546       0.303917        15.1518
   764        765      0.0892546       0.303917        15.1487
   765        766      0.0892546       0.303917        15.1456
   766        767      0.0892546       0.303917        15.1425
   767        768      0.0892546       0.303917        15.1394
   768        769      0.0892546       0.303917        15.1363
   769        770      0.0892546       0.303917        15.1332
   770        771      0.0892546       0.303917        15.1301
   771        772      0.0892546       0.303917         15.127
   772        773      0.0892546       0.303917        15.1239
   773        774      0.0892546       0.303917        15.1209
   774        775      0.0892546       0.303917        15.1178
   775        776      0.0892546       0.303917        15.1147
   776        777      0.0892546       0.303917        15.1117
   777        778      0.0892546       0.303917        15.1086
   778        779      0.0892546       0.303917        15.1056
   779        780      0.0892546       0.303917        15.1025
   780        781      0.0892546       0.303917        15.0995

                           Best        Current           Mean
Iteration   f-count         f(x)         f(x)         temperature
   781        782      0.0892546       0.303917        15.0965
   782        783      0.0892546       0.303917        15.0934
   783        784      0.0892546       0.303917        15.0904
   784        785      0.0892546       0.303917        15.0874
   785        786      0.0892546       0.303917        15.0844
   786        787      0.0892546       0.303917        15.0814
   787        788      0.0892546       0.303917        15.0784
   788        789      0.0892546       0.303917        15.0754
   789        790      0.0892546       0.303917        15.0724
   790        791      0.0892546       0.303917        15.0694
   791        792      0.0892546       0.303917        15.0665
   792        793      0.0892546       0.303917        15.0635
   793        794      0.0892546       0.303917        15.0605
   794        795      0.0892546       0.303917        15.0576
   795        796      0.0892546       0.303917        15.0546
   796        797      0.0892546       0.303917        15.0517
   797        798      0.0892546       0.303917        15.0487
   798        799      0.0892546       0.303917        15.0458
   799        800      0.0892546       0.303917        15.0428
   800        801      0.0892546       0.303917        15.0399
   801        802      0.0892546       0.303917         15.037
   802        803      0.0892546       0.303917         15.034
   803        804      0.0892546       0.303917        15.0311
   804        805      0.0892546       0.303917        15.0282
   805        806      0.0892546       0.303917        15.0253
   806        807      0.0892546       0.303917        15.0224
   807        808      0.0892546       0.303917        15.0195
   808        809      0.0892546       0.303917        15.0166
   809        810      0.0892546       0.303917        15.0137
   810        811      0.0892546       0.303917        15.0108

                           Best        Current           Mean
Iteration   f-count         f(x)         f(x)         temperature
   811        812      0.0892546       0.303917         15.008
   812        813      0.0892546       0.303917        15.0051
   813        814      0.0892546       0.303917        15.0022
   814        815      0.0892546       0.303917        14.9993
   815        816      0.0892546       0.303917        14.9965
   816        817      0.0892546       0.303917        14.9936
   817        818      0.0892546       0.303917        14.9908
   818        819      0.0892546       0.303917        14.9879
   819        820      0.0892546       0.303917        14.9851
   820        821      0.0892546       0.303917        14.9823
   821        822      0.0892546       0.303917        14.9794
   822        823      0.0892546       0.303917        14.9766
   823        824      0.0892546       0.303917        14.9738
   824        825      0.0892546       0.303917         14.971
   825        826      0.0892546       0.303917        14.9681
   826        827      0.0892546       0.303917        14.9653
   827        828      0.0892546       0.303917        14.9625
   828        829      0.0892546       0.303917        14.9597
   829        830      0.0892546       0.303917        14.9569
   830        831      0.0892546       0.303917        14.9541
   831        832      0.0892546       0.303917        14.9514
   832        833      0.0892546       0.303917        14.9486
   833        834      0.0892546       0.303917        14.9458
   834        835      0.0892546       0.303917         14.943
   835        836      0.0892546       0.303917        14.9403
   836        837      0.0892546       0.303917        14.9375
   837        838      0.0892546       0.303917        14.9347
   838        839      0.0892546       0.303917         14.932
   839        840      0.0892546       0.303917        14.9292
   840        841      0.0892546       0.303917        14.9265

                           Best        Current           Mean
Iteration   f-count         f(x)         f(x)         temperature
   841        842      0.0892546       0.303917        14.9237
   842        843      0.0892546       0.303917         14.921
   843        844      0.0892546       0.303917        14.9183
   844        845      0.0892546       0.303917        14.9155
   845        846      0.0892546       0.303917        14.9128
   846        847      0.0892546       0.303917        14.9101
   847        848      0.0892546       0.303917        14.9074
   848        849      0.0892546       0.303917        14.9047
   849        850      0.0892546       0.303917         14.902
   850        851      0.0892546       0.303917        14.8993
   851        852      0.0892546       0.303917        14.8966
   852        853      0.0892546       0.303917        14.8939
   853        854      0.0892546       0.303917        14.8912
   854        855      0.0892546       0.303917        14.8885
   855        856      0.0892546       0.303917        14.8858
   856        857      0.0892546       0.303917        14.8831
   857        858      0.0892546       0.303917        14.8805
   858        859      0.0892546       0.303917        14.8778
   859        860      0.0892546       0.303917        14.8751
   860        861      0.0892546       0.303917        14.8725
   861        862      0.0892546       0.303917        14.8698
   862        863      0.0892546       0.303917        14.8672
   863        864      0.0892546       0.303917        14.8645
   864        865      0.0892546       0.303917        14.8619
   865        866      0.0892546       0.303917        14.8592
   866        867      0.0892546       0.303917        14.8566
   867        868      0.0892546       0.303917         14.854
   868        869      0.0892546       0.303917        14.8513
   869        870      0.0892546       0.303917        14.8487
   870        871      0.0892546       0.303917        14.8461

                           Best        Current           Mean
Iteration   f-count         f(x)         f(x)         temperature
   871        872      0.0892546       0.303917        14.8435
   872        873      0.0892546       0.303917        14.8409
   873        874      0.0892546       0.303917        14.8383
   874        875      0.0892546       0.303917        14.8357
   875        876      0.0892546       0.303917        14.8331
   876        877      0.0892546       0.303917        14.8305
   877        878      0.0892546       0.303917        14.8279
   878        879      0.0892546       0.303917        14.8253
   879        880      0.0892546       0.303917        14.8227
   880        881      0.0892546       0.303917        14.8201
   881        882      0.0892546       0.303917        14.8175
   882        883      0.0892546       0.303917         14.815
   883        884      0.0892546       0.303917        14.8124
   884        885      0.0892546       0.303917        14.8098
   885        886      0.0892546       0.303917        14.8073
   886        887      0.0892546       0.303917        14.8047
   887        888      0.0892546       0.303917        14.8022
   888        889      0.0892546       0.303917        14.7996
   889        890      0.0892546       0.303917        14.7971
   890        891      0.0892546       0.303917        14.7945
   891        892      0.0892546       0.303917         14.792
   892        893      0.0892546       0.303917        14.7895
   893        894      0.0892546       0.303917        14.7869
   894        895      0.0892546       0.303917        14.7844
   895        896      0.0892546       0.303917        14.7819
   896        897      0.0892546       0.303917        14.7794
   897        898      0.0892546       0.303917        14.7768
   898        899      0.0892546       0.303917        14.7743
   899        900      0.0892546       0.303917        14.7718
   900        901      0.0892546       0.303917        14.7693

                           Best        Current           Mean
Iteration   f-count         f(x)         f(x)         temperature
   901        902      0.0892546       0.303917        14.7668
   902        903      0.0892546       0.303917        14.7643
   903        904      0.0892546       0.303917        14.7618
   904        905      0.0892546       0.303917        14.7594
   905        906      0.0892546       0.303917        14.7569
   906        907      0.0892546       0.303917        14.7544
   907        908      0.0892546       0.303917        14.7519
   908        909      0.0892546       0.303917        14.7494
   909        910      0.0892546       0.303917         14.747
   910        911      0.0892546       0.303917        14.7445
   911        912      0.0892546       0.303917         14.742
   912        913      0.0892546       0.303917        14.7396
   913        914      0.0892546       0.303917        14.7371
   914        915      0.0892546       0.303917        14.7347
   915        916      0.0892546       0.303917        14.7322
   916        917      0.0892546       0.303917        14.7298
   917        918      0.0892546       0.303917        14.7273
   918        919      0.0892546       0.303917        14.7249
   919        920      0.0892546       0.303917        14.7225
   920        921      0.0892546       0.303917          14.72
   921        922      0.0892546       0.303917        14.7176
   922        923      0.0892546       0.303917        14.7152
   923        924      0.0892546       0.303917        14.7128
   924        925      0.0892546       0.303917        14.7103
   925        926      0.0892546       0.303917        14.7079
   926        927      0.0892546       0.303917        14.7055
   927        928      0.0892546       0.303917        14.7031
   928        929      0.0892546       0.303917        14.7007
   929        930      0.0892546       0.303917        14.6983
   930        931      0.0892546       0.303917        14.6959

                           Best        Current           Mean
Iteration   f-count         f(x)         f(x)         temperature
   931        932      0.0892546       0.303917        14.6935
   932        933      0.0892546       0.303917        14.6911
   933        934      0.0892546       0.303917        14.6887
   934        935      0.0892546       0.303917        14.6864
   935        936      0.0892546       0.303917         14.684
   936        937      0.0892546       0.303917        14.6816
   937        938      0.0892546       0.303917        14.6792
   938        939      0.0892546       0.303917        14.6769
   939        940      0.0892546       0.303917        14.6745
   940        941      0.0892546       0.303917        14.6721
   941        942      0.0892546       0.303917        14.6698
   942        943      0.0892546       0.303917        14.6674
   943        944      0.0892546       0.303917        14.6651
   944        945      0.0892546       0.303917        14.6627
   945        946      0.0892546       0.303917        14.6604
   946        947      0.0892546       0.303917         14.658
   947        948      0.0892546       0.303917        14.6557
   948        949      0.0892546       0.303917        14.6534
   949        950      0.0892546       0.303917         14.651
   950        951      0.0892546       0.303917        14.6487
   951        952      0.0892546       0.303917        14.6464
   952        953      0.0892546       0.303917         14.644
   953        954      0.0892546       0.303917        14.6417
   954        955      0.0892546       0.303917        14.6394
   955        956      0.0892546       0.303917        14.6371
   956        957      0.0892546       0.303917        14.6348
   957        958      0.0892546       0.303917        14.6325
   958        959      0.0892546       0.303917        14.6302
   959        960      0.0892546       0.303917        14.6279
   960        961      0.0892546       0.303917        14.6256

                           Best        Current           Mean
Iteration   f-count         f(x)         f(x)         temperature
   961        962      0.0892546       0.303917        14.6233
   962        963      0.0892546       0.303917         14.621
   963        964      0.0892546       0.303917        14.6187
   964        965      0.0892546       0.303917        14.6164
   965        966      0.0892546       0.303917        14.6142
   966        967      0.0892546       0.303917        14.6119
   967        968      0.0892546       0.303917        14.6096
   968        969      0.0892546       0.303917        14.6073
   969        970      0.0892546       0.303917        14.6051
   970        971      0.0892546       0.303917        14.6028
   971        972      0.0892546       0.303917        14.6005
   972        973      0.0892546       0.303917        14.5983
   973        974      0.0892546       0.303917         14.596
   974        975      0.0892546       0.303917        14.5938
   975        976      0.0892546       0.303917        14.5915
   976        977      0.0892546       0.303917        14.5893
   977        978      0.0892546       0.303917         14.587
   978        979      0.0892546       0.303917        14.5848
   979        980      0.0892546       0.303917        14.5825
   980        981      0.0892546       0.303917        14.5803
   981        982      0.0892546       0.303917        14.5781
   982        983      0.0892546       0.303917        14.5758
   983        984      0.0892546       0.303917        14.5736
   984        985      0.0892546       0.303917        14.5714
   985        986      0.0892546       0.303917        14.5692
   986        987      0.0892546       0.303917         14.567
   987        988      0.0892546       0.303917        14.5648
   988        989      0.0892546       0.303917        14.5625
   989        990      0.0892546       0.303917        14.5603
   990        991      0.0892546       0.303917        14.5581

                           Best        Current           Mean
Iteration   f-count         f(x)         f(x)         temperature
   991        992      0.0892546       0.303917        14.5559
   992        993      0.0892546       0.303917        14.5537
   993        994      0.0892546       0.303917        14.5515
   994        995      0.0892546       0.303917        14.5493
   995        996      0.0892546       0.303917        14.5472
   996        997      0.0892546       0.303917         14.545
   997        998      0.0892546       0.303917        14.5428
   998        999      0.0892546       0.303917        14.5406
   999       1000      0.0892546       0.303917        14.5384
  1000       1001      0.0892546       0.303917        14.5362
  1001       1002      0.0892546       0.303917        14.5341
  1002       1003      0.0892546       0.303917        14.5319
  1003       1004      0.0892546       0.303917        14.5297
  1004       1005      0.0892546       0.303917        14.5276
  1005       1006      0.0892546       0.303917        14.5254
  1006       1007      0.0892546       0.303917        14.5233
  1007       1008      0.0892546       0.303917        14.5211
  1008       1009      0.0892546       0.303917        14.5189
  1009       1010      0.0892546       0.303917        14.5168
  1010       1011      0.0892546       0.303917        14.5146
  1011       1012      0.0892546       0.303917        14.5125
  1012       1013      0.0892546       0.303917        14.5104
  1013       1014      0.0892546       0.303917        14.5082
  1014       1015      0.0892546       0.303917        14.5061
  1015       1016      0.0892546       0.303917         14.504
  1016       1017      0.0892546       0.303917        14.5018
  1017       1018      0.0892546       0.303917        14.4997
  1018       1019      0.0892546       0.303917        14.4976
  1019       1020      0.0892546       0.303917        14.4955
  1020       1021      0.0892546       0.303917        14.4933

                           Best        Current           Mean
Iteration   f-count         f(x)         f(x)         temperature
  1021       1022      0.0892546       0.303917        14.4912
  1022       1023      0.0892546       0.303917        14.4891
  1023       1024      0.0892546       0.303917         14.487
Optimization terminated: change in best function value less than options.TolFun.

vetor =

    1.0000   30.0000    0.5000    1.3500


	 HdL: 1.000  t1dt0: 30.000  L1dL0: 0.500  Alpha: 1.350
