
Valores Encontrados:

	Tmax: 0.319246.3
	H: 1.000
	L: 1.000
	t1: 0.562
	t0: 0.051
	L1: 0.000
	L0: 0.347
	alfa1: 1.000


Simulated Annealing...
 Double Vector

Diagnostic information.
	objective function = @sa_cav_y_2dof
	X0 = [  0.001 1 ]
Modified options:
	options.TemperatureFcn = @temperaturefast
	options.StallIterLimit = 10
	options.Display = 'diagnose'
	options.DisplayInterval = 1 
End of diagnostic information.


                           Best        Current           Mean
Iteration   f-count         f(x)         f(x)         temperature
     0          1       0.319246       0.319246            100
     1          2       0.279119       0.279119             50
     2          3       0.263179       0.263179        33.3333
     3          4       0.218428       0.218428             25
     4          5       0.133855       0.133855             20
     5          6       0.133279       0.133279        16.6667
     6          7       0.133279       0.133279        14.2857
     7          8       0.133279       0.133279           12.5
     8          9       0.133279       0.133284        11.1111
     9         10       0.133269       0.133269             10
    10         11      0.0971684      0.0971684        9.09091
    11         12      0.0955254      0.0955254        8.33333
    12         13      0.0924665      0.0924665        7.69231
    13         14      0.0924665      0.0924665        7.14286
    14         15      0.0924665       0.113767        6.66667
    15         16      0.0814271      0.0814271           6.25
    16         17      0.0814271      0.0814271        5.88235
    17         18      0.0814271      0.0814271        5.55556
    18         19      0.0814271      0.0814271        5.26316
    19         20      0.0814271      0.0814271              5
    20         21       0.080965       0.080965         4.7619
    21         22       0.080965       0.080965        4.54545
    22         23       0.080965       0.080965        4.34783
    23         24       0.080965       0.080965        4.16667
    24         25       0.080965       0.080965              4
    25         26       0.080965       0.080965        3.84615
    26         27       0.080965       0.240259         3.7037
    27         28       0.080965       0.239199        3.57143
    28         29       0.080965       0.161183        3.44828
    29         30       0.080965       0.161183        3.33333
    30         31       0.080965       0.139843        3.22581
Optimization terminated: change in best function value less than options.TolFun.
 
	HdL: 1.000  L1dL0: 0.182  t1dt0: 11.000  Alpha: 1.484
Valores Encontrados:

	Tmax: 0.080965.3
	H: 1.000
	L: 1.000
	t1: 0.166
	t0: 0.015
	L1: 0.150
	L0: 0.824
	alfa1: 1.484

